 Albemarle Pamlico V20051108  ! 3  ADCIRC V45.08             APES_and_Core_Sound_3_30
          9          3  0.1800000E+005      600     2 FileFmtVersion:    1050624
     1.8000000000E+004            600
         1     1.3126785257E-016  -6.0828653893E-001
         2     1.3126785257E-016  -6.0828653893E-001
         3     1.3126785257E-016  -6.0828653893E-001
     3.6000000000E+004           1200
         1     0.0000000000E+000  -2.1060193394E+000
         2     0.0000000000E+000  -2.1060193394E+000
         3     0.0000000000E+000  -2.1060193393E+000
     5.4000000000E+004           1800
         1    -1.5117910480E+000  -8.7283296850E-001
         2    -1.5117910480E+000  -8.7283296850E-001
         3    -1.5117910480E+000  -8.7283296850E-001
     7.2000000000E+004           2400
         1    -2.2506951976E+000  -8.1918605832E-001
         2    -2.2506951976E+000  -8.1918605832E-001
         3    -2.2506951976E+000  -8.1918605832E-001
     9.0000000000E+004           3000
         1    -9.9752202938E-001  -1.7277588366E+000
         2    -9.9752202938E-001  -1.7277588366E+000
         3    -9.9752202938E-001  -1.7277588365E+000
     1.0800000000E+005           3600
         1    -1.3050734307E+000  -1.5553259496E+000
         2    -1.3050734307E+000  -1.5553259496E+000
         3    -1.3050734307E+000  -1.5553259496E+000
     1.2600000000E+005           4200
         1    -4.8062059355E+000   1.7493159003E+000
         2    -4.8062059355E+000   1.7493159003E+000
         3    -4.8062059355E+000   1.7493159003E+000
     1.4400000000E+005           4800
         1    -3.3755031317E+000   1.2285826656E+000
         2    -3.3755031317E+000   1.2285826656E+000
         3    -3.3755031317E+000   1.2285826656E+000
     1.6200000000E+005           5400
         1    -1.2303519919E+000   3.3803643157E+000
         2    -1.2303519919E+000   3.3803643157E+000
         3    -1.2303519919E+000   3.3803643157E+000
