 Albemarle Pamlico V20051108  ! 3  ADCIRC V45.08             APES_and_Core_Sound_3_30
          9          3  0.1800000E+005      600     1 FileFmtVersion:    1050624
     1.8000000000E+004            600
         1     1.0326197757E+001
         2     1.0326197757E+001
         3     1.0326197757E+001
     3.6000000000E+004           1200
         1     1.0326197757E+001
         2     1.0326197757E+001
         3     1.0326197757E+001
     5.4000000000E+004           1800
         1     1.0326197757E+001
         2     1.0326197757E+001
         3     1.0326197757E+001
     7.2000000000E+004           2400
         1     1.0326197757E+001
         2     1.0326197757E+001
         3     1.0326197757E+001
     9.0000000000E+004           3000
         1     1.0326197757E+001
         2     1.0326197757E+001
         3     1.0326197757E+001
     1.0800000000E+005           3600
         1     1.0326197757E+001
         2     1.0326197757E+001
         3     1.0326197757E+001
     1.2600000000E+005           4200
         1     1.0326197757E+001
         2     1.0326197757E+001
         3     1.0326197757E+001
     1.4400000000E+005           4800
         1     1.0326197757E+001
         2     1.0326197757E+001
         3     1.0326197757E+001
     1.6200000000E+005           5400
         1     1.0326197757E+001
         2     1.0326197757E+001
         3     1.0326197757E+001
