 Albemarle Pamlico V20051108  ! 3  ADCIRC V45.08             APES_and_Core_Sound_3_30
          9          3  0.1800000E+005   600     2 FileFmtVersion:    1050624
     1.8000000000E+004            600
         1    -5.3107333320E-004  -1.3141036755E-004
         2    -6.7971709453E-004  -5.6694495697E-004
         3    -5.8587737138E-005  -4.9437130655E-004
     3.6000000000E+004           1200
         1    -2.5316409142E-003  -3.5995042747E-004
         2    -2.1732016337E-003  -1.7218786515E-003
         3    -8.8216914719E-004  -2.9468992924E-003
     5.4000000000E+004           1800
         1    -7.3433645569E-003   7.5578047063E-003
         2    -3.3835347659E-003   1.6662239463E-003
         3     2.0495400365E-004   7.5054802354E-004
     7.2000000000E+004           2400
         1     7.3332146219E-003   3.5158717384E-003
         2     1.1995458577E-002   1.1822048807E-002
         3     5.4395061744E-003   7.0190454902E-003
     9.0000000000E+004           3000
         1     5.4106060511E-003   6.0553668972E-003
         2     1.4396777856E-002   1.5174562777E-002
         3     1.0326783668E-002   1.1245122380E-002
     1.0800000000E+005           3600
         1    -4.7373371571E-003   3.2995378589E-003
         2    -7.7017645602E-004   6.8914479886E-003
         3     4.0837886985E-003   7.1182653248E-003
     1.2600000000E+005           4200
         1    -1.6738715167E-002   4.6756378711E-003
         2    -9.0312503934E-003   2.9014701112E-003
         3     6.2163749537E-003   8.7043585258E-003
     1.4400000000E+005           4800
         1     4.1288413337E-002  -2.4529239592E-003
         2     4.9771478444E-002   3.4448254239E-002
         3     2.7348317660E-002   2.2363889938E-002
     1.6200000000E+005           5400
         1     9.7685622513E-003   2.2610750831E-003
         2     2.0047277026E-002   2.5880433309E-002
         3     7.3239782679E-003   1.7565119481E-002
