 Albemarle Pamlico V20051108  ! 3  ADCIRC V45.08             APES_and_Core_Sound_3_30
          9          3  0.1800000E+005   600     1 FileFmtVersion:    1050624
     1.8000000000E+004            600
         1     4.2203374173E-004
         2     1.5946194201E-004
         3    -3.6309464856E-004
     3.6000000000E+004           1200
         1     2.5086396393E-003
         2     9.3146869417E-004
         3    -1.6251040207E-003
     5.4000000000E+004           1800
         1     7.8519214831E-003
         2     3.5136367921E-003
         3    -2.9217411672E-003
     7.2000000000E+004           2400
         1     7.2328051025E-003
         2     1.0111063978E-003
         3    -3.9450708596E-003
     9.0000000000E+004           3000
         1     2.3854162919E-003
         2     1.8370868479E-003
         3     1.9811752446E-003
     1.0800000000E+005           3600
         1     4.3310024927E-003
         2     1.4695804030E-003
         3    -2.9643940340E-003
     1.2600000000E+005           4200
         1     1.5822165811E-002
         2    -1.1111400729E-003
         3    -2.0228877366E-002
     1.4400000000E+005           4800
         1     6.2264222186E-003
         2    -9.9002654429E-003
         3    -1.8767483705E-002
     1.6200000000E+005           5400
         1    -1.2014596029E-002
         2    -5.9752316194E-003
         3     2.6682962246E-003
