           1
     0.1405257000E-03  1.0000000   0.00000000  M2       
          63
           1
   0.00000000E+000      0.0000   0.00000000E+000      0.0000
           2
   2.51149100E-001    115.5623   0.00000000E+000      0.0000
           3
   3.02261961E-001    111.6300   0.00000000E+000      0.0000
           4
   2.91139910E-001    108.9462   0.00000000E+000      0.0000
           5
   2.67074126E-001    105.7710   0.00000000E+000      0.0000
           6
   2.32348694E-001    103.9514   0.00000000E+000      0.0000
           7
   2.04753096E-001    101.2373   0.00000000E+000      0.0000
           8
   2.12411994E-007    204.7123   1.06787346E-006     24.7123
           9
   2.40348162E-001    114.3174   4.78082446E-002    114.3176
          10
   2.92187764E-001    111.1318   5.81196942E-002    111.1318
          11
   2.88108667E-001    109.0331   5.73083747E-002    109.0332
          12
   2.61826113E-001    105.8407   5.20803800E-002    105.8407
          13
   2.31155072E-001    104.0399   4.59796154E-002    104.0399
          14
   2.04643338E-001    101.2018   4.07059490E-002    101.2018
          15
   1.56246902E-006    152.5816   3.77211740E-006    332.5816
          16
   2.32032403E-001    115.5623   9.61109968E-002    115.5624
          17
   2.79253816E-001    111.6300   1.15670711E-001    111.6300
          18
   2.68978066E-001    108.9462   1.11414485E-001    108.9462
          19
   2.46743919E-001    105.7710   1.02204720E-001    105.7709
          20
   2.14661909E-001    103.9514   8.89162124E-002    103.9514
          21
   1.89166267E-001    101.2373   7.83554613E-002    101.2373
          22
   2.24775342E-006    149.7795   3.36392477E-006    329.7795
          23
   2.03758396E-001    114.3172   1.36147592E-001    114.3175
          24
   2.47704395E-001    111.1317   1.65511173E-001    111.1318
          25
   2.44246523E-001    109.0331   1.63200501E-001    109.0331
          26
   2.21965619E-001    105.8407   1.48313043E-001    105.8407
          27
   1.95963912E-001    104.0399   1.30939497E-001    104.0399
          28
   1.73488035E-001    101.2018   1.15921663E-001    101.2018
          29
   1.56972422E-017    177.5807   1.56972422E-017    357.5807
          30
   1.77590729E-001    115.5621   1.77590729E-001    115.5621
          31
   2.13731666E-001    111.6299   2.13731666E-001    111.6299
          32
   2.05866966E-001    108.9462   2.05866966E-001    108.9462
          33
   1.88850187E-001    105.7709   1.88850187E-001    105.7709
          34
   1.64295618E-001    103.9514   1.64295618E-001    103.9514
          35
   1.44782543E-001    101.2373   1.44782543E-001    101.2373
          36
   3.36392477E-006    329.7795   2.24775342E-006    149.7795
          37
   1.36147592E-001    114.3175   2.03758396E-001    114.3172
          38
   1.65511173E-001    111.1318   2.47704395E-001    111.1317
          39
   1.63200501E-001    109.0331   2.44246523E-001    109.0331
          40
   1.48313043E-001    105.8407   2.21965619E-001    105.8407
          41
   1.30939497E-001    104.0399   1.95963912E-001    104.0399
          42
   1.15921663E-001    101.2018   1.73488035E-001    101.2018
          43
   3.77211740E-006    332.5816   1.56246902E-006    152.5816
          44
   9.61109968E-002    115.5624   2.32032403E-001    115.5623
          45
   1.15670711E-001    111.6300   2.79253816E-001    111.6300
          46
   1.11414485E-001    108.9462   2.68978066E-001    108.9462
          47
   1.02204720E-001    105.7709   2.46743919E-001    105.7710
          48
   8.89162124E-002    103.9514   2.14661909E-001    103.9514
          49
   7.83554613E-002    101.2373   1.89166267E-001    101.2373
          50
   1.06787346E-006     24.7123   2.12411994E-007    204.7123
          51
   4.78082446E-002    114.3176   2.40348162E-001    114.3174
          52
   5.81196942E-002    111.1318   2.92187764E-001    111.1318
          53
   5.73083747E-002    109.0332   2.88108667E-001    109.0331
          54
   5.20803800E-002    105.8407   2.61826113E-001    105.8407
          55
   4.59796154E-002    104.0399   2.31155072E-001    104.0399
          56
   4.07059490E-002    101.2018   2.04643338E-001    101.2018
          57
   0.00000000E+000      0.0000   0.00000000E+000      0.0000
          58
   0.00000000E+000      0.0000   2.51149100E-001    115.5623
          59
   0.00000000E+000      0.0000   3.02261961E-001    111.6300
          60
   0.00000000E+000      0.0000   2.91139910E-001    108.9462
          61
   0.00000000E+000      0.0000   2.67074126E-001    105.7710
          62
   0.00000000E+000      0.0000   2.32348694E-001    103.9514
          63
   0.00000000E+000      0.0000   2.04753096E-001    101.2373
