           1
     0.1405257000E-03  1.0000000   0.00000000  M2       
          63
           1
   6.16410235E-001     27.0148
           2
   5.82162205E-001     21.6739
           3
   5.17651353E-001     16.4412
           4
   4.57016189E-001     10.6576
           5
   3.99641409E-001      6.7659
           6
   3.47450379E-001      2.5929
           7
   3.04715709E-001      0.0011
           8
   6.26033021E-001     25.2610
           9
   5.83342227E-001     21.1178
          10
   5.22203274E-001     16.3998
          11
   4.59571478E-001     10.8698
          12
   4.01618414E-001      6.8380
          13
   3.49145699E-001      2.7216
          14
   3.04715709E-001      0.0011
          15
   6.16410481E-001     27.0149
          16
   5.82161937E-001     21.6738
          17
   5.17651099E-001     16.4411
          18
   4.57016147E-001     10.6576
          19
   3.99641172E-001      6.7659
          20
   3.47450027E-001      2.5929
          21
   3.04715709E-001      0.0011
          22
   6.26034116E-001     25.2611
          23
   5.83341582E-001     21.1178
          24
   5.22203560E-001     16.3998
          25
   4.59571702E-001     10.8698
          26
   4.01618177E-001      6.8380
          27
   3.49145240E-001      2.7215
          28
   3.04715709E-001      0.0011
          29
   6.16412666E-001     27.0150
          30
   5.82161825E-001     21.6738
          31
   5.17651337E-001     16.4412
          32
   4.57016855E-001     10.6577
          33
   3.99641007E-001      6.7659
          34
   3.47450416E-001      2.5929
          35
   3.04715709E-001      0.0011
          36
   6.26034116E-001     25.2611
          37
   5.83341582E-001     21.1178
          38
   5.22203560E-001     16.3998
          39
   4.59571702E-001     10.8698
          40
   4.01618177E-001      6.8380
          41
   3.49145240E-001      2.7215
          42
   3.04715709E-001      0.0011
          43
   6.16410481E-001     27.0149
          44
   5.82161937E-001     21.6738
          45
   5.17651099E-001     16.4411
          46
   4.57016147E-001     10.6576
          47
   3.99641172E-001      6.7659
          48
   3.47450027E-001      2.5929
          49
   3.04715709E-001      0.0011
          50
   6.26033021E-001     25.2610
          51
   5.83342227E-001     21.1178
          52
   5.22203274E-001     16.3998
          53
   4.59571478E-001     10.8698
          54
   4.01618414E-001      6.8380
          55
   3.49145699E-001      2.7216
          56
   3.04715709E-001      0.0011
          57
   6.16410235E-001     27.0148
          58
   5.82162205E-001     21.6739
          59
   5.17651353E-001     16.4412
          60
   4.57016189E-001     10.6576
          61
   3.99641409E-001      6.7659
          62
   3.47450379E-001      2.5929
          63
   3.04715709E-001      0.0011
