  QUARTER ANNULUS 3D V20060126      ADCIRC V45.12             Quarter Annular Grid - 
          1         63  0.1000000E+001        1     1 FileFmtVersion:    1050624
     4.3192428800E+005           2473
         1     1.4655391253E-001
         2     1.7349289306E-001
         3     2.2713564715E-001
         4     2.7531267034E-001
         5     2.9481132184E-001
         6     3.1099431194E-001
         7     3.0474510070E-001
         8     1.5166252985E-001
         9     1.6882274570E-001
        10     2.3299945707E-001
        11     2.7057310933E-001
        12     2.9628709364E-001
        13     3.0819004846E-001
        14     3.0474510070E-001
        15     1.4655376397E-001
        16     1.7349314358E-001
        17     2.2713588519E-001
        18     2.7531275398E-001
        19     2.9481148313E-001
        20     3.1099431313E-001
        21     3.0474510070E-001
        22     1.5166236983E-001
        23     1.6882301493E-001
        24     2.3299917807E-001
        25     2.7057300476E-001
        26     2.9628714594E-001
        27     3.0818999296E-001
        28     3.0474510070E-001
        29     1.4655328978E-001
        30     1.7349294888E-001
        31     2.2713537004E-001
        32     2.7531243385E-001
        33     2.9481141589E-001
        34     3.1099420791E-001
        35     3.0474510070E-001
        36     1.5166236983E-001
        37     1.6882301493E-001
        38     2.3299917807E-001
        39     2.7057300476E-001
        40     2.9628714594E-001
        41     3.0818999296E-001
        42     3.0474510070E-001
        43     1.4655376397E-001
        44     1.7349314358E-001
        45     2.2713588519E-001
        46     2.7531275398E-001
        47     2.9481148313E-001
        48     3.1099431313E-001
        49     3.0474510070E-001
        50     1.5166252985E-001
        51     1.6882274570E-001
        52     2.3299945707E-001
        53     2.7057310933E-001
        54     2.9628709364E-001
        55     3.0819004846E-001
        56     3.0474510070E-001
        57     1.4655391253E-001
        58     1.7349289306E-001
        59     2.2713564715E-001
        60     2.7531267034E-001
        61     2.9481132184E-001
        62     3.1099431194E-001
        63     3.0474510070E-001
