  QUARTER ANNULUS 3D V20060126      ADCIRC V45.12             Quarter Annular Grid - 
          1         63  0.1000000E+001        1     1 FileFmtVersion:    1050624
     4.3192428800E+005           2473
         1     0.0000000000E+000
         2     5.2123565862E-002
         3     8.2427268400E-002
         4     9.3284356701E-002
         5     1.0363761010E-001
         6     1.0270929271E-001
         7     1.0651692165E-001
         8     4.9766851848E-008
         9     5.3525685081E-002
        10     8.0129188161E-002
        11     9.4638487913E-002
        12     1.0237097632E-001
        13     1.0430347471E-001
        14     1.0914617882E-001
        15     1.7934657034E-007
        16     5.2123648282E-002
        17     8.2427253863E-002
        18     9.3284221595E-002
        19     1.0363746315E-001
        20     1.0270924643E-001
        21     1.0651646176E-001
        22     2.8206238536E-007
        23     5.3525886486E-002
        24     8.0129150940E-002
        25     9.4638288835E-002
        26     1.0237111223E-001
        27     1.0430367492E-001
        28     1.0914614038E-001
        29     1.9315317622E-017
        30     5.2123742190E-002
        31     8.2427398034E-002
        32     9.3284104832E-002
        33     1.0363788388E-001
        34     1.0270946609E-001
        35     1.0651692142E-001
        36     2.8206238536E-007
        37     5.3525886486E-002
        38     8.0129150940E-002
        39     9.4638288835E-002
        40     1.0237111223E-001
        41     1.0430367492E-001
        42     1.0914614038E-001
        43     1.7934657033E-007
        44     5.2123648282E-002
        45     8.2427253863E-002
        46     9.3284221595E-002
        47     1.0363746315E-001
        48     1.0270924643E-001
        49     1.0651646176E-001
        50     4.9766851843E-008
        51     5.3525685081E-002
        52     8.0129188161E-002
        53     9.4638487913E-002
        54     1.0237097632E-001
        55     1.0430347471E-001
        56     1.0914617882E-001
        57     0.0000000000E+000
        58     5.2123565862E-002
        59     8.2427268400E-002
        60     9.3284356701E-002
        61     1.0363761010E-001
        62     1.0270929271E-001
        63     1.0651692165E-001
