           1
     0.1405257000E-03  1.0000000   0.00000000  M2       
          63
          22
   0.00000000E+000      0.0000   0.00000000E+000      0.0000
          23
   2.51149100E-001    115.5623   0.00000000E+000      0.0000
          24
   3.02261961E-001    111.6300   0.00000000E+000      0.0000
          29
   2.91139910E-001    108.9462   0.00000000E+000      0.0000
          30
   2.67074126E-001    105.7710   0.00000000E+000      0.0000
          31
   2.32348694E-001    103.9514   0.00000000E+000      0.0000
          32
   2.04753096E-001    101.2373   0.00000000E+000      0.0000
          33
   2.12411994E-007    204.7123   1.06787346E-006     24.7123
          34
   2.40348162E-001    114.3174   4.78082446E-002    114.3176
          35
   2.92187764E-001    111.1318   5.81196942E-002    111.1318
          36
   2.88108667E-001    109.0331   5.73083747E-002    109.0332
          37
   2.61826113E-001    105.8407   5.20803800E-002    105.8407
          38
   2.31155072E-001    104.0399   4.59796154E-002    104.0399
          39
   2.04643338E-001    101.2018   4.07059490E-002    101.2018
          40
   1.56246902E-006    152.5816   3.77211740E-006    332.5816
          41
   2.32032403E-001    115.5623   9.61109968E-002    115.5624
          42
   2.79253816E-001    111.6300   1.15670711E-001    111.6300
          43
   2.68978066E-001    108.9462   1.11414485E-001    108.9462
          44
   2.46743919E-001    105.7710   1.02204720E-001    105.7709
          45
   2.14661909E-001    103.9514   8.89162124E-002    103.9514
          46
   1.89166267E-001    101.2373   7.83554613E-002    101.2373
          47
   2.24775342E-006    149.7795   3.36392477E-006    329.7795
          48
   2.03758396E-001    114.3172   1.36147592E-001    114.3175
          49
   2.47704395E-001    111.1317   1.65511173E-001    111.1318
          50
   2.44246523E-001    109.0331   1.63200501E-001    109.0331
          51
   2.21965619E-001    105.8407   1.48313043E-001    105.8407
          52
   1.95963912E-001    104.0399   1.30939497E-001    104.0399
          53
   1.73488035E-001    101.2018   1.15921663E-001    101.2018
          54
   5.97860775E-017    355.5789   5.97860775E-017    175.5789
          55
   1.77590729E-001    115.5621   1.77590729E-001    115.5621
          56
   2.13731666E-001    111.6299   2.13731666E-001    111.6299
          57
   2.05866966E-001    108.9462   2.05866966E-001    108.9462
          58
   1.88850187E-001    105.7709   1.88850187E-001    105.7709
          59
   1.64295618E-001    103.9514   1.64295618E-001    103.9514
          60
   1.44782543E-001    101.2373   1.44782543E-001    101.2373
          61
   3.36392477E-006    329.7795   2.24775342E-006    149.7795
          62
   1.36147592E-001    114.3175   2.03758396E-001    114.3172
          63
   1.65511173E-001    111.1318   2.47704395E-001    111.1317
         929
   1.63200501E-001    109.0331   2.44246523E-001    109.0331
           0
   1.48313043E-001    105.8407   2.21965619E-001    105.8407
          39
   1.30939497E-001    104.0399   1.95963912E-001    104.0399
          14
   1.15921663E-001    101.2018   1.73488035E-001    101.2018
           0
   3.77211740E-006    332.5816   1.56246902E-006    152.5816
           0
   9.61109968E-002    115.5624   2.32032403E-001    115.5623
           0
   1.15670711E-001    111.6300   2.79253816E-001    111.6300
           0
   1.11414485E-001    108.9462   2.68978066E-001    108.9462
          40
   1.02204720E-001    105.7709   2.46743919E-001    105.7710
          15
   8.89162124E-002    103.9514   2.14661909E-001    103.9514
           0
   7.83554613E-002    101.2373   1.89166267E-001    101.2373
           0
   1.06787346E-006     24.7123   2.12411994E-007    204.7123
           0
   4.78082446E-002    114.3176   2.40348162E-001    114.3174
           0
   5.81196942E-002    111.1318   2.92187764E-001    111.1318
          41
   5.73083747E-002    109.0332   2.88108667E-001    109.0331
          16
   5.20803800E-002    105.8407   2.61826113E-001    105.8407
           0
   4.59796154E-002    104.0399   2.31155072E-001    104.0399
           0
   4.07059490E-002    101.2018   2.04643338E-001    101.2018
           0
   0.00000000E+000      0.0000   0.00000000E+000      0.0000
           0
   0.00000000E+000      0.0000   2.51149100E-001    115.5623
          42
   0.00000000E+000      0.0000   3.02261961E-001    111.6300
          17
   0.00000000E+000      0.0000   2.91139910E-001    108.9462
           0
   0.00000000E+000      0.0000   2.67074126E-001    105.7710
           0
   0.00000000E+000      0.0000   2.32348694E-001    103.9514
           0
   0.00000000E+000      0.0000   2.04753096E-001    101.2373
