           1
     0.1405257000E-03  1.0000000   0.00000000  M2       
          63
          22
   6.16410235E-001     27.0148
          23
   5.82162205E-001     21.6739
          24
   5.17651353E-001     16.4412
          29
   4.57016189E-001     10.6576
          30
   3.99641409E-001      6.7659
          31
   3.47450379E-001      2.5929
          32
   3.04715709E-001      0.0011
          33
   6.26033021E-001     25.2610
          34
   5.83342227E-001     21.1178
          35
   5.22203274E-001     16.3998
          36
   4.59571478E-001     10.8698
          37
   4.01618414E-001      6.8380
          38
   3.49145699E-001      2.7216
          39
   3.04715709E-001      0.0011
          40
   6.16410481E-001     27.0149
          41
   5.82161937E-001     21.6738
          42
   5.17651099E-001     16.4411
          43
   4.57016147E-001     10.6576
          44
   3.99641172E-001      6.7659
          45
   3.47450027E-001      2.5929
          46
   3.04715709E-001      0.0011
          47
   6.26034116E-001     25.2611
          48
   5.83341582E-001     21.1178
          49
   5.22203560E-001     16.3998
          50
   4.59571702E-001     10.8698
          51
   4.01618177E-001      6.8380
          52
   3.49145240E-001      2.7215
          53
   3.04715709E-001      0.0011
          54
   6.16412666E-001     27.0150
          55
   5.82161825E-001     21.6738
          56
   5.17651337E-001     16.4412
          57
   4.57016855E-001     10.6577
          58
   3.99641007E-001      6.7659
          59
   3.47450416E-001      2.5929
          60
   3.04715709E-001      0.0011
          61
   6.26034116E-001     25.2611
          62
   5.83341582E-001     21.1178
          63
   5.22203560E-001     16.3998
         929
   4.59571702E-001     10.8698
           0
   4.01618177E-001      6.8380
          39
   3.49145240E-001      2.7215
          14
   3.04715709E-001      0.0011
           0
   6.16410481E-001     27.0149
           0
   5.82161937E-001     21.6738
           0
   5.17651099E-001     16.4411
           0
   4.57016147E-001     10.6576
          40
   3.99641172E-001      6.7659
          15
   3.47450027E-001      2.5929
           0
   3.04715709E-001      0.0011
           0
   6.26033021E-001     25.2610
           0
   5.83342227E-001     21.1178
           0
   5.22203274E-001     16.3998
          41
   4.59571478E-001     10.8698
          16
   4.01618414E-001      6.8380
           0
   3.49145699E-001      2.7216
           0
   3.04715709E-001      0.0011
           0
   6.16410235E-001     27.0148
           0
   5.82162205E-001     21.6739
          42
   5.17651353E-001     16.4412
          17
   4.57016189E-001     10.6576
           0
   3.99641409E-001      6.7659
           0
   3.47450379E-001      2.5929
           0
   3.04715709E-001      0.0011
