  QUARTER ANNULAR TEST V20051108    ADCIRC V45.07             Quarter Annular Grid - 
          2         63  0.1000000E+001        1     1 FileFmtVersion:    1050624
     4.3192428800E+005           2473
         1     0.0000000000E+000
         2     2.4614416394E-001
         3     2.9691652173E-001
         4     2.9015857101E-001
         5     2.7307343151E-001
         6     2.4013552500E-001
         7     2.1190235587E-001
         8     1.2173704408E-006
         9     2.4031042927E-001
        10     2.9268204111E-001
        11     2.9245291086E-001
        12     2.7278982508E-001
        13     2.4369873768E-001
        14     2.1609335668E-001
        15     4.1791405114E-006
        16     2.4614517438E-001
        17     2.9691673966E-001
        18     2.9015846785E-001
        19     2.7307306196E-001
        20     2.4013536162E-001
        21     2.1190149003E-001
        22     4.1010099477E-006
        23     2.4031214351E-001
        24     2.9268179265E-001
        25     2.9245268129E-001
        26     2.7279020989E-001
        27     2.4369922866E-001
        28     2.1609347760E-001
        29     3.2439329001E-016
        30     2.4614642178E-001
        31     2.9691682866E-001
        32     2.9015848241E-001
        33     2.7307378455E-001
        34     2.4013593892E-001
        35     2.1190258709E-001
        36     4.1010099477E-006
        37     2.4031214351E-001
        38     2.9268179265E-001
        39     2.9245268129E-001
        40     2.7279020989E-001
        41     2.4369922866E-001
        42     2.1609347760E-001
        43     4.1791405116E-006
        44     2.4614517438E-001
        45     2.9691673966E-001
        46     2.9015846785E-001
        47     2.7307306196E-001
        48     2.4013536162E-001
        49     2.1190149003E-001
        50     1.2173704407E-006
        51     2.4031042927E-001
        52     2.9268204111E-001
        53     2.9245291086E-001
        54     2.7278982508E-001
        55     2.4369873768E-001
        56     2.1609335668E-001
        57     0.0000000000E+000
        58     2.4614416394E-001
        59     2.9691652173E-001
        60     2.9015857101E-001
        61     2.7307343151E-001
        62     2.4013552500E-001
        63     2.1190235587E-001
     4.3192428800E+005           2473
         1    -9.9999000000E+004
         2     3.9332531200E+005
         3     3.9349996800E+005
         4     4.1515731200E+005
         5     4.1463334400E+005
         6     4.1428403200E+005
         7     4.1410937600E+005
         8     4.2965376000E+005
         9     3.9315065600E+005
        10     3.9349996800E+005
        11     4.1515731200E+005
        12     4.1463334400E+005
        13     4.1445868800E+005
        14     4.1410937600E+005
        15     3.9769171200E+005
        16     3.9332531200E+005
        17     3.9349996800E+005
        18     4.1515731200E+005
        19     4.1463334400E+005
        20     4.1428403200E+005
        21     4.1410937600E+005
        22     3.9734240000E+005
        23     3.9315065600E+005
        24     3.9349996800E+005
        25     4.1515731200E+005
        26     4.1463334400E+005
        27     4.1445868800E+005
        28     4.1410937600E+005
        29     3.4145248000E+005
        30     3.9332531200E+005
        31     3.9349996800E+005
        32     4.1515731200E+005
        33     4.1463334400E+005
        34     4.1428403200E+005
        35     4.1410937600E+005
        36     3.9734240000E+005
        37     3.9315065600E+005
        38     3.9349996800E+005
        39     4.1515731200E+005
        40     4.1463334400E+005
        41     4.1445868800E+005
        42     4.1410937600E+005
        43     3.9769171200E+005
        44     3.9332531200E+005
        45     3.9349996800E+005
        46     4.1515731200E+005
        47     4.1463334400E+005
        48     4.1428403200E+005
        49     4.1410937600E+005
        50     4.2965376000E+005
        51     3.9315065600E+005
        52     3.9349996800E+005
        53     4.1515731200E+005
        54     4.1463334400E+005
        55     4.1445868800E+005
        56     4.1410937600E+005
        57    -9.9999000000E+004
        58     3.9332531200E+005
        59     3.9349996800E+005
        60     4.1515731200E+005
        61     4.1463334400E+005
        62     4.1428403200E+005
        63     4.1410937600E+005
