  QUARTER ANNULAR TEST V20051108    ADCIRC V45.07             Quarter Annular Grid - 
          2         63  0.1000000E+001        1     1 FileFmtVersion:    1050624
     8.6400000000E+005           7200
         1     6.4629170535E-001
         2     6.0413310840E-001
         3     5.2829924031E-001
         4     4.5966044957E-001
         5     3.9930189217E-001
         6     3.4671865180E-001
         7     3.0479988969E-001
         8     6.5554127940E-001
         9     6.0500540961E-001
        10     5.3285154390E-001
        11     4.6250636933E-001
        12     4.0090007272E-001
        13     3.4840912573E-001
        14     3.0479988969E-001
        15     6.4629199952E-001
        16     6.0413272076E-001
        17     5.2829892399E-001
        18     4.5966039449E-001
        19     3.9930165162E-001
        20     3.4671830851E-001
        21     3.0479988969E-001
        22     6.5554239377E-001
        23     6.0500460944E-001
        24     5.3285188687E-001
        25     4.6250662820E-001
        26     4.0089985480E-001
        27     3.4840868359E-001
        28     3.0479988969E-001
        29     6.4629420468E-001
        30     6.0413249470E-001
        31     5.2829926258E-001
        32     4.5966117870E-001
        33     3.9930150107E-001
        34     3.4671870506E-001
        35     3.0479988969E-001
        36     6.5554239377E-001
        37     6.0500460944E-001
        38     5.3285188687E-001
        39     4.6250662820E-001
        40     4.0089985480E-001
        41     3.4840868359E-001
        42     3.0479988969E-001
        43     6.4629199952E-001
        44     6.0413272076E-001
        45     5.2829892399E-001
        46     4.5966039449E-001
        47     3.9930165162E-001
        48     3.4671830851E-001
        49     3.0479988969E-001
        50     6.5554127940E-001
        51     6.0500540961E-001
        52     5.3285154390E-001
        53     4.6250636933E-001
        54     4.0090007272E-001
        55     3.4840912573E-001
        56     3.0479988969E-001
        57     6.4629170535E-001
        58     6.0413310840E-001
        59     5.2829924031E-001
        60     4.5966044957E-001
        61     3.9930189217E-001
        62     3.4671865180E-001
        63     3.0479988969E-001
     8.6400000000E+005           7200
         1     8.5272000000E+005
         2     7.6284000000E+005
         3     7.1772000000E+005
         4     7.6176000000E+005
         5     8.5056000000E+005
         6     7.1580000000E+005
         7     6.7068000000E+005
         8     8.5248000000E+005
         9     7.1808000000E+005
        10     8.5188000000E+005
        11     6.7236000000E+005
        12     7.6116000000E+005
        13     8.4996000000E+005
        14     6.7068000000E+005
        15     8.5272000000E+005
        16     7.6284000000E+005
        17     7.1772000000E+005
        18     7.6176000000E+005
        19     8.5056000000E+005
        20     7.1580000000E+005
        21     6.7068000000E+005
        22     8.5248000000E+005
        23     7.1808000000E+005
        24     8.5188000000E+005
        25     6.7236000000E+005
        26     7.6116000000E+005
        27     8.4996000000E+005
        28     6.7068000000E+005
        29     8.5272000000E+005
        30     7.6284000000E+005
        31     7.1772000000E+005
        32     7.6176000000E+005
        33     8.5056000000E+005
        34     7.1580000000E+005
        35     6.7068000000E+005
        36     8.5248000000E+005
        37     7.1808000000E+005
        38     8.5188000000E+005
        39     6.7236000000E+005
        40     7.6116000000E+005
        41     8.4996000000E+005
        42     6.7068000000E+005
        43     8.5272000000E+005
        44     7.6284000000E+005
        45     7.1772000000E+005
        46     7.6176000000E+005
        47     8.5056000000E+005
        48     7.1580000000E+005
        49     6.7068000000E+005
        50     8.5248000000E+005
        51     7.1808000000E+005
        52     8.5188000000E+005
        53     6.7236000000E+005
        54     7.6116000000E+005
        55     8.4996000000E+005
        56     6.7068000000E+005
        57     8.5272000000E+005
        58     7.6284000000E+005
        59     7.1772000000E+005
        60     7.6176000000E+005
        61     8.5056000000E+005
        62     7.1580000000E+005
        63     6.7068000000E+005
