adcirc-3d-baroclinic-example
1384 723
1 -160.5100659081 1000.0000000000 50.3560481655
2 -184.0000000000 920.0000000000 55.0000597058
3 -192.0000000000 960.0000000000 55.0000597058
4 -200.0000000000 1000.0000000000 55.0000597058
5 -176.0000000000 880.0000000000 55.0000597058
6 -168.0000000000 840.0000000000 55.0000597058
7 -160.0000000000 800.0000000000 55.0000597058
8 -143.7074336014 958.9497051760 49.3504250699
9 -139.9597016565 917.2737607423 49.8869900710
10 -114.7981802648 1000.0000000000 45.0454932480
11 -197.7671996837 803.9682479254 59.3491006392
12 -189.0038823884 760.4753719022 59.3415090404
13 -219.6182767545 929.3582506655 58.9705669347
14 -207.3114689778 846.4670954685 59.4715603171
15 -215.7922019744 889.1546435300 59.4649045406
16 -243.5700892077 963.4893653064 60.9755938638
17 -239.0740416678 1000.0000000000 59.5953333515
18 -152.0000000000 760.0000000000 55.0000597058
19 -136.4134664892 871.3468994008 50.5475656134
20 -105.9369552344 898.2340042590 46.3701233338
21 -127.8773079808 829.0177670241 50.5393205560
22 -125.6526710849 789.4872126395 51.2058251928
23 -91.0107469073 950.5753865477 43.4551652653
24 -64.6199114863 899.7289079600 41.6190380957
25 -61.8840253764 1000.0000000000 39.0809205492
26 -144.0000000000 720.0000000000 55.0000597058
27 -136.0000000000 680.0000000000 55.0000597058
28 -128.0000000000 640.0000000000 55.0000597058
29 -120.0000000000 600.0000000000 55.0000597058
30 -240.2232151987 814.4221673443 64.0491861620
31 -226.0774801048 773.9418653664 63.3499296384
32 -180.9831421888 717.6450715303 59.4054488340
33 -223.0058430461 732.4807260952 63.9534861283
34 -258.0188848278 914.8327804764 63.7851620186
35 -252.6904138650 864.5356145799 64.3311026915
36 -284.0426628290 823.7124826599 68.8273750095
37 -298.0461075821 952.0089584931 67.5144021638
38 -288.2486821040 1000.0000000000 65.3043596531
39 -112.0000000000 560.0000000000 55.0000597058
40 -112.8162233103 752.2990267233 50.5724582331
41 -88.8887123767 848.9697919889 45.5397502314
42 -90.8285521846 798.3385157035 46.9339737535
43 -104.7399035075 710.2337922141 50.6119371624
44 -96.3758148531 667.5921299726 50.6311948533
45 -87.9497964215 624.9792616225 50.6425163946
46 -79.3125924431 582.7052469204 50.6211292769
47 -41.7809171871 850.9243015702 40.1561362192
48 -10.6801552275 890.2396919749 35.9074199268
49 -31.0946053176 947.5153135405 36.8683675567
50 -0.6328267407 1000.0000000000 32.5646647194
51 -104.0000000000 520.0000000000 55.0000597058
52 -169.2724883680 672.3651468772 59.0941017137
53 -162.3302690879 625.9787849865 59.3679743545
54 -145.1828317305 540.6460800756 59.3584888880
55 -153.6952538231 583.0669272344 59.3618016628
56 -269.1096597148 765.2772170309 68.4629763993
57 -212.8285835028 687.0776488204 63.8268372612
58 -259.1540691684 708.7145699648 68.6154295866
59 -305.4868351256 890.4420910479 69.7320950530
60 -329.5701778631 833.6460390168 73.6084375702
61 -323.6014814002 777.1891937259 74.1775491216
62 -359.1384476126 942.8867303310 74.4326807687
63 -350.1349154913 1000.0000000000 72.2354792052
64 -96.0000000000 480.0000000000 55.0000597058
65 -88.0000000000 440.0000000000 55.0000597058
66 -80.0000000000 400.0000000000 55.0000597058
67 -70.8586562404 540.3143534855 50.6239717299
68 -73.7951152986 754.8382781294 45.9701164383
69 -43.2265188814 802.3618780218 41.4032465072
70 -66.0258216296 707.2410658556 46.1722011204
71 -56.5162162186 660.4491538933 46.1547324549
72 -46.8862112316 614.5795961780 46.1020548101
73 -37.8744402422 568.3258252344 46.1296551907
74 -62.3978997720 497.9544752607 50.6252871944
75 9.3494599558 827.1392429614 35.1206111405
76 48.4304858142 877.5504794556 30.1032793764
77 34.8406838731 940.3601392530 30.2042408539
78 70.2689828455 1000.0000000000 25.7508145364
79 -72.0000000000 360.0000000000 55.0000597058
80 -137.0251386817 498.6011860565 59.3879526399
81 -128.0869498809 456.8464220935 59.3190951119
82 -111.8100339710 371.8361906791 59.4041202207
83 -119.4663803497 413.9729180708 59.3137162510
84 -203.5416652378 641.8237008364 63.7995577569
85 -194.4312229941 596.7848135952 63.7876960352
86 -176.9908410766 505.8901938796 63.8730117718
87 -185.1504554838 550.8550097248 63.7767416570
88 -310.5931411901 719.6867085929 74.0167005421
89 -247.9249805011 655.6658156830 68.5458676781
90 -289.6072814071 668.2309457314 72.8674888186
91 -368.4960388271 874.7181697274 76.8390375339
92 -382.0657247949 802.9682327619 79.6540522731
93 -373.7160083149 730.0790234666 80.2645632733
94 -420.4551606169 921.0464691373 81.0912874284
95 -428.0186752682 1000.0000000000 80.2956022704
96 -53.9249886517 455.6085115198 50.6248512096
97 -45.4602653343 413.3118193605 50.6242198242
98 -64.0000000000 320.0000000000 55.0000597058
99 -36.6765170348 371.3590701984 50.5781191091
100 -34.2900854507 333.9376260620 51.1761652601
101 -28.6743117638 522.2626378904 46.1310999608
102 -31.1973172645 747.9907400138 41.2736015296
103 -0.6053563959 772.5191884684 37.3559003535
104 -27.5256076232 700.7186305859 41.9239416907
105 -12.8088372295 658.6308184335 41.2156658067
106 -4.3720690862 608.8693393050 41.3857348421
107 5.4500599141 558.2853862942 41.4188260593
108 -19.4625095023 476.1717884531 46.1318354159
109 36.7539134867 769.0641264485 33.4692722442
110 68.1682549326 809.3369798134 29.5083261668
111 106.2160096101 853.5267628961 25.1596969048
112 114.9042756439 925.1094662335 23.1864092064
113 152.3419334909 1000.0000000000 19.1318701617
114 -56.0000000000 280.0000000000 55.0000597058
115 -103.8082253869 329.7823189950 59.4520664897
116 -91.1945318019 292.9280612318 58.8370394449
117 -168.4050189620 461.0435863655 63.9173002255
118 -155.1055899308 422.7771695691 63.2643703253
119 -142.9236667145 335.8853759505 63.8653645090
120 -152.6287958613 380.9555228552 63.9451725138
121 -238.9869991019 605.6936195881 68.6645038772
122 -224.3185952634 562.8230203151 67.9787294346
123 -210.5198155359 468.1652439459 68.5565343845
124 -221.4749776291 517.6449564047 68.6754712025
125 -332.0445757448 660.7004648237 77.4902885206
126 -286.5233473765 614.9294080110 73.6831162301
127 -377.1458337753 657.0314553932 81.9943942190
128 -438.8248585301 849.2162947729 84.1338519281
129 -447.3261548969 769.0070200321 86.2758663958
130 -437.0043057385 693.2724725314 86.6820625400
131 -499.8962587169 914.1695337671 88.2089743758
132 -526.0353052196 1000.0000000000 88.9131046479
133 -10.1754126326 429.9755877574 46.1263080665
134 -0.8116829760 383.3423002604 46.1220264079
135 -21.2558776609 295.4428485905 50.5502878945
136 6.6091526336 332.9735114508 46.4286350251
137 15.6083773911 508.9287986344 41.3865951623
138 25.1220533214 712.2021962466 35.8866507511
139 33.1483291202 656.1761035288 36.2263582756
140 41.6041160201 603.8813989646 36.4410882406
141 51.6637882742 550.8905026462 36.4989012978
142 25.5421482071 459.0482926539 41.3913484997
143 85.1732004231 741.7545439166 29.1707208545
144 133.0252316686 786.4510807754 23.9971619160
145 172.5900440278 847.1100026819 19.8798030962
146 205.2905701367 918.5200374420 16.6932662809
147 247.3461268528 1000.0000000000 13.5461108366
148 -15.5071825607 248.9804547836 50.9659191808
149 -48.0000000000 240.0000000000 55.0000597058
150 -88.5594567637 254.1485245911 59.4377628605
151 -130.7054293380 286.4673192897 63.5955494782
152 -197.3954556739 414.3013571663 68.2921104425
153 -178.6672271960 309.0725288590 68.5527097960
154 -189.5217519292 359.5670481980 68.6375694662
155 -250.1808265078 443.9361636920 73.4530514832
156 -272.1409459138 557.4806845286 73.3725600084
157 -263.6152779597 498.9073496898 73.7148713883
158 -343.9378918838 589.9517617653 80.0934307955
159 -423.0335458713 613.2970473167 86.8509780267
160 -520.8331119183 822.5029386969 91.1501439914
161 -523.2842071160 729.6734222736 92.5692159187
162 -497.6762971394 652.0936025769 91.9017406116
163 -602.1950316303 896.6581413958 95.2473211385
164 -649.3891311588 1000.0000000000 96.5469912598
165 -3.6409336876 202.7807526377 50.6578583146
166 35.7625618884 409.1425280539 41.3644837743
167 44.8450009231 359.0324619407 41.4700118816
168 19.6061047929 283.0080581315 46.0814987239
169 22.8345371590 240.2364511301 46.6973406803
170 55.7843428198 307.5210210598 41.3984523318
171 62.7411914401 497.2909043540 36.4605184590
172 90.5682117060 683.8084187240 29.7716487958
173 82.5474795771 639.1820950527 31.4490828393
174 95.5945142173 593.7517982352 31.0527241451
175 102.5329576345 535.2530816748 31.5294769924
176 73.4997599735 443.6498516484 36.4572596830
177 148.7467808086 714.5064662653 23.8835588819
178 203.1407706223 764.9377733914 18.8642586482
179 253.6429428041 828.5331610686 14.9395983807
180 302.5991009234 907.6043067991 12.0549933021
181 357.3189825302 1000.0000000000 10.2806449676
182 -40.0000000000 200.0000000000 55.0000597058
183 -32.0000000000 160.0000000000 55.0000597058
184 -24.0000000000 120.0000000000 55.0000597058
185 -79.8926679191 211.4607018428 59.4226129503
186 -123.6486321700 235.2682965070 63.9633312649
187 -168.0010423802 257.2467407393 68.5188882775
188 -208.3031509418 280.2364973705 72.4660251447
189 -238.7516580287 386.9882829818 73.4487972325
190 -285.2370079765 412.9264970669 77.7700335423
191 -235.0840580882 328.7496275025 74.3022047738
192 -323.0183099412 462.9843213732 80.5292136178
193 -333.2586121658 524.4840523834 80.3290245003
194 -417.1193789046 541.9486763987 87.5386670075
195 -506.4421751741 580.0568204792 93.3953126160
196 -615.9973150124 787.6617939894 96.9459768570
197 -596.5272993216 669.9016067039 97.1177207169
198 -720.5624911403 871.4701621426 99.5555106332
199 -804.6297916610 1000.0000000000 100.0000000000
200 5.7260924226 159.8271621566 50.5668375474
201 37.3538458826 200.0340229342 45.9484071050
202 14.3216408389 116.3421310304 50.5787322673
203 -16.0000000000 80.0000000000 55.0000597058
204 85.5251201323 391.0401971901 36.2960211476
205 89.1530024794 341.5497684334 36.9703700134
206 66.8025593343 251.5998407804 41.4170974889
207 105.9406174221 293.5985432094 36.1967294531
208 114.8424109565 476.4184026537 31.4749687891
209 150.9795547714 517.2777673363 27.1931322162
210 149.8911924709 643.3586004534 25.0152172686
211 152.1247777838 577.0166572952 25.9969541692
212 128.6622778526 419.0917258777 31.2389539663
213 215.5863957951 685.8801579284 19.1019763845
214 280.9091026902 739.3222195871 14.4461195803
215 345.3612575592 808.1967675784 11.3272178950
216 412.4769182368 895.5254337865 10.0109300806
217 484.6189316997 1000.0000000000 10.0000000000
218 -71.5611250929 168.4062537799 59.4553621814
219 -63.0941658767 124.3854430641 59.4948910033
220 -49.0168354462 79.6128368139 58.8940068204
221 -8.0000000000 40.0000000000 55.0000597058
222 -115.3748740315 189.2145332795 64.0714792121
223 -162.1466257374 209.5486014723 68.9323512297
224 -210.2473505786 230.7327262720 73.7434723830
225 -245.9840895241 270.7960494593 76.6608696791
226 -290.0912582796 355.4611119511 79.4098055813
227 -333.6480837454 397.3579004479 82.7830018936
228 -294.8257791515 294.1474406245 81.0673261072
229 -395.6660110513 412.6449053972 87.8951595087
230 -411.9682982386 472.3621742470 88.2434175532
231 -502.2060956890 493.1138861207 94.1805097504
232 -594.1987065545 556.1110480933 97.9046062599
233 -720.8310102546 738.1008725065 99.8893734561
234 -692.2931902853 629.9091377850 99.8250941284
235 -852.8799293766 830.1670418285 100.0000000000
236 -1000.0000000000 1000.0000000000 100.0000000000
237 47.0996388154 152.2477451536 45.9266506683
238 81.3491935299 195.1713534826 41.0513456689
239 57.0350862723 102.0931132007 45.9376682680
240 25.2446519772 72.5833750236 50.3242473563
241 0.0000000000 0.0000000000 55.0000597058
242 28.6001712627 34.1476767976 50.8320814868
243 140.0543210485 354.2841229526 31.3961763250
244 159.4398621290 293.6496916310 30.6724227703
245 126.3959328215 234.2321072843 35.2830015898
246 179.9795592864 465.9418616176 25.4921182824
247 206.8479322717 540.6362000551 21.9575344095
248 217.3194933606 611.4297457104 20.0577618200
249 189.8738962692 395.9207220793 25.8593762481
250 235.5378654120 438.6915244373 21.3015161532
251 290.0101949162 654.3180186031 14.8581225967
252 367.2789064093 711.0515800591 11.2574660899
253 448.2216383250 785.6277914242 10.0000000000
254 537.1548379109 882.1529049392 10.0000000000
255 631.9759950288 1000.0000000000 10.0000000000
256 -28.6001712627 -34.1476767976 59.1680374114
257 -108.7844249849 142.2160676418 64.3953925244
258 -95.1310266356 91.7434641115 63.9849608084
259 -66.8631694407 42.7847433639 61.8424486892
260 -39.3272914066 0.0000000000 59.6250116245
261 -160.5353498337 162.0840629201 69.8122307961
262 -217.3026607021 182.2533689950 75.5189911272
263 -268.6991446717 222.2566154632 79.9269633986
264 -359.8821948820 331.5038480649 86.2806666023
265 -334.0871352800 239.2185209104 85.6534640073
266 -431.4076926880 352.8390730734 91.4638495253
267 -496.3873065737 403.1126950748 94.8663228380
268 -594.3840058034 450.2861430049 98.5958026063
269 -709.6861489430 522.3216260382 100.0000000000
270 -839.4917533994 647.7965042593 100.0000000000
271 -1000.0000000000 800.0000000000 100.0000000000
272 8.0000000000 -40.0000000000 55.0000597058
273 93.6768814852 139.7525113250 40.9120921036
274 130.3550692173 172.0705966235 36.1850784582
275 100.7173121662 91.3149434293 41.2086036420
276 71.9785937642 48.0377119782 45.4613425102
277 39.3272914066 0.0000000000 50.3751071547
278 213.7008028404 337.4799515231 24.7845567983
279 186.4571015737 241.2732514441 29.0562735767
280 226.1417513145 279.3328554811 24.7137766348
281 185.4856367659 183.7436478333 30.2709690301
282 259.5591354080 504.7303251681 18.5593396603
283 286.4352580220 574.3892151418 15.9517887436
284 304.6236067763 463.5219182363 16.1872536327
285 274.6643687163 381.1838453890 19.2346287082
286 333.2687632163 415.1823806280 15.1042382512
287 372.6686002272 617.8738112530 11.6500125035
288 463.9277622710 678.8501154357 10.0000141794
289 564.6027501375 759.5997539465 10.0000000000
290 679.3346695925 866.5217260689 10.0000000000
291 802.5503295407 1000.0000000000 10.0000000000
292 -25.2446519772 -72.5833750236 59.6758714088
293 16.0000000000 -80.0000000000 55.0000597058
294 -71.9785937642 -48.0377119782 64.5387741878
295 -149.9282219599 107.6722027510 69.8428463624
296 -122.4383860395 50.6151995844 68.0420380958
297 -86.3553845880 0.0000000000 65.0871117465
298 -213.3201444602 124.8656716965 76.3008404360
299 -289.4390048146 152.4928652626 83.2223260580
300 -408.7185814999 268.1646830919 91.0624722178
301 -376.5312817991 171.6025535875 90.1349043381
302 -494.9748946140 301.0075728869 95.8552651302
303 -590.3945386881 340.3771628452 99.0726362071
304 -707.4737950711 393.0280753051 100.0000000000
305 -846.7196055175 478.9175899471 100.0000000000
306 -1000.0000000000 600.0000000000 100.0000000000
307 49.0168354462 -79.6128368139 51.1061121432
308 66.8631694407 -42.7847433639 48.1576693339
309 155.4710841023 115.2320187862 34.7262683188
310 129.5433985511 51.5481333319 38.8896772064
311 86.3553845880 0.0000000000 44.9130046264
312 63.0941658767 -124.3854430641 50.5052278111
313 71.5611250929 -168.4062537799 50.5447566435
314 291.1782511217 306.1644697255 19.1269467787
315 258.8137932736 218.1517534281 22.9773036386
316 226.8790150510 132.5046231952 27.2909740112
317 365.3450358227 528.4102111297 12.5409310447
318 388.1935180622 447.8681637436 12.2845085905
319 367.9809836737 351.7996736188 13.9703834668
320 465.6254724989 574.8796497609 10.0580245436
321 573.2356382126 639.1331020866 10.0000000000
322 695.8879998261 726.1183989063 10.0000000000
323 838.9367810945 845.7104571031 10.0000000000
324 1000.0000000000 1000.0000000000 10.0000000000
325 -57.0350862723 -102.0931132007 64.0624486970
326 -14.3216408389 -116.3421310304 59.4213865665
327 24.0000000000 -120.0000000000 55.0000597058
328 32.0000000000 -160.0000000000 55.0000597058
329 40.0000000000 -200.0000000000 55.0000597058
330 -100.7173121662 -91.3149434293 68.7915100233
331 -129.5433985511 -51.5481333319 71.1104342904
332 -184.8457606643 59.2938190612 74.6900592902
333 -142.5921979859 0.0000000000 71.4113290867
334 -257.8146950541 70.2657960060 81.8075887500
335 -341.4158676113 81.8459248130 88.8364353058
336 -471.3177663620 196.9011401565 95.7140908036
337 -439.8840327261 94.5355270291 95.1474209067
338 -579.8120653495 225.2348084694 99.3453289539
339 -703.4005817033 260.2976461593 100.0000000000
340 -845.4490980786 314.5829638950 100.0000000000
341 -1000.0000000000 400.0000000000 100.0000000000
342 79.8926679191 -211.4607018428 50.5775058831
343 48.0000000000 -240.0000000000 55.0000597058
344 95.1310266356 -91.7434641115 46.0151561987
345 122.4383860395 -50.6151995844 41.9580761907
346 191.8113933357 61.6549416421 32.0787687052
347 142.5921979859 0.0000000000 38.5887821007
348 108.7844249849 -142.2160676418 45.6047242555
349 115.3748740315 -189.2145332795 45.9286377480
350 341.4223797113 249.0391853337 16.5557164989
351 303.2743793743 154.3684854303 20.4664403714
352 265.0597935355 71.8096506281 24.9398502355
353 470.1227487790 477.2708871621 10.1826206756
354 459.7733975281 384.7684625075 10.6159922533
355 429.2294214179 284.4129170389 11.9854679947
356 575.1044735163 517.7801639001 10.0000000000
357 698.6035572413 583.3176199514 10.0000000000
358 842.3659078545 676.0879562801 10.0000000000
359 1000.0000000000 800.0000000000 10.0000000000
360 -93.6768814852 -139.7525113250 69.0880213053
361 -47.0996388154 -152.2477451536 64.0734662907
362 -5.7260924226 -159.8271621566 59.4332812832
363 3.6409336876 -202.7807526377 59.3422605398
364 56.0000000000 -280.0000000000 55.0000597058
365 15.5071825607 -248.9804547836 59.0341997499
366 -155.4710841023 -115.2320187862 75.2738382872
367 -191.8113933357 -61.6549416421 77.9213340547
368 -209.8409203391 0.0000000000 78.4964870444
369 -290.2578284973 0.0000000000 85.9980042233
370 -386.4214267256 0.0000000000 93.1468574948
371 -554.1905667779 109.4067088091 99.2952401790
372 -501.4151243943 0.0000000000 98.5095154134
373 -687.9882413448 127.0552443811 100.0000000000
374 -842.1563575419 149.6572148342 100.0000000000
375 -1000.0000000000 200.0000000000 100.0000000000
376 123.6486321700 -235.2682965070 46.0367857539
377 88.5594567637 -254.1485245911 50.5623559690
378 91.1945318019 -292.9280612318 51.1630795318
379 64.0000000000 -320.0000000000 55.0000597058
380 149.9282219599 -107.6722027510 40.1572663665
381 184.8457606643 -59.2938190612 35.3100480836
382 209.8409203391 0.0000000000 31.5036147967
383 160.5353498337 -162.0840629201 40.1878819612
384 162.1466257374 -209.5486014723 41.0677623145
385 390.4741527243 178.1576762593 14.5833278195
386 350.5758159680 83.8898797270 18.0918417126
387 290.2578284973 0.0000000000 24.0020823393
388 488.9905952982 205.1305760391 10.7531909294
389 574.7039243268 403.2199114562 10.0000000000
390 537.8442587335 311.6146766478 10.0000000000
391 699.0167554177 439.7650770579 10.0000000000
392 842.9082234093 506.7460598776 10.0000000000
393 1000.0000000000 600.0000000000 10.0000000000
394 -130.3550692173 -172.0705966235 73.8150300148
395 -81.3491935299 -195.1713534826 68.9487678612
396 -37.3538458826 -200.0340229342 64.0517098659
397 -22.8345371590 -240.2364511301 63.3027766811
398 21.2558776609 -295.4428485905 59.4498309318
399 34.2900854507 -333.9376260620 58.8239537195
400 -19.6061047929 -283.0080581315 63.9186183189
401 -185.4856367659 -183.7436478333 79.7291307348
402 -226.8790150510 -132.5046231952 82.7091200774
403 -265.0597935355 -71.8096506281 85.0602386254
404 -350.5758159680 -83.8898797270 91.9082266031
405 -450.4476393028 -97.3248350342 97.4154334953
406 -638.9261030510 0.0000000000 100.0000000000
407 -566.4403947671 -111.4291111015 99.9804013185
408 -803.3635429671 0.0000000000 100.0000000000
409 -1000.0000000000 0.0000000000 100.0000000000
410 168.0010423802 -257.2467407393 41.4812256181
411 130.7054293380 -286.4673192897 46.4045677347
412 103.8082253869 -329.7823189950 50.5480523360
413 72.0000000000 -360.0000000000 55.0000597058
414 213.3201444602 -124.8656716965 33.6992647505
415 257.8146950541 -70.2657960060 28.1925071602
416 210.2473505786 -230.7327262720 36.2566361772
417 217.3026607021 -182.2533689950 34.4811151481
418 341.4158676113 -81.8459248130 21.1636434168
419 450.4476393028 97.3248350342 12.5846063910
420 386.4214267256 0.0000000000 16.8532058488
421 596.5866262712 223.4861494222 10.0000000000
422 566.4403947671 111.4291111015 10.0196022055
423 693.1179119056 295.1828874400 10.0000000000
424 842.2724067705 337.6978971814 10.0000000000
425 1000.0000000000 400.0000000000 10.0000000000
426 36.6765170348 -371.3590701984 59.4219997245
427 80.0000000000 -400.0000000000 55.0000597058
428 -186.4571015737 -241.2732514441 80.9438239917
429 -126.3959328215 -234.2321072843 74.7171057491
430 -66.8025593343 -251.5998407804 68.5830163530
431 -6.6091526336 -332.9735114508 63.5714822003
432 -55.7843428198 -307.5210210598 68.6016614944
433 -258.8137932736 -218.1517534281 87.0227802561
434 -303.2743793743 -154.3684854303 89.5336361896
435 -390.4741527243 -178.1576762593 95.4167246847
436 -488.9905952982 -205.1305760391 99.2468308266
437 -698.7638823650 -135.4196917428 100.0000000000
438 -596.5866262712 -223.4861494222 100.0000000000
439 -841.5507531126 -165.0380759997 100.0000000000
440 -1000.0000000000 -200.0000000000 100.0000000000
441 208.3031509418 -280.2364973705 37.5340849054
442 178.6672271960 -309.0725288590 41.4474040713
443 142.9236667145 -335.8853759505 46.1347525623
444 111.8100339710 -371.8361906791 50.5959986176
445 245.9840895241 -270.7960494593 33.3392349884
446 289.4390048146 -152.4928652626 26.7777669503
447 268.6991446717 -222.2566154632 30.0731360190
448 376.5312817991 -171.6025535875 19.8651702717
449 439.8840327261 -94.5355270291 14.8526330328
450 501.4151243943 0.0000000000 11.4905150652
451 698.7638823650 135.4196917428 10.0000000000
452 638.9261030510 0.0000000000 10.0000000000
453 841.5507531126 165.0380759997 10.0000000000
454 1000.0000000000 200.0000000000 10.0000000000
455 119.4663803497 -413.9729180708 50.6864026106
456 0.8116829760 -383.3423002603 63.8780906566
457 45.4602653343 -413.3118193605 59.3758990215
458 88.0000000000 -440.0000000000 55.0000597058
459 -226.1417513145 -279.3328554811 85.2863116840
460 -159.4398621290 -293.6496916310 79.3276776872
461 -105.9406174221 -293.5985432094 73.8033790341
462 -44.8450009231 -359.0324619407 68.5301020046
463 -89.1530024794 -341.5497684334 73.0297393947
464 -291.1782511217 -306.1644697255 90.8731253151
465 -341.4223797113 -249.0391853337 93.4443455653
466 -429.2294214179 -284.4129170389 98.0145670838
467 -537.8442587335 -311.6146766478 100.0000000000
468 -693.1179119056 -295.1828874400 100.0000000000
469 -842.2724067705 -337.6978971814 100.0000000000
470 -1000.0000000000 -400.0000000000 100.0000000000
471 235.0840580882 -328.7496275025 35.6979030947
472 189.5217519292 -359.5670481980 41.3625443298
473 152.6287958613 -380.9555228552 46.0549445147
474 155.1055899308 -422.7771695691 46.7357470552
475 294.8257791515 -294.1474406245 28.9327712292
476 334.0871352800 -239.2185209104 24.3466234150
477 408.7185814999 -268.1646830919 18.9375992077
478 471.3177663620 -196.9011401565 14.2859600571
479 554.1905667779 -109.4067088091 10.7047808719
480 687.9882413448 -127.0552443811 10.0000000000
481 803.3635429671 0.0000000000 10.0000000000
482 1000.0000000000 0.0000000000 10.0000000000
483 128.0869498809 -456.8464220935 50.6810237484
484 -35.7625618884 -409.1425280539 68.6356300233
485 10.1754126326 -429.9755877574 63.8738090003
486 53.9249886517 -455.6085115198 59.3752676362
487 96.0000000000 -480.0000000000 55.0000597058
488 -213.7008028404 -337.4799515231 85.2155316911
489 -140.0543210485 -354.2841229526 78.6039253410
490 -85.5251201323 -391.0401971901 73.7040874604
491 -274.6643687163 -381.1838453890 90.7654437613
492 -367.9809836737 -351.7996736188 96.0296655757
493 -333.2687632163 -415.1823806280 94.8958169872
494 -459.7733975281 -384.7684625075 99.3840274368
495 -574.7039243268 -403.2199114562 100.0000000000
496 -699.0167554177 -439.7650770579 100.0000000000
497 -842.9082234093 -506.7460598776 100.0000000000
498 -1000.0000000000 -600.0000000000 100.0000000000
499 290.0912582796 -355.4611119511 30.5902947357
500 238.7516580287 -386.9882829818 36.5513116825
501 197.3954556739 -414.3013571663 41.7080036409
502 168.4050189620 -461.0435863654 46.0828168180
503 359.8821948820 -331.5038480649 23.7194192413
504 431.4076926880 -352.8390730734 18.5362204505
505 494.9748946140 -301.0075728869 14.1447849270
506 579.8120653495 -225.2348084694 10.6546913409
507 703.4005817033 -260.2976461593 10.0000000000
508 842.1563575419 -149.6572148342 10.0000000000
509 1000.0000000000 -200.0000000000 10.0000000000
510 137.0251386817 -498.6011860565 50.6121662026
511 -73.4997599735 -443.6498516483 73.5428491195
512 -25.5421482071 -459.0482926539 68.6087653205
513 19.4625095023 -476.1717884531 63.8682816539
514 62.3978997720 -497.9544752607 59.3748316515
515 104.0000000000 -520.0000000000 55.0000597058
516 -189.8738962692 -395.9207220793 84.1407147442
517 -128.6622778526 -419.0917258777 78.7611474415
518 -114.8424109565 -476.4184026537 78.5251330054
519 -235.5378654120 -438.6915244373 88.6985629848
520 -304.6236067763 -463.5219182363 93.8128067951
521 -388.1935180622 -447.8681637436 97.7155289730
522 -470.1227487790 -477.2708871621 99.8173900713
523 -575.1044735163 -517.7801639001 100.0000000000
524 -698.6035572413 -583.3176199514 100.0000000000
525 -842.3659078545 -676.0879562801 100.0000000000
526 -1000.0000000000 -800.0000000000 100.0000000000
527 176.9908410766 -505.8901938796 46.1271052955
528 285.2370079765 -412.9264970669 32.2300694542
529 333.6480837454 -397.3579004479 27.2170920415
530 250.1808265078 -443.9361636920 36.5470574268
531 210.5198155359 -468.1652439459 41.4435794796
532 395.6660110513 -412.6449053972 22.1049219747
533 496.3873065737 -403.1126950748 15.1337325502
534 590.3945386881 -340.3771628452 10.9273879104
535 707.4737950711 -393.0280753051 10.0000000000
536 845.4490980786 -314.5829638950 10.0000000000
537 1000.0000000000 -400.0000000000 10.0000000000
538 145.1828317305 -540.6460800756 50.6416299621
539 -62.7411914401 -497.2909043540 73.5395903474
540 -15.6083773911 -508.9287986344 68.6135186539
541 28.6743117638 -522.2626378904 63.8690171086
542 70.8586562404 -540.3143534855 59.3761471156
543 112.0000000000 -560.0000000000 55.0000597058
544 -179.9795592864 -465.9418616176 84.5079718726
545 -150.9795547714 -517.2777673363 82.8069616690
546 -102.5329576345 -535.2530816748 78.4706248907
547 -259.5591354080 -504.7303251681 91.4407304003
548 -365.3450358227 -528.4102111297 97.4591085130
549 -465.6254724989 -574.8796497609 99.9419815183
550 -573.2356382126 -639.1331020866 100.0000000000
551 -695.8879998261 -726.1183989063 100.0000000000
552 -838.9367810945 -845.7104571031 100.0000000000
553 -1000.0000000000 -1000.0000000000 100.0000000000
554 185.1504554838 -550.8550097248 46.2233754613
555 221.4749776291 -517.6449564047 41.3246425614
556 323.0183099412 -462.9843213732 29.4708847177
557 263.6152779597 -498.9073496898 36.2852372067
558 411.9682982386 -472.3621742470 21.7566629288
559 502.2060956890 -493.1138861207 15.8195489827
560 594.3840058034 -450.2861430049 11.4042269913
561 709.6861489430 -522.3216260382 10.0000000000
562 846.7196055175 -478.9175899471 10.0000000000
563 1000.0000000000 -600.0000000000 10.0000000000
564 153.6952538231 -583.0669272344 50.6383171865
565 120.0000000000 -600.0000000000 55.0000597058
566 -51.6637882742 -550.8905026462 73.5012075546
567 -5.4500599141 -558.2853862942 68.5812877840
568 37.8744402422 -568.3258252344 63.8704618779
569 79.3125924431 -582.7052469204 59.3789895680
570 -206.8479322717 -540.6362000551 88.0425466529
571 -152.1247777838 -577.0166572952 84.0031371320
572 -95.5945142173 -593.7517982352 78.9473769537
573 -286.4352580220 -574.3892151418 94.0482706064
574 -372.6686002272 -617.8738112530 98.3500195354
575 -463.9277622710 -678.8501154357 99.9999859152
576 -564.6027501375 -759.5997539465 100.0000000000
577 -679.3346695925 -866.5217260689 100.0000000000
578 -802.5503295407 -1000.0000000000 100.0000000000
579 224.3185952634 -562.8230203151 42.0213849026
580 194.4312229941 -596.7848135952 46.2124210773
581 272.1409459138 -557.4806845286 36.6275489973
582 333.2586121658 -524.4840523834 29.6710741991
583 417.1193789046 -541.9486763987 22.4614154777
584 506.4421751741 -580.0568204792 16.6047496616
585 594.1987065545 -556.1110480933 12.0954297543
586 692.2931902853 -629.9091377850 10.1749163898
587 839.4917533994 -647.7965042593 10.0000000000
588 1000.0000000000 -800.0000000000 10.0000000000
589 87.9497964215 -624.9792616225 59.3576024558
590 162.3302690879 -625.9787849865 50.6321444932
591 128.0000000000 -640.0000000000 55.0000597058
592 -41.6041160201 -603.8813989646 73.5590205425
593 4.3720690862 -608.8693393050 68.6143789734
594 46.8862112316 -614.5795961780 63.8980622438
595 -82.5474795771 -639.1820950527 78.5510189131
596 -217.3194933606 -611.4297457104 89.9423134240
597 -149.8911924709 -643.3586004534 84.9848717715
598 -290.0101949162 -654.3180186031 95.1419313716
599 -367.2789064093 -711.0515800591 98.7425619415
600 -448.2216383250 -785.6277914242 100.0000000000
601 -537.1548379109 -882.1529049392 100.0000000000
602 -631.9759950288 -1000.0000000000 100.0000000000
603 238.9869991019 -605.6936195881 41.3356098960
604 203.5416652378 -641.8237008364 46.2005593494
605 286.5233473765 -614.9294080110 36.3169924033
606 343.9378918838 -589.9517617653 29.9066683267
607 423.0335458713 -613.2970473167 23.1491063274
608 497.6762971394 -652.0936025769 18.0983277287
609 596.5272993216 -669.9016067039 12.8823213322
610 720.8310102546 -738.1008725065 10.1106349120
611 852.8799293766 -830.1670418285 10.0000000000
612 1000.0000000000 -1000.0000000000 10.0000000000
613 56.5162162186 -660.4491538933 63.8453846271
614 96.3758148531 -667.5921299726 59.3689239942
615 169.2724883680 -672.3651468772 50.9060172026
616 136.0000000000 -680.0000000000 55.0000597058
617 -33.1483291202 -656.1761035288 73.7737502477
618 12.8088372295 -658.6308184335 68.7844478646
619 -90.5682117060 -683.8084187240 80.2284500848
620 -215.5863957951 -685.8801579284 90.8980956217
621 -148.7467808086 -714.5064662653 86.1165273808
622 -280.9091026902 -739.3222195871 95.5539321735
623 -345.3612575592 -808.1967675784 98.6728108921
624 -412.4769182368 -895.5254337865 99.9890725510
625 -484.6189316997 -1000.0000000000 100.0000000000
626 247.9249805011 -655.6658156830 41.4542461949
627 212.8285835028 -687.0776488204 46.1732798307
628 289.6072814071 -668.2309457314 37.1326207768
629 332.0445757448 -660.7004648237 32.5098149078
630 377.1458337753 -657.0314553932 28.0057013215
631 437.0043057385 -693.2724725314 23.3180222608
632 523.2842071160 -729.6734222735 17.4308498109
633 615.9973150124 -787.6617939894 13.0540663841
634 720.5624911403 -871.4701621426 10.4445061091
635 804.6297916610 -1000.0000000000 10.0000000000
636 180.9831421888 -717.6450715303 50.5946700040
637 27.5256076232 -700.7186305859 68.0761725683
638 66.0258216296 -707.2410658556 63.8279159708
639 104.7399035075 -710.2337922141 59.3881816801
640 144.0000000000 -720.0000000000 55.0000597058
641 -25.1220533214 -712.2021962466 74.1134573538
642 -85.1732004231 -741.7545439166 80.8293769275
643 -203.1407706223 -764.9377733914 91.1358125158
644 -133.0252316686 -786.4510807754 86.0029246342
645 -253.6429428041 -828.5331610686 95.0604560122
646 -302.5991009234 -907.6043067991 97.9450423711
647 -357.3189825302 -1000.0000000000 99.7193683477
648 259.1540691684 -708.7145699648 41.3846842281
649 223.0058430461 -732.4807260952 46.0466308958
650 310.5931411901 -719.6867085929 35.9834076829
651 373.7160083149 -730.0790234666 29.7355355423
652 447.3261548969 -769.0070200321 23.7242194602
653 520.8331119183 -822.5029386969 18.8499271214
654 602.1950316303 -896.6581413958 14.7527322742
655 649.3891311588 -1000.0000000000 13.4530546135
656 152.0000000000 -760.0000000000 55.0000597058
657 189.0038823884 -760.4753719022 50.6586098141
658 31.1973172645 -747.9907400138 68.7265121910
659 73.7951152986 -754.8382781294 64.0300005444
660 112.8162233103 -752.2990267233 59.4276605990
661 0.6053563959 -772.5191884684 72.6442094963
662 -36.7539134867 -769.0641264485 76.5308326121
663 -68.1682549326 -809.3369798134 80.4917722371
664 -172.5900440278 -847.1100026819 90.1202715621
665 -106.2160096101 -853.5267628961 84.8403924764
666 -205.2905701367 -918.5200374420 93.3067963794
667 -247.3461268528 -1000.0000000000 96.4539356257
668 226.0774801048 -773.9418653664 46.6501876994
669 269.1096597148 -765.2772170309 41.5371375429
670 323.6014814002 -777.1891937259 35.8225589034
671 382.0657247949 -802.9682327619 30.3460476225
672 438.8248585301 -849.2162947729 25.8662390796
673 499.8962587169 -914.1695337671 21.7911062062
674 526.0353052196 -1000.0000000000 21.0869738420
675 125.6526710849 -789.4872126395 58.7942937935
676 160.0000000000 -800.0000000000 55.0000597058
677 197.7671996837 -803.9682479254 50.6510182133
678 43.2265188814 -802.3618780218 68.5968673230
679 90.8285521846 -798.3385157035 63.0661437241
680 -9.3494599558 -827.1392429614 74.8794959872
681 -48.4304858142 -877.5504794556 79.8968200943
682 -114.9042756439 -925.1094662335 86.8136752467
683 -152.3419334909 -1000.0000000000 90.8682019493
684 240.2232151987 -814.4221673443 45.9509308103
685 284.0426628290 -823.7124826599 41.1727386250
686 329.5701778631 -833.6460390168 36.3916711534
687 368.4960388271 -874.7181697274 33.1610668726
688 420.4551606169 -921.0464691373 28.9088098627
689 428.0186752682 -1000.0000000000 29.7044964894
690 127.8773079808 -829.0177670241 59.4607982674
691 168.0000000000 -840.0000000000 55.0000597058
692 207.3114689778 -846.4670954685 50.5285585035
693 41.7809171871 -850.9243015701 69.8439765087
694 88.8887123767 -848.9697919889 64.4603665116
695 10.6801552275 -890.2396919749 74.0926882040
696 -34.8406838731 -940.3601392530 79.7958587943
697 -70.2689828455 -1000.0000000000 84.2492762103
698 252.6904138650 -864.5356145799 45.6690141247
699 305.4868351256 -890.4420910479 40.2680177782
700 359.1384476126 -942.8867303310 35.5674269348
701 350.1349154913 -1000.0000000000 37.7646311006
702 136.4134664892 -871.3468994008 59.4525532121
703 176.0000000000 -880.0000000000 55.0000597058
704 215.7922019744 -889.1546435300 50.5352142817
705 64.6199114863 -899.7289079600 68.3810759144
706 105.9369552344 -898.2340042590 63.6299938613
707 31.0946053176 -947.5153135405 73.1317417327
708 0.6328267407 -1000.0000000000 77.4354387928
709 258.0188848278 -914.8327804764 46.2149550953
710 298.0461075821 -952.0089584931 42.4857125373
711 288.2486821040 -1000.0000000000 44.6957565857
712 139.9597016565 -917.2737607423 60.1131285672
713 184.0000000000 -920.0000000000 55.0000597058
714 219.6182767545 -929.3582506655 51.0295520112
715 91.0107469073 -950.5753865477 66.5449501496
716 61.8840253764 -1000.0000000000 70.9191911408
717 243.5700892077 -963.4893653064 49.0245244903
718 239.0740416678 -1000.0000000000 50.4047854358
719 143.7074336014 -958.9497051760 60.6496933968
720 192.0000000000 -960.0000000000 55.0000597058
721 114.7981802648 -1000.0000000000 64.9546232052
722 200.0000000000 -1000.0000000000 55.0000597058
723 160.5100659081 -1000.0000000000 59.6440706085
1 3     8    10     1
2 3     1     3     8
3 3     4     3     1
4 3     2    15     5
5 3     3    13     2
6 3    15     2    13
7 3     8     2     9
8 3     2     8     3
9 3     5     9     2
10 3     4    16     3
11 3     3    16    13
12 3    17    16     4
13 3     5    14     6
14 3    14     5    15
15 3    19     5     6
16 3     9     5    19
17 3     6    11     7
18 3    11     6    14
19 3     6     7    21
20 3    21    19     6
21 3     7    12    18
22 3     7    11    12
23 3    21     7    22
24 3     7    18    22
25 3    23     8     9
26 3    10     8    23
27 3    20     9    19
28 3    20    23     9
29 3    10    23    25
30 3    12    11    31
31 3    11    14    30
32 3    11    30    31
33 3    32    18    12
34 3    31    33    12
35 3    12    33    32
36 3    16    34    13
37 3    15    13    34
38 3    14    35    30
39 3    35    14    15
40 3    35    15    34
41 3    17    38    16
42 3    16    37    34
43 3    38    37    16
44 3    18    32    26
45 3    40    22    18
46 3    40    18    26
47 3    19    41    20
48 3    19    21    41
49 3    24    20    41
50 3    24    23    20
51 3    41    21    42
52 3    21    22    42
53 3    40    42    22
54 3    23    49    25
55 3    49    23    24
56 3    24    48    49
57 3    47    24    41
58 3    47    48    24
59 3    49    50    25
60 3    26    52    27
61 3    52    26    32
62 3    26    43    40
63 3    43    26    27
64 3    28    27    52
65 3    44    43    27
66 3    27    28    44
67 3    29    28    53
68 3    52    53    28
69 3    29    45    28
70 3    45    44    28
71 3    29    53    55
72 3    29    55    39
73 3    46    29    39
74 3    29    46    45
75 3    30    56    31
76 3    30    35    36
77 3    36    56    30
78 3    33    31    56
79 3    32    57    52
80 3    32    33    57
81 3    58    57    33
82 3    33    56    58
83 3    34    37    59
84 3    59    35    34
85 3    59    36    35
86 3    61    36    60
87 3    36    59    60
88 3    61    56    36
89 3    37    62    59
90 3    38    63    37
91 3    37    63    62
92 3    54    39    55
93 3    39    54    51
94 3    46    39    67
95 3    39    51    67
96 3    40    43    68
97 3    42    40    68
98 3    41    69    47
99 3    41    42    69
100 3    69    42    68
101 3    70    68    43
102 3    44    70    43
103 3    71    70    44
104 3    71    44    45
105 3    72    71    45
106 3    72    45    46
107 3    46    73    72
108 3    46    67    73
109 3    75    47    69
110 3    47    75    48
111 3    48    76    77
112 3    76    48    75
113 3    49    48    77
114 3    77    50    49
115 3    77    78    50
116 3    51    80    64
117 3    54    80    51
118 3    74    67    51
119 3    74    51    64
120 3    52    84    53
121 3    52    57    84
122 3    85    55    53
123 3    84    85    53
124 3    54    87    86
125 3    54    55    87
126 3    86    80    54
127 3    55    85    87
128 3    56    88    58
129 3    61    88    56
130 3    58    89    57
131 3    84    57    89
132 3    90    58    88
133 3    58    90    89
134 3    59    91    60
135 3    62    91    59
136 3    92    61    60
137 3    92    60    91
138 3    93    61    92
139 3    61    93    88
140 3    62    95    94
141 3    62    94    91
142 3    62    63    95
143 3    80    81    64
144 3    81    65    64
145 3    96    74    64
146 3    96    64    65
147 3    65    83    66
148 3    81    83    65
149 3    96    65    97
150 3    65    66    97
151 3    66    83    82
152 3    79    66    82
153 3    97    66    99
154 3    79    99    66
155 3    67   101    73
156 3   101    67    74
157 3    68   102    69
158 3    70   102    68
159 3    69   102   103
160 3   103    75    69
161 3   102    70   104
162 3   104    70    71
163 3    71    72   105
164 3   105   104    71
165 3   106   105    72
166 3    72    73   106
167 3    73   107   106
168 3    73   101   107
169 3    74    96   108
170 3   108   101    74
171 3    75   110    76
172 3    75   109   110
173 3    75   103   109
174 3   111   112    76
175 3   111    76   110
176 3    76   112    77
177 3    77   112    78
178 3   112   113    78
179 3    79    82   115
180 3    98    79   115
181 3    98   100    79
182 3    99    79   100
183 3    80    86   117
184 3    80   117    81
185 3    83    81   118
186 3   117   118    81
187 3    82    83   120
188 3   115    82   119
189 3   120   119    82
190 3   120    83   118
191 3   121    85    84
192 3   121    84    89
193 3    87    85   122
194 3    85   121   122
195 3   117    86   123
196 3   124    86    87
197 3    86   124   123
198 3   122   124    87
199 3    88   125    90
200 3    93   125    88
201 3   126   121    89
202 3   126    89    90
203 3    90   125   126
204 3   128    92    91
205 3    91    94   128
206 3    93    92   129
207 3   128   129    92
208 3    93   130   127
209 3   127   125    93
210 3   129   130    93
211 3   131   128    94
212 3    94    95   131
213 3   132   131    95
214 3    96   133   108
215 3    96    97   133
216 3    97   134   133
217 3   134    97    99
218 3   114    98   116
219 3    98   115   116
220 3    98   135   100
221 3   135    98   114
222 3   134    99   136
223 3   136    99   100
224 3   136   100   135
225 3   107   101   137
226 3   101   108   137
227 3   102   138   103
228 3   102   104   138
229 3   109   103   138
230 3   105   138   104
231 3   105   106   139
232 3   138   105   139
233 3   107   140   106
234 3   139   106   140
235 3   140   107   141
236 3   141   107   137
237 3   108   142   137
238 3   142   108   133
239 3   110   109   143
240 3   109   138   143
241 3   144   111   110
242 3   110   143   144
243 3   111   144   145
244 3   112   111   145
245 3   112   146   113
246 3   146   112   145
247 3   146   147   113
248 3   150   149   114
249 3   114   116   150
250 3   135   114   148
251 3   148   114   149
252 3   115   151   116
253 3   115   119   151
254 3   150   116   151
255 3   117   152   118
256 3   117   123   152
257 3   152   120   118
258 3   120   154   119
259 3   151   119   153
260 3   153   119   154
261 3   120   152   154
262 3   156   122   121
263 3   121   126   156
264 3   124   122   156
265 3   152   123   155
266 3   157   123   124
267 3   123   157   155
268 3   156   157   124
269 3   158   126   125
270 3   125   127   158
271 3   158   156   126
272 3   159   127   130
273 3   159   158   127
274 3   131   160   128
275 3   128   160   129
276 3   129   160   161
277 3   161   130   129
278 3   130   161   162
279 3   130   162   159
280 3   132   163   131
281 3   163   160   131
282 3   163   132   164
283 3   134   166   133
284 3   142   133   166
285 3   136   167   134
286 3   167   166   134
287 3   136   135   168
288 3   135   148   168
289 3   170   167   136
290 3   136   168   170
291 3   141   137   171
292 3   137   142   171
293 3   143   138   172
294 3   139   172   138
295 3   173   172   139
296 3   139   140   173
297 3   174   173   140
298 3   141   174   140
299 3   174   141   175
300 3   175   141   171
301 3   142   176   171
302 3   166   176   142
303 3   172   177   143
304 3   177   144   143
305 3   144   177   178
306 3   145   144   178
307 3   179   145   178
308 3   145   179   146
309 3   179   180   146
310 3   147   146   180
311 3   147   180   181
312 3   165   169   148
313 3   169   168   148
314 3   148   182   165
315 3   149   182   148
316 3   182   149   185
317 3   150   185   149
318 3   185   150   186
319 3   150   151   186
320 3   153   187   151
321 3   187   186   151
322 3   155   189   152
323 3   152   189   154
324 3   154   191   153
325 3   191   188   153
326 3   153   188   187
327 3   189   191   154
328 3   157   192   155
329 3   190   155   192
330 3   155   190   189
331 3   156   158   193
332 3   157   156   193
333 3   157   193   192
334 3   194   158   159
335 3   158   194   193
336 3   159   195   194
337 3   162   195   159
338 3   163   196   160
339 3   160   196   161
340 3   196   197   161
341 3   197   162   161
342 3   197   195   162
343 3   198   163   164
344 3   198   196   163
345 3   164   199   198
346 3   200   201   165
347 3   165   183   200
348 3   169   165   201
349 3   165   182   183
350 3   167   204   166
351 3   176   166   204
352 3   170   205   167
353 3   205   204   167
354 3   168   169   206
355 3   206   170   168
356 3   169   201   206
357 3   205   170   207
358 3   207   170   206
359 3   175   171   208
360 3   171   176   208
361 3   172   210   177
362 3   210   172   173
363 3   173   174   210
364 3   211   174   175
365 3   174   211   210
366 3   175   209   211
367 3   175   208   209
368 3   212   208   176
369 3   212   176   204
370 3   210   213   177
371 3   213   178   177
372 3   178   214   179
373 3   178   213   214
374 3   215   179   214
375 3   215   180   179
376 3   216   180   215
377 3   181   180   216
378 3   181   216   217
379 3   218   182   185
380 3   218   183   182
381 3   183   218   219
382 3   183   219   184
383 3   200   183   184
384 3   220   184   219
385 3   220   203   184
386 3   202   200   184
387 3   202   184   203
388 3   218   185   222
389 3   186   222   185
390 3   223   186   187
391 3   186   223   222
392 3   188   224   187
393 3   224   223   187
394 3   225   224   188
395 3   191   225   188
396 3   189   226   191
397 3   226   189   190
398 3   190   227   226
399 3   190   192   227
400 3   228   225   191
401 3   226   228   191
402 3   229   227   192
403 3   192   193   230
404 3   192   230   229
405 3   230   193   194
406 3   195   231   194
407 3   194   231   230
408 3   197   232   195
409 3   195   232   231
410 3   233   196   198
411 3   233   197   196
412 3   197   234   232
413 3   233   234   197
414 3   199   235   198
415 3   198   235   233
416 3   199   236   235
417 3   201   200   237
418 3   237   200   202
419 3   206   201   238
420 3   201   237   238
421 3   202   239   237
422 3   202   240   239
423 3   240   202   203
424 3   203   220   221
425 3   240   203   221
426 3   243   204   205
427 3   243   212   204
428 3   243   205   207
429 3   207   206   245
430 3   206   238   245
431 3   207   244   243
432 3   207   245   244
433 3   208   212   246
434 3   209   208   246
435 3   247   209   246
436 3   211   209   247
437 3   210   248   213
438 3   248   210   211
439 3   248   211   247
440 3   212   249   246
441 3   249   212   243
442 3   214   213   251
443 3   213   248   251
444 3   252   215   214
445 3   214   251   252
446 3   253   215   252
447 3   216   215   253
448 3   216   253   254
449 3   254   217   216
450 3   217   254   255
451 3   218   222   257
452 3   218   257   219
453 3   220   219   258
454 3   257   258   219
455 3   221   220   259
456 3   258   259   220
457 3   221   259   260
458 3   260   241   221
459 3   242   221   241
460 3   221   242   240
461 3   257   222   261
462 3   223   261   222
463 3   261   223   262
464 3   223   224   262
465 3   263   224   225
466 3   262   224   263
467 3   225   228   263
468 3   264   226   227
469 3   264   228   226
470 3   264   227   229
471 3   265   228   264
472 3   265   263   228
473 3   267   266   229
474 3   229   230   267
475 3   264   229   266
476 3   267   230   231
477 3   231   268   267
478 3   232   268   231
479 3   234   269   232
480 3   268   232   269
481 3   233   270   234
482 3   270   233   235
483 3   270   269   234
484 3   236   271   235
485 3   271   270   235
486 3   239   273   237
487 3   237   273   238
488 3   274   238   273
489 3   238   274   245
490 3   273   239   275
491 3   275   239   276
492 3   276   239   240
493 3   242   276   240
494 3   256   241   260
495 3   241   256   272
496 3   277   242   241
497 3   241   272   277
498 3   242   277   276
499 3   249   243   278
500 3   243   244   278
501 3   244   279   280
502 3   280   278   244
503 3   244   245   279
504 3   279   245   281
505 3   245   274   281
506 3   246   282   247
507 3   250   282   246
508 3   246   249   250
509 3   247   282   283
510 3   248   247   283
511 3   283   251   248
512 3   285   250   249
513 3   249   278   285
514 3   250   284   282
515 3   284   250   285
516 3   252   251   287
517 3   287   251   283
518 3   253   252   288
519 3   252   287   288
520 3   254   253   289
521 3   289   253   288
522 3   255   254   290
523 3   289   290   254
524 3   255   290   291
525 3   256   292   272
526 3   294   292   256
527 3   260   294   256
528 3   257   295   258
529 3   257   261   295
530 3   259   258   296
531 3   295   296   258
532 3   296   297   259
533 3   259   297   260
534 3   294   260   297
535 3   295   261   298
536 3   261   262   298
537 3   262   299   298
538 3   263   299   262
539 3   263   265   299
540 3   300   264   266
541 3   264   300   265
542 3   299   265   301
543 3   301   265   300
544 3   300   266   302
545 3   267   302   266
546 3   303   267   268
547 3   303   302   267
548 3   303   268   304
549 3   269   304   268
550 3   270   305   269
551 3   305   304   269
552 3   306   305   270
553 3   271   306   270
554 3   272   292   293
555 3   307   308   272
556 3   308   277   272
557 3   307   272   293
558 3   275   309   273
559 3   274   273   309
560 3   309   281   274
561 3   310   275   276
562 3   309   275   310
563 3   311   310   276
564 3   276   277   311
565 3   308   311   277
566 3   285   278   314
567 3   314   278   280
568 3   281   315   279
569 3   279   315   280
570 3   314   280   315
571 3   281   316   315
572 3   281   309   316
573 3   284   317   282
574 3   283   282   317
575 3   283   317   287
576 3   286   318   284
577 3   318   317   284
578 3   284   285   286
579 3   285   319   286
580 3   319   285   314
581 3   286   319   318
582 3   288   287   320
583 3   317   320   287
584 3   288   321   289
585 3   320   321   288
586 3   289   321   322
587 3   290   289   322
588 3   291   290   323
589 3   322   323   290
590 3   323   324   291
591 3   326   292   325
592 3   326   293   292
593 3   294   325   292
594 3   326   327   293
595 3   307   293   327
596 3   330   325   294
597 3   330   294   331
598 3   331   294   297
599 3   332   296   295
600 3   295   298   332
601 3   332   333   296
602 3   296   333   297
603 3   333   331   297
604 3   332   298   334
605 3   298   299   334
606 3   334   299   335
607 3   301   335   299
608 3   300   336   301
609 3   300   302   336
610 3   335   301   337
611 3   336   337   301
612 3   338   302   303
613 3   338   336   302
614 3   303   339   338
615 3   304   339   303
616 3   340   304   305
617 3   340   339   304
618 3   341   305   306
619 3   340   305   341
620 3   312   307   327
621 3   344   308   307
622 3   312   344   307
623 3   311   308   345
624 3   345   308   344
625 3   316   309   346
626 3   346   309   310
627 3   310   347   346
628 3   311   347   310
629 3   345   347   311
630 3   313   348   312
631 3   312   328   313
632 3   312   348   344
633 3   327   328   312
634 3   348   313   349
635 3   342   349   313
636 3   329   313   328
637 3   313   329   342
638 3   314   315   350
639 3   319   314   350
640 3   350   315   351
641 3   351   315   316
642 3   316   352   351
643 3   346   352   316
644 3   353   317   318
645 3   320   317   353
646 3   353   318   354
647 3   354   318   319
648 3   355   354   319
649 3   350   355   319
650 3   356   320   353
651 3   356   321   320
652 3   357   321   356
653 3   322   321   357
654 3   358   323   322
655 3   357   358   322
656 3   323   359   324
657 3   323   358   359
658 3   361   325   360
659 3   361   326   325
660 3   325   330   360
661 3   362   326   361
662 3   327   326   362
663 3   327   362   328
664 3   363   329   328
665 3   362   363   328
666 3   365   343   329
667 3   363   365   329
668 3   343   342   329
669 3   331   366   330
670 3   366   360   330
671 3   331   367   366
672 3   333   367   331
673 3   334   368   332
674 3   332   368   333
675 3   368   367   333
676 3   335   369   334
677 3   334   369   368
678 3   370   335   337
679 3   335   370   369
680 3   336   371   337
681 3   338   371   336
682 3   371   372   337
683 3   337   372   370
684 3   338   339   373
685 3   338   373   371
686 3   339   340   374
687 3   373   339   374
688 3   340   341   375
689 3   374   340   375
690 3   349   342   376
691 3   342   377   376
692 3   342   343   377
693 3   343   365   364
694 3   377   343   364
695 3   345   344   380
696 3   344   348   380
697 3   380   381   345
698 3   347   345   381
699 3   346   347   382
700 3   352   346   382
701 3   381   382   347
702 3   348   349   383
703 3   383   380   348
704 3   384   349   376
705 3   383   349   384
706 3   385   355   350
707 3   351   385   350
708 3   386   385   351
709 3   386   351   352
710 3   386   352   387
711 3   352   382   387
712 3   389   356   353
713 3   354   389   353
714 3   390   389   354
715 3   354   355   390
716 3   355   388   390
717 3   355   385   388
718 3   391   357   356
719 3   389   391   356
720 3   357   391   392
721 3   358   357   392
722 3   392   393   358
723 3   358   393   359
724 3   395   361   360
725 3   395   360   394
726 3   366   394   360
727 3   361   396   362
728 3   395   396   361
729 3   363   362   396
730 3   363   396   397
731 3   365   363   397
732 3   364   398   379
733 3   364   365   398
734 3   377   364   378
735 3   364   379   378
736 3   398   365   400
737 3   365   397   400
738 3   394   366   401
739 3   402   401   366
740 3   367   402   366
741 3   403   402   367
742 3   367   368   403
743 3   369   403   368
744 3   369   404   403
745 3   369   370   404
746 3   404   370   405
747 3   372   405   370
748 3   371   373   406
749 3   371   406   372
750 3   372   407   405
751 3   406   407   372
752 3   408   406   373
753 3   373   374   408
754 3   374   375   409
755 3   409   408   374
756 3   384   376   410
757 3   411   376   377
758 3   411   410   376
759 3   411   377   378
760 3   378   412   411
761 3   412   378   379
762 3   413   379   399
763 3   398   399   379
764 3   413   412   379
765 3   381   380   414
766 3   380   383   414
767 3   414   415   381
768 3   382   381   415
769 3   415   387   382
770 3   383   384   417
771 3   417   414   383
772 3   410   416   384
773 3   384   416   417
774 3   388   385   419
775 3   385   386   419
776 3   386   387   420
777 3   419   386   420
778 3   418   420   387
779 3   387   415   418
780 3   388   422   421
781 3   421   390   388
782 3   419   422   388
783 3   389   423   391
784 3   390   423   389
785 3   390   421   423
786 3   423   424   391
787 3   391   424   392
788 3   392   425   393
789 3   392   424   425
790 3   394   401   429
791 3   395   394   429
792 3   395   429   430
793 3   395   430   396
794 3   396   430   397
795 3   430   400   397
796 3   431   399   398
797 3   398   400   431
798 3   431   426   399
799 3   413   399   426
800 3   432   400   430
801 3   432   431   400
802 3   433   428   401
803 3   433   401   402
804 3   428   429   401
805 3   433   402   434
806 3   402   403   434
807 3   404   434   403
808 3   405   435   404
809 3   404   435   434
810 3   405   407   436
811 3   405   436   435
812 3   407   406   437
813 3   406   408   437
814 3   407   438   436
815 3   437   438   407
816 3   409   439   408
817 3   408   439   437
818 3   409   440   439
819 3   442   441   410
820 3   410   441   416
821 3   410   411   442
822 3   443   442   411
823 3   411   412   443
824 3   444   443   412
825 3   412   413   444
826 3   426   427   413
827 3   444   413   427
828 3   415   414   446
829 3   417   446   414
830 3   446   418   415
831 3   445   447   416
832 3   417   416   447
833 3   416   441   445
834 3   417   447   446
835 3   448   449   418
836 3   418   446   448
837 3   420   418   449
838 3   450   422   419
839 3   419   420   450
840 3   449   450   420
841 3   421   451   423
842 3   421   422   451
843 3   452   422   450
844 3   451   422   452
845 3   423   453   424
846 3   423   451   453
847 3   454   425   424
848 3   424   453   454
849 3   427   426   457
850 3   457   426   456
851 3   431   456   426
852 3   457   458   427
853 3   427   455   444
854 3   458   455   427
855 3   460   429   428
856 3   459   428   433
857 3   428   459   460
858 3   430   429   461
859 3   429   460   461
860 3   432   430   461
861 3   431   462   456
862 3   432   462   431
863 3   462   432   463
864 3   432   461   463
865 3   459   433   464
866 3   465   464   433
867 3   434   465   433
868 3   434   435   465
869 3   435   436   466
870 3   435   466   465
871 3   467   436   438
872 3   436   467   466
873 3   439   468   437
874 3   438   437   468
875 3   467   438   468
876 3   440   469   439
877 3   439   469   468
878 3   470   469   440
879 3   441   471   445
880 3   471   441   442
881 3   472   442   443
882 3   472   471   442
883 3   443   473   472
884 3   444   473   443
885 3   473   444   455
886 3   445   475   447
887 3   445   471   475
888 3   448   446   476
889 3   446   447   476
890 3   476   447   475
891 3   449   448   478
892 3   478   448   477
893 3   476   477   448
894 3   479   450   449
895 3   478   479   449
896 3   450   479   452
897 3   453   451   481
898 3   452   481   451
899 3   480   481   452
900 3   452   479   480
901 3   482   454   453
902 3   481   482   453
903 3   473   455   474
904 3   455   483   474
905 3   458   483   455
906 3   456   485   457
907 3   456   484   485
908 3   462   484   456
909 3   457   486   458
910 3   485   486   457
911 3   486   487   458
912 3   483   458   487
913 3   488   460   459
914 3   459   464   488
915 3   461   460   489
916 3   489   460   488
917 3   489   463   461
918 3   462   463   490
919 3   484   462   490
920 3   463   489   490
921 3   491   488   464
922 3   464   465   492
923 3   464   492   491
924 3   465   466   492
925 3   467   494   466
926 3   494   492   466
927 3   494   467   495
928 3   468   495   467
929 3   468   469   496
930 3   468   496   495
931 3   469   497   496
932 3   470   497   469
933 3   498   497   470
934 3   471   499   475
935 3   499   471   500
936 3   472   500   471
937 3   500   472   501
938 3   472   473   501
939 3   473   474   501
940 3   501   474   502
941 3   502   474   483
942 3   503   476   475
943 3   475   499   503
944 3   476   503   477
945 3   477   505   478
946 3   477   504   505
947 3   477   503   504
948 3   506   478   505
949 3   478   506   479
950 3   479   506   480
951 3   507   480   506
952 3   508   481   480
953 3   507   508   480
954 3   481   508   482
955 3   508   509   482
956 3   502   483   510
957 3   483   487   510
958 3   485   484   512
959 3   511   512   484
960 3   484   490   511
961 3   486   485   513
962 3   512   513   485
963 3   487   486   514
964 3   486   513   514
965 3   515   487   514
966 3   510   487   515
967 3   488   516   489
968 3   491   516   488
969 3   490   489   517
970 3   517   489   516
971 3   511   490   517
972 3   520   519   491
973 3   491   493   520
974 3   491   519   516
975 3   492   493   491
976 3   492   521   493
977 3   521   492   494
978 3   521   520   493
979 3   495   522   494
980 3   494   522   521
981 3   496   523   495
982 3   495   523   522
983 3   523   496   524
984 3   496   497   524
985 3   524   497   525
986 3   497   498   525
987 3   525   498   526
988 3   499   529   503
989 3   528   529   499
990 3   528   499   500
991 3   530   528   500
992 3   530   500   501
993 3   501   531   530
994 3   531   501   502
995 3   502   527   531
996 3   502   510   527
997 3   503   532   504
998 3   503   529   532
999 3   505   504   533
1000 3   533   504   532
1001 3   506   505   534
1002 3   505   533   534
1003 3   506   534   507
1004 3   536   508   507
1005 3   536   507   535
1006 3   534   535   507
1007 3   508   536   509
1008 3   536   537   509
1009 3   538   527   510
1010 3   538   510   515
1011 3   512   511   539
1012 3   539   511   518
1013 3   511   517   518
1014 3   513   512   540
1015 3   539   540   512
1016 3   514   513   541
1017 3   540   541   513
1018 3   514   542   515
1019 3   542   514   541
1020 3   542   543   515
1021 3   515   543   538
1022 3   516   544   517
1023 3   516   519   544
1024 3   517   544   518
1025 3   545   518   544
1026 3   518   546   539
1027 3   546   518   545
1028 3   544   519   547
1029 3   519   520   547
1030 3   548   547   520
1031 3   521   548   520
1032 3   548   521   522
1033 3   522   523   549
1034 3   522   549   548
1035 3   550   549   523
1036 3   523   524   550
1037 3   525   551   524
1038 3   551   550   524
1039 3   525   552   551
1040 3   525   526   552
1041 3   552   526   553
1042 3   527   554   555
1043 3   531   527   555
1044 3   527   538   554
1045 3   528   556   529
1046 3   530   556   528
1047 3   529   556   532
1048 3   530   531   557
1049 3   556   530   557
1050 3   557   531   555
1051 3   558   532   556
1052 3   533   532   558
1053 3   558   559   533
1054 3   534   533   560
1055 3   559   560   533
1056 3   560   535   534
1057 3   562   536   535
1058 3   561   535   560
1059 3   561   562   535
1060 3   536   562   537
1061 3   562   563   537
1062 3   538   543   564
1063 3   564   554   538
1064 3   546   566   539
1065 3   539   566   540
1066 3   540   566   567
1067 3   540   567   541
1068 3   541   567   568
1069 3   541   568   542
1070 3   542   568   569
1071 3   542   569   543
1072 3   543   569   565
1073 3   543   565   564
1074 3   544   570   545
1075 3   570   544   547
1076 3   545   570   571
1077 3   545   571   546
1078 3   572   566   546
1079 3   571   572   546
1080 3   570   547   573
1081 3   573   547   548
1082 3   549   574   548
1083 3   548   574   573
1084 3   549   550   575
1085 3   575   574   549
1086 3   550   576   575
1087 3   551   576   550
1088 3   577   576   551
1089 3   551   552   577
1090 3   552   578   577
1091 3   552   553   578
1092 3   555   554   579
1093 3   580   554   564
1094 3   579   554   580
1095 3   557   555   581
1096 3   579   581   555
1097 3   556   582   558
1098 3   556   557   582
1099 3   557   581   582
1100 3   558   583   559
1101 3   582   583   558
1102 3   585   559   584
1103 3   583   584   559
1104 3   560   559   585
1105 3   561   560   585
1106 3   561   587   562
1107 3   586   561   585
1108 3   561   586   587
1109 3   562   587   563
1110 3   588   563   587
1111 3   565   590   564
1112 3   580   564   590
1113 3   589   565   569
1114 3   565   589   591
1115 3   590   565   591
1116 3   592   567   566
1117 3   592   566   572
1118 3   593   568   567
1119 3   567   592   593
1120 3   594   569   568
1121 3   568   593   594
1122 3   594   589   569
1123 3   573   596   570
1124 3   570   596   571
1125 3   571   596   597
1126 3   597   572   571
1127 3   592   572   595
1128 3   572   597   595
1129 3   574   598   573
1130 3   598   596   573
1131 3   598   574   599
1132 3   575   599   574
1133 3   600   599   575
1134 3   576   600   575
1135 3   576   577   601
1136 3   576   601   600
1137 3   601   577   602
1138 3   577   578   602
1139 3   603   581   579
1140 3   579   580   603
1141 3   580   604   603
1142 3   604   580   590
1143 3   582   581   606
1144 3   605   606   581
1145 3   605   581   603
1146 3   583   582   606
1147 3   583   607   584
1148 3   583   606   607
1149 3   584   609   585
1150 3   609   584   608
1151 3   608   584   607
1152 3   609   586   585
1153 3   587   586   610
1154 3   586   609   610
1155 3   587   611   588
1156 3   587   610   611
1157 3   612   588   611
1158 3   589   614   591
1159 3   613   614   589
1160 3   594   613   589
1161 3   604   590   615
1162 3   615   590   591
1163 3   591   614   616
1164 3   615   591   616
1165 3   592   617   593
1166 3   595   617   592
1167 3   593   617   618
1168 3   593   618   594
1169 3   613   594   618
1170 3   595   619   617
1171 3   619   595   597
1172 3   596   620   597
1173 3   598   620   596
1174 3   621   619   597
1175 3   597   620   621
1176 3   620   598   622
1177 3   622   598   599
1178 3   623   622   599
1179 3   623   599   600
1180 3   623   600   624
1181 3   624   600   601
1182 3   601   625   624
1183 3   602   625   601
1184 3   605   603   626
1185 3   626   603   604
1186 3   627   626   604
1187 3   615   627   604
1188 3   629   606   605
1189 3   629   605   628
1190 3   628   605   626
1191 3   606   630   607
1192 3   629   630   606
1193 3   608   607   631
1194 3   607   630   631
1195 3   608   631   632
1196 3   609   608   632
1197 3   610   609   633
1198 3   632   633   609
1199 3   634   611   610
1200 3   610   633   634
1201 3   635   611   634
1202 3   611   635   612
1203 3   638   614   613
1204 3   618   637   613
1205 3   637   638   613
1206 3   639   614   638
1207 3   639   616   614
1208 3   615   636   627
1209 3   640   636   615
1210 3   615   616   640
1211 3   616   639   640
1212 3   641   618   617
1213 3   617   619   641
1214 3   637   618   641
1215 3   619   642   641
1216 3   619   621   642
1217 3   620   643   621
1218 3   620   622   643
1219 3   644   642   621
1220 3   643   644   621
1221 3   622   645   643
1222 3   645   622   623
1223 3   646   623   624
1224 3   646   645   623
1225 3   646   624   647
1226 3   625   647   624
1227 3   628   626   648
1228 3   626   627   648
1229 3   649   648   627
1230 3   627   636   649
1231 3   628   648   650
1232 3   628   650   629
1233 3   651   630   629
1234 3   651   629   650
1235 3   651   631   630
1236 3   631   651   652
1237 3   652   632   631
1238 3   632   653   633
1239 3   653   632   652
1240 3   654   633   653
1241 3   633   654   634
1242 3   634   654   655
1243 3   655   635   634
1244 3   636   657   649
1245 3   636   656   657
1246 3   640   656   636
1247 3   641   658   637
1248 3   637   658   638
1249 3   638   659   639
1250 3   659   638   658
1251 3   639   660   640
1252 3   659   660   639
1253 3   656   640   660
1254 3   661   658   641
1255 3   662   661   641
1256 3   642   662   641
1257 3   662   642   663
1258 3   663   642   644
1259 3   643   664   644
1260 3   643   645   664
1261 3   663   644   665
1262 3   665   644   664
1263 3   664   645   666
1264 3   645   646   666
1265 3   666   646   667
1266 3   667   646   647
1267 3   648   649   669
1268 3   669   650   648
1269 3   657   668   649
1270 3   669   649   668
1271 3   651   650   670
1272 3   669   670   650
1273 3   651   670   671
1274 3   652   651   671
1275 3   652   671   672
1276 3   672   653   652
1277 3   654   653   673
1278 3   672   673   653
1279 3   655   654   674
1280 3   673   674   654
1281 3   675   656   660
1282 3   675   676   656
1283 3   676   657   656
1284 3   677   668   657
1285 3   677   657   676
1286 3   661   678   658
1287 3   659   658   678
1288 3   659   678   679
1289 3   659   679   660
1290 3   660   679   675
1291 3   662   680   661
1292 3   661   680   678
1293 3   662   663   680
1294 3   680   663   681
1295 3   681   663   665
1296 3   664   682   665
1297 3   666   682   664
1298 3   682   681   665
1299 3   683   666   667
1300 3   666   683   682
1301 3   668   684   669
1302 3   684   668   677
1303 3   669   685   670
1304 3   685   669   684
1305 3   686   671   670
1306 3   685   686   670
1307 3   671   687   672
1308 3   671   686   687
1309 3   672   688   673
1310 3   672   687   688
1311 3   673   688   689
1312 3   689   674   673
1313 3   690   675   679
1314 3   675   690   676
1315 3   676   690   691
1316 3   691   677   676
1317 3   677   692   684
1318 3   692   677   691
1319 3   694   679   678
1320 3   693   694   678
1321 3   693   678   680
1322 3   679   694   690
1323 3   693   680   695
1324 3   680   681   695
1325 3   681   696   695
1326 3   696   681   682
1327 3   697   696   682
1328 3   682   683   697
1329 3   698   685   684
1330 3   698   684   692
1331 3   699   686   685
1332 3   685   698   699
1333 3   699   687   686
1334 3   687   699   700
1335 3   700   688   687
1336 3   688   700   689
1337 3   689   700   701
1338 3   690   702   691
1339 3   690   694   702
1340 3   702   703   691
1341 3   691   703   692
1342 3   704   698   692
1343 3   692   703   704
1344 3   694   693   705
1345 3   693   695   705
1346 3   694   705   706
1347 3   694   706   702
1348 3   695   707   705
1349 3   707   695   696
1350 3   707   696   708
1351 3   696   697   708
1352 3   709   699   698
1353 3   709   698   704
1354 3   700   699   710
1355 3   709   710   699
1356 3   700   710   701
1357 3   710   711   701
1358 3   703   702   712
1359 3   712   702   706
1360 3   713   703   712
1361 3   704   703   713
1362 3   714   704   713
1363 3   709   704   714
1364 3   715   706   705
1365 3   705   707   715
1366 3   706   715   712
1367 3   707   716   715
1368 3   708   716   707
1369 3   710   709   717
1370 3   717   709   714
1371 3   710   717   711
1372 3   717   718   711
1373 3   719   713   712
1374 3   712   715   719
1375 3   713   719   720
1376 3   714   713   720
1377 3   720   717   714
1378 3   721   715   716
1379 3   715   721   719
1380 3   717   722   718
1381 3   720   722   717
1382 3   720   719   723
1383 3   719   721   723
1384 3   723   722   720
0 = Number of open boundaries
0 = Total number of open boundary nodes
4 = Number of land boundaries
64 = Total number of land boundary nodes
11 20 = Number of nodes for land boundary 1, IBTYPE
236
271
306
341
375
409
440
470
498
526
553
21 20 = Number of nodes for land boundary 2, IBTYPE
553
578
602
625
647
667
683
697
708
716
721
723
722
718
711
701
689
674
655
635
612
11 20 = Number of nodes for land boundary 3, IBTYPE
612
588
563
537
509
482
454
425
393
359
324
21 20 = Number of nodes for land boundary 4, IBTYPE
324
291
255
217
181
147
113
78
50
25
10
1
4
17
38
63
95
132
164
199
236
