  nc_newport_river_core_cr4_bath    v31.06 iterative         Albemarle-Pamlico Estuar
          2       1069  0.1000000E+001        1     1 FileFmtVersion:    1050624
     2.5920000000E+005          51840
         1     3.7471485818E+000
         2     3.8963754609E+000
         3     3.8536779208E+000
         4     4.0028049917E+000
         5     3.8761957517E+000
         6     4.0011299345E+000
         7     3.8618737612E+000
         8     4.0432014896E+000
         9     3.9183301361E+000
        10     3.7951195054E+000
        11     4.1496519304E+000
        12     3.8825675490E+000
        13     3.7652252164E+000
        14     4.0803405650E+000
        15     3.9333117597E+000
        16     3.8423282142E+000
        17     4.0118765213E+000
        18     3.8704192958E+000
        19     3.9574094029E+000
        20     4.5989449802E+000
        21     4.6779293535E+000
        22     3.7116792960E+000
        23     3.6645468760E+000
        24     4.5517170757E+000
        25     4.7190470523E+000
        26     3.5768788119E+000
        27     3.4422550994E+000
        28     4.4714352534E+000
        29     4.6544821230E+000
        30     3.2604856242E+000
        31     3.3196902485E+000
        32     4.3902026234E+000
        33     4.4483192856E+000
        34     3.1571764717E+000
        35     3.1284519771E+000
        36     4.1851803152E+000
        37     4.3740816271E+000
        38     2.8836807523E+000
        39     2.8512630727E+000
        40     3.8324858467E+000
        41     3.4315925355E+000
        42     4.0778940117E+000
        43     1.3717333516E+000
        44     4.1094711276E+000
        45     2.5781088689E+000
        46     2.8372882695E+000
        47     3.7623462564E+000
        48     3.7736528538E+000
        49     1.1279354490E+000
        50     1.0358719882E+000
        51     3.7690590630E+000
        52     3.7183685624E+000
        53     3.5162093866E+000
        54     2.4389115188E+000
        55     2.4605341763E+000
        56     2.5056522747E+000
        57     3.6116773745E+000
        58     3.5689765980E+000
        59     3.3011626708E+000
        60     3.6840624874E+000
        61     1.0958382463E+000
        62     1.3392275721E+000
        63     3.6012986245E+000
        64     3.2312323354E+000
        65     2.2581870545E+000
        66     2.2434368060E+000
        67     2.3336779817E+000
        68     2.4280622601E+000
        69     3.3196264812E+000
        70     3.1463301705E+000
        71     3.1742412171E+000
        72     3.3160584672E+000
        73     1.8251434712E+000
        74     1.8897808524E+000
        75     2.2850086729E+000
        76     2.7074706883E+000
        77     3.1843795973E+000
        78     3.3752765111E+000
        79     3.0521908973E+000
        80     2.0695075497E+000
        81     2.0598387017E+000
        82     2.1195979029E+000
        83     2.3756999615E+000
        84     2.9321237715E+000
        85     2.8676906274E+000
        86     2.9355373442E+000
        87     2.8926941397E+000
        88     2.3690180899E+000
        89     2.7057597487E+000
        90     2.8379107188E+000
        91     2.7706796769E+000
        92     1.9976962553E+000
        93     1.9708841003E+000
        94     1.9680762217E+000
        95     2.0496308565E+000
        96     2.1007401741E+000
        97     2.7948333741E+000
        98     2.6725365186E+000
        99     2.5823896391E+000
       100     2.2772655534E+000
       101     2.5441152076E+000
       102     2.1954501426E+000
       103     2.9066308377E+000
       104     2.1456262228E+000
       105     2.0644748797E+000
       106     1.6272752121E+000
       107     1.8703586911E+000
       108     1.8842408964E+000
       109     1.9187647028E+000
       110     1.9020239018E+000
       111     1.8856994998E+000
       112     1.8527122685E+000
       113     2.6280509036E+000
       114     2.4474537387E+000
       115     2.4974210733E+000
       116     2.9736079435E+000
       117     2.5018249167E+000
       118     2.0966345098E+000
       119     2.4885782118E+000
       120     2.7727266246E+000
       121     1.9313300753E+000
       122     2.4426652615E+000
       123     1.8808974475E+000
       124     1.0754140865E+000
       125     1.5304972574E+000
       126     1.3772968013E+000
       127     1.5641612166E+000
       128     1.8201567213E+000
       129     1.9010292578E+000
       130     1.6848368644E+000
       131     1.7464038449E+000
       132     2.4736603142E+000
       133     2.3014630407E+000
       134     2.3412259618E+000
       135     2.1362375689E+000
       136     2.1509562411E+000
       137     2.0692580912E+000
       138     2.0211908275E+000
       139     1.7645734237E+000
       140     1.9086409900E+000
       141     1.0100429484E+000
       142     1.1782721239E+000
       143     9.7209985013E-001
       144     9.4025056160E-001
       145     1.5706494905E+000
       146     1.6045207830E+000
       147     1.5762417761E+000
       148     1.4519534732E+000
       149     1.5212419675E+000
       150     1.5091822275E+000
       151     2.2204734898E+000
       152     2.1427494803E+000
       153     2.0765989054E+000
       154     2.1445970136E+000
       155     1.9217949373E+000
       156     2.2416892039E+000
       157     1.4656437170E+000
       158     1.6617740277E+000
       159     1.7686693191E+000
       160     1.1219362117E+000
       161     1.1995210663E+000
       162     9.5416207616E-001
       163     1.1677409347E+000
       164     1.2158781658E+000
       165     1.3907835827E+000
       166     1.1290850901E+000
       167     2.0131374033E+000
       168     1.9065971353E+000
       169     1.8051470414E+000
       170     1.9052467568E+000
       171     1.9050030668E+000
       172     1.1140646603E+000
       173     1.7486423910E+000
       174     1.3259142127E+000
       175     1.4754793294E+000
       176     1.5674264746E+000
       177     9.3512899647E-001
       178     9.1940582464E-001
       179     1.1428896853E+000
       180     1.1581191260E+000
       181     1.0075008040E+000
       182     7.7321800780E-001
       183     4.0095087002E-001
       184     6.5305662267E-001
       185     7.6428718516E-001
       186     7.0963702391E-001
       187     1.0964927821E+000
       188     1.8469678133E+000
       189     1.7836437172E+000
       190     1.6400501382E+000
       191     1.7338384021E+000
       192     2.0202059049E+000
       193     1.7951916175E+000
       194     2.9913398925E+000
       195     1.6804243811E+000
       196     1.2325831481E+000
       197     1.4938291487E+000
       198     1.1796621513E+000
       199     1.5304042279E+000
       200     1.5434908980E+000
       201     1.2523647296E+000
       202     1.3306100666E+000
       203     1.3227874357E+000
       204     7.8662873543E-001
       205     8.7177189715E-001
       206     9.7213785147E-001
       207     8.3965935668E-001
       208     7.6404187022E-001
       209     9.0556695202E-001
       210     7.2328609743E-001
       211     6.7143135564E-001
       212     7.3993317312E-001
       213     7.1962884604E-001
       214     8.8044932899E-001
       215     1.0415166701E+000
       216     9.1911189788E-001
       217     1.7139929475E+000
       218     1.6408523964E+000
       219     1.8007662367E+000
       220     1.5536501110E+000
       221     1.0843424684E+000
       222     1.4944479682E+000
       223     1.3604166694E+000
       224     1.1694275808E+000
       225     1.2566475234E+000
       226     7.6215341821E-001
       227     7.8517037613E-001
       228     7.0653033458E-001
       229     7.1659397505E-001
       230     1.0193516256E+000
       231     1.0855595426E+000
       232     8.2532912073E-001
       233     1.0681785977E+000
       234     7.1515123066E-001
       235     7.1935516975E-001
       236     7.0574447581E-001
       237     6.7611058541E-001
       238     3.4552291246E-001
       239     8.0370744846E-001
       240     2.6080292097E-001
       241     7.6492819337E-001
       242     9.9942073339E-001
       243     8.3181342820E-001
       244     1.5478772499E+000
       245     1.4767750230E+000
       246     1.3956168939E+000
       247     1.3044454855E+000
       248     1.0608555987E+000
       249     7.2432873417E-001
       250     6.8339071818E-001
       251     6.8104999465E-001
       252     6.5839421362E-001
       253     2.5715939415E-001
       254     1.1500116940E+000
       255     1.5934867638E-001
       256     9.1850445939E-001
       257     4.8227259973E-001
       258     9.2179332151E-001
       259     7.8503309635E-001
       260     1.0419683985E+000
       261     6.7731164159E-001
       262     6.5061556842E-001
       263     6.8490667230E-001
       264     2.4841042496E-001
       265     2.4709348823E-001
       266     3.8156197738E-001
       267     6.8441367042E-001
       268     8.5685785589E-001
       269     1.3927575080E+000
       270     1.3027088365E+000
       271     1.1623292462E+000
       272     9.7444606514E-001
       273     6.5504097306E-001
       274     6.4948907114E-001
       275     6.0305077772E-001
       276     6.4384598984E-001
       277     4.1885507131E-001
       278     8.4163329047E-001
       279     5.0887472072E-001
       280     8.1477964803E-001
       281     8.6971781981E-001
       282     8.2693422004E-001
       283     9.0307567248E-001
       284     6.4817074056E-001
       285     6.4837171165E-001
       286     6.2281934028E-001
       287     1.6388071810E+000
       288     6.5032846189E-001
       289     3.6128717956E-001
       290     7.0041389894E-001
       291     8.3048537577E-001
       292     1.5787391473E+000
       293     1.2880277115E+000
       294     1.0698368746E+000
       295     1.8765207691E+000
       296     1.8962304076E+000
       297     5.8808904077E-001
       298     6.3358340963E-001
       299     5.9100134652E-001
       300     3.4553045738E-001
       301     8.4830396709E-001
       302     5.2629220011E-001
       303     7.1592715877E-001
       304     6.5115814975E-001
       305     8.2230172341E-001
       306     5.7397204362E-001
       307     6.5320610797E-001
       308     5.3436800237E-001
       309     8.5732948126E-001
       310     5.9654128726E-001
       311     6.2555458549E-001
       312     4.2663267165E-001
       313     6.8393089824E-001
       314     9.3334694189E-001
       315     1.3753514425E+000
       316     1.1378042475E+000
       317     1.4300281483E+000
       318     5.5242618832E-001
       319     5.1892499648E-001
       320     5.3540309977E-001
       321     3.8015383250E-001
       322     5.1424231977E-001
       323     8.1003310278E-001
       324     7.4644151027E-001
       325     6.1554793184E-001
       326     4.6485157964E-001
       327     4.5203213422E-001
       328     5.2752400097E-001
       329     1.0519327684E+000
       330     6.8229157145E-001
       331     5.2777525873E-001
       332     3.2696962414E-001
       333     7.7172735045E-001
       334     9.4169665555E-001
       335     1.1471234301E+000
       336     5.7521603952E-001
       337     4.4472848488E-001
       338     4.4685113414E-001
       339     1.1015210745E-001
       340     4.2280587432E-001
       341     3.4652803762E-002
       342     3.6350901631E-001
       343     4.1234393601E-001
       344     3.6414083034E-001
       345     2.3995283962E-001
       346     5.0761517750E-001
       347     3.8789407709E-001
       348     2.0694688247E-001
       349     2.2348382025E-002
       350     9.2354728568E-002
       351     5.8430944960E-001
       352     6.9403458631E-001
       353     9.8902149806E-001
       354     1.2000388607E+000
       355     9.2986103975E-001
       356     3.3466788012E-001
       357     2.7352839303E-001
       358     3.6008683924E-001
       359     4.5239552705E-001
       360     4.0093913863E-001
       361     9.4700515436E-002
       362     1.8708454618E-001
       363     3.6638095898E-001
       364     2.7863076283E-001
       365     3.1219191354E-001
       366     2.0609114908E-001
       367     5.7399094983E-003
       368     4.6473679643E-003
       369     1.2355112089E-002
       370     1.7684769817E-002
       371     7.2993979544E-003
       372     1.0633221279E-001
       373     3.1931105015E-001
       374     2.8182454786E-001
       375     2.6810091036E-001
       376     1.2290354020E-001
       377     2.1661923250E-001
       378     6.0436051152E-001
       379     7.7501719959E-001
       380     3.8702731456E-001
       381     0.0000000000E+000
       382     6.9935994868E-001
       383     4.8357758336E-001
       384     7.5866453768E-001
       385     4.1585461970E-001
       386     2.9717393767E-001
       387     3.1691278906E-001
       388     3.9244763851E-001
       389     2.6358666369E-001
       390     5.1874364876E-003
       391     4.9281339048E-003
       392     2.1949465074E-001
       393     8.0210550788E-002
       394     4.8373248257E-003
       395     1.9799361727E-003
       396     4.4665453484E-003
       397     6.3959190724E-004
       398     1.0046959415E-002
       399     1.3875805889E-003
       400     5.4716234833E-002
       401     2.9631516611E-001
       402     1.0441005723E-001
       403     2.2953210172E-001
       404     1.7698014330E-001
       405     4.4503279391E-001
       406     7.0683772017E-001
       407     2.3290556027E-001
       408     4.1074445017E-001
       409     3.5668618846E-001
       410     4.7566762135E-001
       411     4.4796905982E-001
       412     3.3633418707E-001
       413     3.2112996960E-001
       414     2.7334971463E-001
       415     2.5959961485E-001
       416     9.0826301982E-002
       417     2.1963501192E-003
       418     2.5534352813E-003
       419     2.9588980908E-003
       420     2.7381067439E-003
       421     2.0624187100E-003
       422     3.3010940198E-003
       423     2.2009139726E-002
       424     1.9225516250E-002
       425     6.2191985280E-002
       426     2.3369535977E-001
       427     1.2297141518E-001
       428     1.9231993043E-001
       429     4.2575754820E-001
       430     5.6762903148E-001
       431     5.3039811536E-001
       432     4.4200036443E-001
       433     4.5603645237E-001
       434     4.4612347393E-001
       435     3.4042249279E-001
       436     4.2757154581E-001
       437     4.7188918068E-001
       438     3.3036591685E-001
       439     2.9181709144E-001
       440     2.5178151284E-001
       441     1.5683453303E-001
       442     2.0982710031E-003
       443     5.6433814699E-003
       444     1.8656682971E-002
       445     1.5445081642E-002
       446     1.9949161828E-002
       447     5.3140363866E-002
       448     3.6008873806E-002
       449     1.0206062983E-001
       450     2.0927791735E-001
       451     1.6144980064E-001
       452     4.1436584972E-001
       453     1.0914702350E+000
       454     4.8671308741E-001
       455     5.2037979457E-001
       456     5.4372274467E-001
       457     6.2937988876E-001
       458     4.2239320186E-001
       459     3.6650585868E-001
       460     4.0220857515E-001
       461     4.6205106398E-001
       462     3.2786631061E-001
       463     2.8781261981E-001
       464     2.5422005471E-001
       465     1.2789120816E-001
       466     2.5156165413E-002
       467     3.7525022292E-002
       468     4.4808338600E-002
       469     4.3824556542E-002
       470     7.3293837854E-002
       471     7.0856816656E-002
       472     1.1301068570E-001
       473     1.6617334778E-001
       474     2.1656834477E-001
       475     3.3854970105E-001
       476     5.6797431209E-001
       477     4.8593287508E-001
       478     5.4138905037E-001
       479     5.8276616164E-001
       480     6.5841315611E-001
       481     6.6857763104E-001
       482     7.7954035264E-001
       483     9.9149756348E-001
       484     4.4991774758E-001
       485     3.7862176617E-001
       486     3.4389298159E-001
       487     4.8321003786E-001
       488     2.9722290457E-001
       489     2.4556052473E-001
       490     5.6575977705E-002
       491     5.9610292189E-002
       492     6.1882060416E-002
       493     7.8108781548E-002
       494     1.2135817819E-001
       495     1.1495319577E-001
       496     1.6596006089E-001
       497     2.0740838529E-001
       498     2.7275606453E-001
       499     8.4693888895E-001
       500     1.1128255855E+000
       501     1.0872572841E+000
       502     1.0475463014E+000
       503     5.9089467556E-001
       504     5.1932344736E-001
       505     6.7709360655E-001
       506     7.7183274435E-001
       507     8.4707729714E-001
       508     4.2237361376E-001
       509     3.7576161358E-001
       510     3.2969010668E-001
       511     4.7047548429E-001
       512     2.8880350618E-001
       513     2.4630994646E-001
       514     8.9103375853E-002
       515     8.2556097180E-002
       516     9.6421445748E-002
       517     1.2406855138E-001
       518     1.6361806142E-001
       519     1.6565823627E-001
       520     2.1293061581E-001
       521     5.0841414414E-001
       522     6.8076835547E-001
       523     9.5678302710E-001
       524     1.1621569978E+000
       525     9.5114478025E-001
       526     6.2619784752E-001
       527     5.5256538877E-001
       528     5.0555632917E-001
       529     6.8173651914E-001
       530     8.1163762867E-001
       531     4.2034422831E-001
       532     3.8053075725E-001
       533     3.2452491507E-001
       534     4.5888207212E-001
       535     3.4495969462E-001
       536     2.9676945925E-001
       537     2.6498014947E-001
       538     1.0472204778E-001
       539     1.2638579061E-001
       540     1.5062351534E-001
       541     1.8703445704E-001
       542     2.1631086403E-001
       543     2.5792791445E-001
       544     3.5520974248E-001
       545     4.3263412295E-001
       546     8.1065847568E-001
       547     1.2841846547E+000
       548     9.8481706688E-001
       549     8.1303861411E-001
       550     6.0745066184E-001
       551     6.4848485197E-001
       552     5.4924369145E-001
       553     5.0894004732E-001
       554     7.1053388248E-001
       555     4.2300000556E-001
       556     3.7893214887E-001
       557     4.7145722814E-001
       558     3.4271742853E-001
       559     3.8493288506E-001
       560     3.1324249349E-001
       561     1.9158687298E-001
       562     1.9269514057E-001
       563     2.2179024107E-001
       564     2.4975964296E-001
       565     2.8126676161E-001
       566     3.2126080084E-001
       567     4.9718645541E-001
       568     1.3660922421E+000
       569     1.2806643527E+000
       570     1.3514934807E+000
       571     7.4333016598E-001
       572     9.8663864602E-001
       573     8.9540923454E-001
       574     7.9978151838E-001
       575     5.9813183217E-001
       576     6.4569438277E-001
       577     5.5675935121E-001
       578     5.1823930309E-001
       579     6.6928082723E-001
       580     4.3313699087E-001
       581     4.8312268355E-001
       582     3.7997348206E-001
       583     4.3227519617E-001
       584     3.3113683171E-001
       585     2.2221381939E-001
       586     2.4497712116E-001
       587     2.7437251163E-001
       588     3.0475608013E-001
       589     2.7304498334E-001
       590     8.2560269644E-001
       591     1.4771937957E+000
       592     1.0712625836E+000
       593     1.2889380477E+000
       594     1.2667828347E+000
       595     7.4524530547E-001
       596     9.5600407951E-001
       597     8.7197878619E-001
       598     7.9628389883E-001
       599     5.3691211794E-001
       600     6.1335569210E-001
       601     5.7716591829E-001
       602     6.6305182225E-001
       603     4.7943036195E-001
       604     5.2555139045E-001
       605     3.8245279657E-001
       606     4.2933955642E-001
       607     4.8036286860E-001
       608     3.5945820414E-001
       609     2.8473626968E-001
       610     2.9865894463E-001
       611     3.2807168444E-001
       612     2.7813469527E-001
       613     7.3940382626E-001
       614     1.5276377071E+000
       615     1.5883327017E+000
       616     1.6811302070E+000
       617     1.7357733041E+000
       618     1.7904841526E+000
       619     1.3501557401E+000
       620     1.0502077622E+000
       621     1.1246501244E+000
       622     1.1948585414E+000
       623     7.0930031499E-001
       624     9.3343158809E-001
       625     8.8805290824E-001
       626     7.7350449570E-001
       627     5.7716151198E-001
       628     6.3187533232E-001
       629     5.3848814647E-001
       630     4.1832319802E-001
       631     4.7293096565E-001
       632     5.1699373506E-001
       633     3.7449269262E-001
       634     3.2007742506E-001
       635     3.5786739182E-001
       636     3.2487116200E-001
       637     5.3275427286E-001
       638     1.4557033661E+000
       639     1.5238588724E+000
       640     1.5649776512E+000
       641     1.8303463461E+000
       642     1.6847804181E+000
       643     1.3220975517E+000
       644     1.0034377399E+000
       645     1.0971462609E+000
       646     1.1823154605E+000
       647     7.0301270766E-001
       648     9.5776631952E-001
       649     8.6204673189E-001
       650     7.5921476094E-001
       651     6.0111801882E-001
       652     6.5386847312E-001
       653     5.6965435988E-001
       654     4.3177535892E-001
       655     4.6524151608E-001
       656     5.2804993207E-001
       657     3.9884410640E-001
       658     3.8385313564E-001
       659     3.6964899597E-001
       660     4.1975404723E-001
       661     1.3935715317E+000
       662     1.4953071546E+000
       663     1.9114577441E+000
       664     1.7125355217E+000
       665     1.8609689730E+000
       666     1.9237114077E+000
       667     1.9952575933E+000
       668     1.9937808485E+000
       669     1.5473081676E+000
       670     1.2508510638E+000
       671     1.0325873708E+000
       672     1.1350772415E+000
       673     7.3140978374E-001
       674     9.3959396777E-001
       675     8.2308871152E-001
       676     6.3302116248E-001
       677     7.0200536136E-001
       678     5.8899139758E-001
       679     4.5653472050E-001
       680     5.1312550752E-001
       681     5.6013281842E-001
       682     4.4063653350E-001
       683     1.4901547299E+000
       684     1.2521929253E+000
       685     4.2319957521E-001
       686     4.1908227169E-001
       687     1.3698334852E+000
       688     1.9736647625E+000
       689     2.1277117500E+000
       690     1.9487985914E+000
       691     1.7771971160E+000
       692     1.6486914339E+000
       693     1.8563349475E+000
       694     1.8647058560E+000
       695     1.9546295430E+000
       696     1.4631314879E+000
       697     1.2322524169E+000
       698     1.0119133300E+000
       699     1.1124100055E+000
       700     7.7644131845E-001
       701     9.1249989866E-001
       702     6.5589111828E-001
       703     7.3433640442E-001
       704     6.4234983040E-001
       705     5.9517066082E-001
       706     4.8680906586E-001
       707     5.5225922884E-001
       708     4.8795574475E-001
       709     5.3913024887E-001
       710     4.7864491150E-001
       711     8.7624767899E-001
       712     1.3077893681E+000
       713     2.2746573042E+000
       714     2.2684135366E+000
       715     1.7604580265E+000
       716     2.0063310388E+000
       717     2.4111295828E+000
       718     1.9204657776E+000
       719     1.9893254352E+000
       720     1.9908066638E+000
       721     1.7065499354E+000
       722     1.5421849385E+000
       723     1.7732955329E+000
       724     1.8375991463E+000
       725     1.3861893333E+000
       726     1.1982753546E+000
       727     1.0043955731E+000
       728     1.0913979557E+000
       729     8.4858788559E-001
       730     9.3418390068E-001
       731     6.9621788057E-001
       732     8.0001764543E-001
       733     6.6088131015E-001
       734     6.1744579518E-001
       735     5.5849612785E-001
       736     5.5549195767E-001
       737     1.2743847027E+000
       738     2.0694646759E+000
       739     1.8953337837E+000
       740     2.1563875022E+000
       741     1.9418548529E+000
       742     1.8464705458E+000
       743     1.9288376171E+000
       744     1.6135723557E+000
       745     1.4825931717E+000
       746     1.6756580082E+000
       747     1.7563207231E+000
       748     1.3376013801E+000
       749     1.1639865916E+000
       750     1.0348320518E+000
       751     9.1816763276E-001
       752     7.8953449396E-001
       753     7.1015657521E-001
       754     5.8571448804E-001
       755     1.2355879147E+000
       756     2.0315487914E+000
       757     2.1918275365E+000
       758     1.9792652139E+000
       759     1.4115958347E+000
       760     1.9264314291E+000
       761     1.7940142955E+000
       762     1.5245508339E+000
       763     1.6131788984E+000
       764     1.3242338086E+000
       765     1.1348145239E+000
       766     9.9290820601E-001
       767     9.0981051131E-001
       768     8.2768660214E-001
       769     7.1874878651E-001
       770     1.2178968638E+000
       771     1.9891334830E+000
       772     2.0631676923E+000
       773     2.0841541898E+000
       774     2.1781314198E+000
       775     1.9080892277E+000
       776     1.4101980980E+000
       777     1.7361463095E+000
       778     1.6244590251E+000
       779     1.5132241287E+000
       780     1.3034032264E+000
       781     1.0965378079E+000
       782     9.9033296369E-001
       783     9.1332476841E-001
       784     8.6171157155E-001
       785     1.1770148800E+000
       786     1.1865219101E+000
       787     1.9278136247E+000
       788     1.9725811268E+000
       789     2.0993040427E+000
       790     1.9836044157E+000
       791     1.7966561019E+000
       792     1.3845792530E+000
       793     1.6162633280E+000
       794     1.4694103939E+000
       795     1.2884802715E+000
       796     1.0857196642E+000
       797     9.8153192786E-001
       798     9.2006887879E-001
       799     7.5920001575E-001
       800     1.0698295653E+000
       801     1.1868668392E+000
       802     2.1731864977E+000
       803     1.9755763114E+000
       804     1.7852061947E+000
       805     1.9339019322E+000
       806     1.5716584190E+000
       807     1.3575756140E+000
       808     1.4380311320E+000
       809     1.2753727287E+000
       810     1.0857964853E+000
       811     9.9279608539E-001
       812     1.1852736984E+000
       813     1.9740691162E+000
       814     2.0208869507E+000
       815     1.5741370681E+000
       816     1.6460714855E+000
       817     1.4664049747E+000
       818     1.6318047016E+000
       819     1.5666483363E+000
       820     1.3558971707E+000
       821     1.2449222001E+000
       822     1.1171652428E+000
       823     2.0505877332E+000
       824     1.9322348351E+000
       825     1.6563994062E+000
       826     1.4940234394E+000
       827     1.4128836631E+000
       828     1.4966933408E+000
       829     1.5484372017E+000
       830     1.2902636079E+000
       831     1.1805983562E+000
       832     2.1033689839E+000
       833     1.5719180985E+000
       834     1.7739232975E+000
       835     1.6332884720E+000
       836     1.5554868510E+000
       837     1.3977187634E+000
       838     1.4269747693E+000
       839     1.2806593579E+000
       840     1.9221252150E+000
       841     1.5594958595E+000
       842     1.8056165483E+000
       843     1.6513220149E+000
       844     1.7474132239E+000
       845     1.6530694378E+000
       846     1.4901179328E+000
       847     1.4484198716E+000
       848     1.3791989881E+000
       849     1.8309882496E+000
       850     1.6340818527E+000
       851     1.3822659417E+000
       852     1.5010763165E+000
       853     1.5767956654E+000
       854     1.6518674169E+000
       855     1.4643489947E+000
       856     1.3695065142E+000
       857     1.6365362892E+000
       858     1.6117953721E+000
       859     1.7411117617E+000
       860     1.3486157017E+000
       861     1.5106745302E+000
       862     1.4395177491E+000
       863     1.4352402852E+000
       864     1.3229024599E+000
       865     1.5352102072E+000
       866     1.6931166461E+000
       867     1.5954701137E+000
       868     1.5807148868E+000
       869     1.6395395122E+000
       870     1.3795819070E+000
       871     1.4317353305E+000
       872     4.1033715656E-001
       873     3.6494317515E-001
       874     1.3767818250E+000
       875     1.2764421227E+000
       876     1.3401024024E+000
       877     1.5551011773E+000
       878     1.3996962998E+000
       879     1.4002220073E+000
       880     1.2895797061E+000
       881     9.1572338012E-001
       882     8.8085825686E-001
       883     4.0137200098E-001
       884     5.8311108724E-001
       885     1.1940787726E+000
       886     1.2063100530E+000
       887     1.2762441581E+000
       888     1.1422416953E+000
       889     1.0362342396E+000
       890     9.3474362197E-001
       891     1.1510305195E+000
       892     1.0315502820E+000
       893     4.3109297879E-001
       894     5.6593765074E-001
       895     1.0292589550E+000
       896     1.0167519468E+000
       897     1.0667618570E+000
       898     1.0096944287E+000
       899     1.1679475821E+000
       900     1.2366529996E+000
       901     8.6233427936E-001
       902     1.8634499569E+000
       903     9.7691273017E-001
       904     9.4223046813E-001
       905     4.3057042798E-001
       906     4.1531959527E-001
       907     4.2341490261E-001
       908     5.3402986942E-001
       909     8.7897004522E-001
       910     8.7443019412E-001
       911     8.8345603718E-001
       912     8.1830194889E-001
       913     9.7065398225E-001
       914     1.7459808151E+000
       915     1.9200245176E+000
       916     8.6446901382E-001
       917     8.4899978592E-001
       918     6.8297842796E-001
       919     4.6814582721E-001
       920     4.2572184064E-001
       921     7.2169208505E-001
       922     7.7872559656E-001
       923     7.0882336146E-001
       924     7.8694999495E-001
       925     8.5040485441E-001
       926     1.3716144428E+000
       927     1.6569534766E+000
       928     7.7444257260E-001
       929     7.3670173560E-001
       930     6.6974464921E-001
       931     8.1329886139E-001
       932     6.6127036558E-001
       933     4.4494758710E-001
       934     5.4082241167E-001
       935     4.8256908794E-001
       936     6.5675224854E-001
       937     6.3501750237E-001
       938     6.7106516666E-001
       939     6.4882389859E-001
       940     7.5404615256E-001
       941     9.8517656974E-001
       942     1.3420240245E+000
       943     6.4844791217E-001
       944     5.6709712210E-001
       945     5.2168706323E-001
       946     4.6227445830E-001
       947     5.1970647784E-001
       948     5.8780939650E-001
       949     5.5305248416E-001
       950     5.7772116688E-001
       951     6.0203487466E-001
       952     5.6597201283E-001
       953     5.8528890753E-001
       954     6.5009543391E-001
       955     6.7289008297E-001
       956     1.0103147012E+000
       957     5.3531670389E-001
       958     5.2257055837E-001
       959     4.7079039872E-001
       960     4.9958887725E-001
       961     5.0430444042E-001
       962     5.1263651462E-001
       963     5.1184953915E-001
       964     5.1348828804E-001
       965     5.9242465294E-001
       966     4.8596037525E-001
       967     4.9750756617E-001
       968     4.7062819107E-001
       969     4.7179540478E-001
       970     4.8057353391E-001
       971     4.8787538554E-001
       972     4.6470817222E-001
       973     1.8718304499E+000
       974     4.6040297792E-001
       975     4.5168177396E-001
       976     4.5834961485E-001
       977     4.6796224959E-001
       978     1.6535142619E+000
       979     4.6613368786E-001
       980     4.4866310456E-001
       981     1.7416935158E+000
       982     4.4499935365E-001
       983     2.6047434725E+000
       984     4.3738706244E-001
       985     4.3579439196E-001
       986     5.1221036569E-001
       987     9.9574228139E-001
       988     6.1144645608E-001
       989     5.4056975531E-001
       990     1.3153787886E+000
       991     4.2835595258E-001
       992     2.3407303315E+000
       993     2.3926574386E+000
       994     5.1217278944E-001
       995     7.5307414717E-001
       996     6.6453990773E-001
       997     9.8691222359E-001
       998     5.8278526721E-001
       999     2.2079116995E+000
      1000     2.2329545425E+000
      1001     1.0097089757E+000
      1002     7.7207891030E-001
      1003     8.1833585231E-001
      1004     1.0626704321E+000
      1005     9.4238424839E-001
      1006     8.1433243610E-001
      1007     1.5273921382E+000
      1008     1.7951709300E+000
      1009     1.9454790803E+000
      1010     1.2595945147E+000
      1011     9.9306165721E-001
      1012     1.1933993849E+000
      1013     1.1216874227E+000
      1014     1.0820249496E+000
      1015     1.5236748607E+000
      1016     1.2852465621E+000
      1017     1.2978410925E+000
      1018     1.2322651439E+000
      1019     1.3863415386E+000
      1020     1.3114352551E+000
      1021     1.4119672882E+000
      1022     1.4664891815E+000
      1023     1.5400463415E+000
      1024     1.3952654633E+000
      1025     1.5342724490E+000
      1026     1.6862269925E+000
      1027     1.5956042156E+000
      1028     1.6573802011E+000
      1029     1.6432348596E+000
      1030     1.7660554425E+000
      1031     1.8759235665E+000
      1032     1.8327273269E+000
      1033     1.9296922779E+000
      1034     1.9506205057E+000
      1035     1.8293279695E+000
      1036     2.0927205265E+000
      1037     2.1622016106E+000
      1038     2.7292517653E+000
      1039     2.6509128372E+000
      1040     2.4149618253E+000
      1041     2.8682828144E+000
      1042     3.0009775339E+000
      1043     2.7442147141E+000
      1044     2.5330642879E+000
      1045     3.2071774870E+000
      1046     3.4143160205E+000
      1047     3.5702917089E+000
      1048     2.7109996520E+000
      1049     2.9309615687E+000
      1050     2.7020972441E+000
      1051     3.0732469169E+000
      1052     3.2087993207E+000
      1053     2.8808323208E+000
      1054     2.9335410590E+000
      1055     2.6738205887E+000
      1056     3.1126205117E+000
      1057     2.7102883265E+000
      1058     3.1476876303E+000
      1059     2.9009806222E+000
      1060     3.0666348873E+000
      1061     2.7739825757E+000
      1062     2.8571917622E+000
      1063     2.7758367362E+000
      1064     2.7477613587E+000
      1065     2.7014109648E+000
      1066     2.4928464988E+000
      1067     2.5567718428E+000
      1068     2.3927034913E+000
      1069     2.2504907145E+000
     2.5920000000E+005          51840
         1     1.7179500000E+005
         2     1.7180500000E+005
         3     1.7190500000E+005
         4     1.7169000000E+005
         5     1.7221500000E+005
         6     1.7251000000E+005
         7     1.7323000000E+005
         8     1.7333000000E+005
         9     1.7363000000E+005
        10     1.7349500000E+005
        11     1.7340000000E+005
        12     1.7381000000E+005
        13     1.7381000000E+005
        14     1.7401500000E+005
        15     1.7406000000E+005
        16     1.7371500000E+005
        17     1.7379500000E+005
        18     1.7408500000E+005
        19     1.7458000000E+005
        20     1.8146500000E+005
        21     1.8157500000E+005
        22     1.7449000000E+005
        23     1.7438000000E+005
        24     1.8164500000E+005
        25     1.8147500000E+005
        26     1.7445500000E+005
        27     1.7494000000E+005
        28     1.8151000000E+005
        29     1.8149500000E+005
        30     1.7202000000E+005
        31     1.7328500000E+005
        32     1.8187000000E+005
        33     1.8120500000E+005
        34     1.7595500000E+005
        35     1.7134000000E+005
        36     1.8169500000E+005
        37     1.8188500000E+005
        38     1.7360000000E+005
        39     1.7303500000E+005
        40     1.8148500000E+005
        41     1.8165500000E+005
        42     1.8094500000E+005
        43     2.0522500000E+005
        44     1.7268000000E+005
        45     1.7388500000E+005
        46     1.7011000000E+005
        47     1.8153500000E+005
        48     1.8145500000E+005
        49     2.0179000000E+005
        50     2.0577000000E+005
        51     1.7315000000E+005
        52     1.7332000000E+005
        53     1.7349500000E+005
        54     1.6990500000E+005
        55     1.7035000000E+005
        56     1.7037500000E+005
        57     1.8144500000E+005
        58     1.8046000000E+005
        59     1.7865000000E+005
        60     1.7835000000E+005
        61     1.7980500000E+005
        62     1.8012000000E+005
        63     1.7304000000E+005
        64     1.7390500000E+005
        65     1.7267500000E+005
        66     1.7083500000E+005
        67     1.7069000000E+005
        68     1.6977000000E+005
        69     1.8132000000E+005
        70     1.7855500000E+005
        71     1.7884500000E+005
        72     1.7943000000E+005
        73     1.8270500000E+005
        74     1.8075500000E+005
        75     1.7861000000E+005
        76     1.8056000000E+005
        77     1.7478500000E+005
        78     1.7635500000E+005
        79     1.7063000000E+005
        80     1.7043500000E+005
        81     1.7266000000E+005
        82     1.7001000000E+005
        83     1.6986000000E+005
        84     1.7932500000E+005
        85     1.7858500000E+005
        86     1.7940500000E+005
        87     1.8069000000E+005
        88     1.7907000000E+005
        89     1.7897500000E+005
        90     1.7413000000E+005
        91     1.7561000000E+005
        92     1.7211500000E+005
        93     1.7345000000E+005
        94     1.7329000000E+005
        95     1.6991500000E+005
        96     1.7028500000E+005
        97     1.7864500000E+005
        98     1.7973000000E+005
        99     1.7933500000E+005
       100     1.7944000000E+005
       101     1.7856500000E+005
       102     1.6842500000E+005
       103     1.7032500000E+005
       104     1.7124500000E+005
       105     1.6383500000E+005
       106     1.6362000000E+005
       107     1.7234500000E+005
       108     1.7327000000E+005
       109     1.7350500000E+005
       110     1.7343000000E+005
       111     1.6961000000E+005
       112     1.7015500000E+005
       113     1.7840500000E+005
       114     1.8000000000E+005
       115     1.7857500000E+005
       116     1.7712500000E+005
       117     1.7745000000E+005
       118     1.7929500000E+005
       119     1.7844000000E+005
       120     1.6990000000E+005
       121     1.6896000000E+005
       122     1.6969000000E+005
       123     1.6932500000E+005
       124     1.8576500000E+005
       125     1.6406500000E+005
       126     1.6412500000E+005
       127     1.6465500000E+005
       128     1.7338500000E+005
       129     1.7374000000E+005
       130     1.6944500000E+005
       131     1.6994000000E+005
       132     1.7781000000E+005
       133     1.7814500000E+005
       134     1.7927000000E+005
       135     1.7820500000E+005
       136     1.7791500000E+005
       137     1.7910500000E+005
       138     1.6961500000E+005
       139     1.6902000000E+005
       140     1.6955500000E+005
       141     1.6443000000E+005
       142     1.6479000000E+005
       143     1.6390500000E+005
       144     1.8831500000E+005
       145     1.6541500000E+005
       146     1.7436500000E+005
       147     1.6862500000E+005
       148     1.6931000000E+005
       149     1.6973000000E+005
       150     1.6580000000E+005
       151     1.7815500000E+005
       152     1.7789500000E+005
       153     1.7787500000E+005
       154     1.7810000000E+005
       155     1.6960000000E+005
       156     1.6948500000E+005
       157     1.6874000000E+005
       158     1.6932000000E+005
       159     1.6964500000E+005
       160     1.6577000000E+005
       161     1.6575000000E+005
       162     1.8471500000E+005
       163     1.6596000000E+005
       164     1.6763000000E+005
       165     1.6842500000E+005
       166     1.6602500000E+005
       167     1.7799500000E+005
       168     1.7775500000E+005
       169     1.7433500000E+005
       170     1.7780500000E+005
       171     1.7885000000E+005
       172     1.7742000000E+005
       173     1.6986000000E+005
       174     1.6877500000E+005
       175     1.6922500000E+005
       176     1.6963000000E+005
       177     1.6539000000E+005
       178     1.6598000000E+005
       179     1.6781000000E+005
       180     1.6842000000E+005
       181     1.6674000000E+005
       182     1.8203500000E+005
       183     1.9968500000E+005
       184     1.8458000000E+005
       185     1.8144500000E+005
       186     1.8150000000E+005
       187     1.6858000000E+005
       188     1.7743500000E+005
       189     1.7704500000E+005
       190     1.7468500000E+005
       191     1.7589000000E+005
       192     1.7501000000E+005
       193     1.7690500000E+005
       194     1.7649500000E+005
       195     1.7644500000E+005
       196     1.7942000000E+005
       197     1.7901500000E+005
       198     1.8263500000E+005
       199     1.7500000000E+005
       200     1.7496000000E+005
       201     1.6927500000E+005
       202     1.6968500000E+005
       203     1.7517500000E+005
       204     1.8208000000E+005
       205     1.6613000000E+005
       206     1.6721000000E+005
       207     1.6697000000E+005
       208     1.8173500000E+005
       209     1.9920500000E+005
       210     1.8088500000E+005
       211     1.8438000000E+005
       212     1.8205500000E+005
       213     1.8107000000E+005
       214     1.6792500000E+005
       215     1.7561000000E+005
       216     1.6892000000E+005
       217     1.7675500000E+005
       218     1.7529000000E+005
       219     1.7672000000E+005
       220     1.7670000000E+005
       221     1.8313500000E+005
       222     1.7539000000E+005
       223     1.7522000000E+005
       224     1.7544500000E+005
       225     1.7544000000E+005
       226     1.8244000000E+005
       227     1.6693500000E+005
       228     1.8149500000E+005
       229     1.8181000000E+005
       230     1.9915000000E+005
       231     1.9993000000E+005
       232     1.9900000000E+005
       233     1.9996000000E+005
       234     1.8197000000E+005
       235     1.9780000000E+005
       236     1.8514500000E+005
       237     1.8527500000E+005
       238     2.0257500000E+005
       239     2.0254000000E+005
       240     2.0212000000E+005
       241     1.6852500000E+005
       242     1.7559500000E+005
       243     1.7613000000E+005
       244     1.7598500000E+005
       245     1.7703500000E+005
       246     1.7585500000E+005
       247     1.7569500000E+005
       248     1.7564000000E+005
       249     1.8261000000E+005
       250     1.8565000000E+005
       251     1.8294000000E+005
       252     1.8640000000E+005
       253     2.0258000000E+005
       254     1.9996000000E+005
       255     2.0228500000E+005
       256     2.0052500000E+005
       257     2.0136500000E+005
       258     1.9905500000E+005
       259     1.9897500000E+005
       260     2.0001000000E+005
       261     1.8550000000E+005
       262     1.9713000000E+005
       263     1.8521500000E+005
       264     2.0226000000E+005
       265     4.5500000000E+003
       266     2.0249000000E+005
       267     1.7734500000E+005
       268     1.7616000000E+005
       269     1.7634500000E+005
       270     1.7628500000E+005
       271     1.7616000000E+005
       272     1.7623500000E+005
       273     1.8607500000E+005
       274     1.8619000000E+005
       275     1.8683000000E+005
       276     1.8647500000E+005
       277     2.0281500000E+005
       278     2.0013000000E+005
       279     2.0178500000E+005
       280     2.0082500000E+005
       281     1.9911500000E+005
       282     1.9882000000E+005
       283     1.9974000000E+005
       284     1.8594500000E+005
       285     1.8609500000E+005
       286     1.8629000000E+005
       287     2.0253000000E+005
       288     2.0247500000E+005
       289     2.0268000000E+005
       290     1.7648000000E+005
       291     1.7645500000E+005
       292     1.7400000000E+005
       293     1.7636000000E+005
       294     1.7651500000E+005
       295     1.7590500000E+005
       296     1.7513500000E+005
       297     1.8688000000E+005
       298     1.8626500000E+005
       299     1.8683500000E+005
       300     2.0282000000E+005
       301     2.0025500000E+005
       302     2.0193500000E+005
       303     1.9934500000E+005
       304     1.9860000000E+005
       305     1.9960500000E+005
       306     1.8658000000E+005
       307     1.8614500000E+005
       308     1.8650500000E+005
       309     2.0262500000E+005
       310     2.0290500000E+005
       311     2.0267500000E+005
       312     2.0340500000E+005
       313     1.7709000000E+005
       314     1.7720000000E+005
       315     1.7678000000E+005
       316     1.7712500000E+005
       317     1.7276000000E+005
       318     1.7711500000E+005
       319     1.8677500000E+005
       320     1.8682000000E+005
       321     2.0338000000E+005
       322     2.0080000000E+005
       323     1.9938500000E+005
       324     1.9876500000E+005
       325     1.9986000000E+005
       326     1.8666500000E+005
       327     1.9804500000E+005
       328     1.9842500000E+005
       329     2.0273000000E+005
       330     2.0305000000E+005
       331     2.0338500000E+005
       332     2.0334000000E+005
       333     1.7714000000E+005
       334     1.7730000000E+005
       335     1.7783500000E+005
       336     1.7726500000E+005
       337     1.8693000000E+005
       338     1.8675000000E+005
       339     2.0261500000E+005
       340     1.9951000000E+005
       341     1.4559000000E+005
       342     1.9786500000E+005
       343     1.9813500000E+005
       344     1.9862500000E+005
       345     1.9935500000E+005
       346     2.0305500000E+005
       347     2.0427500000E+005
       348     2.0321000000E+005
       349     2.0317000000E+005
       350     2.0300000000E+005
       351     2.0355000000E+005
       352     1.7717500000E+005
       353     1.7671500000E+005
       354     1.7508500000E+005
       355     1.9820000000E+005
       356     2.3242000000E+005
       357     2.3220500000E+005
       358     2.3220500000E+005
       359     1.7738500000E+005
       360     1.9745000000E+005
       361     2.0349000000E+005
       362     2.0004000000E+005
       363     1.9819000000E+005
       364     1.9878500000E+005
       365     1.9954000000E+005
       366     2.0337500000E+005
       367     7.5800000000E+003
       368     2.0356500000E+005
       369     2.0363500000E+005
       370     2.3187000000E+005
       371     8.1750000000E+003
       372     2.0349000000E+005
       373     2.3220500000E+005
       374     2.3218000000E+005
       375     2.3200000000E+005
       376     2.3159000000E+005
       377     2.3202000000E+005
       378     1.7613000000E+005
       379     1.7725000000E+005
       380     2.3183500000E+005
       381     5.0000000000E+000
       382     2.3211000000E+005
       383     2.3164500000E+005
       384     2.3148500000E+005
       385     2.3252000000E+005
       386     2.3254000000E+005
       387     2.3262500000E+005
       388     1.9774000000E+005
       389     1.9813000000E+005
       390     7.4750000000E+003
       391     7.9250000000E+004
       392     1.9883000000E+005
       393     1.9964500000E+005
       394     5.5800000000E+003
       395     7.4300000000E+003
       396     7.6100000000E+003
       397     5.3300000000E+003
       398     2.5340000000E+005
       399     2.5536000000E+005
       400     2.3203000000E+005
       401     2.3224000000E+005
       402     2.3143500000E+005
       403     2.3179500000E+005
       404     2.3173000000E+005
       405     1.7598500000E+005
       406     1.7665500000E+005
       407     2.3248000000E+005
       408     2.3212000000E+005
       409     2.3179000000E+005
       410     2.3165500000E+005
       411     2.3176500000E+005
       412     2.3237500000E+005
       413     2.3193500000E+005
       414     2.3172500000E+005
       415     1.7552000000E+005
       416     1.9860000000E+005
       417     7.9850000000E+003
       418     8.2250000000E+003
       419     8.5900000000E+003
       420     8.6850000000E+003
       421     7.4450000000E+003
       422     2.5876000000E+005
       423     2.3171500000E+005
       424     2.5238000000E+005
       425     2.3257500000E+005
       426     2.3180500000E+005
       427     2.3228000000E+005
       428     2.3158000000E+005
       429     1.7588500000E+005
       430     1.7614500000E+005
       431     2.3145000000E+005
       432     2.3200500000E+005
       433     2.3182500000E+005
       434     2.3182500000E+005
       435     2.3201000000E+005
       436     2.3179500000E+005
       437     2.3134000000E+005
       438     2.3210000000E+005
       439     2.3166500000E+005
       440     2.3160000000E+005
       441     1.7543000000E+005
       442     8.6200000000E+003
       443     2.5920000000E+005
       444     2.5640000000E+005
       445     2.5397500000E+005
       446     2.5346500000E+005
       447     2.3260500000E+005
       448     2.5324000000E+005
       449     2.3247000000E+005
       450     2.3161000000E+005
       451     2.3216500000E+005
       452     1.7583500000E+005
       453     1.7462500000E+005
       454     2.3085500000E+005
       455     2.3069500000E+005
       456     2.3116000000E+005
       457     2.3061000000E+005
       458     2.3185500000E+005
       459     2.3219500000E+005
       460     2.3171500000E+005
       461     2.3121000000E+005
       462     2.3198000000E+005
       463     2.3160000000E+005
       464     2.3156500000E+005
       465     1.7551000000E+005
       466     2.5795500000E+005
       467     2.5341500000E+005
       468     2.5353500000E+005
       469     2.5323000000E+005
       470     2.3260500000E+005
       471     2.3289000000E+005
       472     2.3274000000E+005
       473     2.3243000000E+005
       474     2.3167000000E+005
       475     1.7571000000E+005
       476     1.7623500000E+005
       477     2.3145500000E+005
       478     2.3020500000E+005
       479     2.2981000000E+005
       480     2.3026000000E+005
       481     2.2861000000E+005
       482     2.2922000000E+005
       483     2.2878000000E+005
       484     2.3143000000E+005
       485     2.3162500000E+005
       486     2.3164000000E+005
       487     2.3131000000E+005
       488     2.3182000000E+005
       489     2.3182000000E+005
       490     2.5229000000E+005
       491     2.5326000000E+005
       492     2.5322500000E+005
       493     2.4886500000E+005
       494     2.3273500000E+005
       495     2.3289500000E+005
       496     2.3258000000E+005
       497     2.3240000000E+005
       498     1.7563500000E+005
       499     1.7471000000E+005
       500     1.7500000000E+005
       501     2.2825500000E+005
       502     2.2673000000E+005
       503     2.2963000000E+005
       504     2.3085000000E+005
       505     2.2969500000E+005
       506     2.2957500000E+005
       507     2.2846000000E+005
       508     2.3104000000E+005
       509     2.3188000000E+005
       510     2.3188000000E+005
       511     2.3083000000E+005
       512     2.3206500000E+005
       513     2.3230500000E+005
       514     2.4981500000E+005
       515     2.4897500000E+005
       516     2.4865500000E+005
       517     2.3347000000E+005
       518     2.3284000000E+005
       519     2.3313000000E+005
       520     2.3256500000E+005
       521     1.7545000000E+005
       522     1.7518000000E+005
       523     2.2827000000E+005
       524     2.2627000000E+005
       525     2.2676000000E+005
       526     2.2935000000E+005
       527     2.3066000000E+005
       528     2.3074000000E+005
       529     2.2920500000E+005
       530     2.2875500000E+005
       531     2.3088000000E+005
       532     2.3196500000E+005
       533     2.3205500000E+005
       534     2.3116000000E+005
       535     2.3215000000E+005
       536     2.3230000000E+005
       537     2.3242000000E+005
       538     2.4509000000E+005
       539     2.4688500000E+005
       540     2.3373500000E+005
       541     2.3306500000E+005
       542     2.3282000000E+005
       543     2.3262000000E+005
       544     1.7573000000E+005
       545     1.7603500000E+005
       546     2.2703000000E+005
       547     2.2563000000E+005
       548     2.2591000000E+005
       549     2.2604500000E+005
       550     2.3033500000E+005
       551     2.3036000000E+005
       552     2.3054500000E+005
       553     2.3109500000E+005
       554     2.2721500000E+005
       555     2.3154500000E+005
       556     2.3198000000E+005
       557     2.3128500000E+005
       558     2.3208000000E+005
       559     2.3192500000E+005
       560     2.3234500000E+005
       561     2.4479000000E+005
       562     2.3387500000E+005
       563     2.3326000000E+005
       564     2.3302000000E+005
       565     2.3310000000E+005
       566     1.7621500000E+005
       567     1.7592500000E+005
       568     2.2500000000E+005
       569     2.2424500000E+005
       570     2.2360500000E+005
       571     2.2648500000E+005
       572     2.2549500000E+005
       573     2.2546000000E+005
       574     2.2590000000E+005
       575     2.3028000000E+005
       576     2.3014000000E+005
       577     2.3078000000E+005
       578     2.3108500000E+005
       579     2.2676000000E+005
       580     2.3184000000E+005
       581     2.3163500000E+005
       582     2.3216500000E+005
       583     2.3185500000E+005
       584     2.3286000000E+005
       585     2.3446500000E+005
       586     2.3374500000E+005
       587     2.3321000000E+005
       588     2.3306000000E+005
       589     1.7593000000E+005
       590     1.7623000000E+005
       591     2.2363000000E+005
       592     2.2473000000E+005
       593     2.2433500000E+005
       594     2.2370500000E+005
       595     2.2624500000E+005
       596     2.2505500000E+005
       597     2.2508500000E+005
       598     2.2527500000E+005
       599     2.3143500000E+005
       600     2.3047500000E+005
       601     2.3052500000E+005
       602     2.2669500000E+005
       603     2.3168500000E+005
       604     2.3153500000E+005
       605     2.3263500000E+005
       606     2.3211000000E+005
       607     2.3177500000E+005
       608     2.3288000000E+005
       609     2.3420000000E+005
       610     2.3394500000E+005
       611     2.3311000000E+005
       612     2.3502500000E+005
       613     1.7726500000E+005
       614     2.2307500000E+005
       615     2.2278500000E+005
       616     2.2232500000E+005
       617     2.2199500000E+005
       618     2.2169500000E+005
       619     2.2324000000E+005
       620     2.2460000000E+005
       621     2.2399000000E+005
       622     2.2339000000E+005
       623     2.2638500000E+005
       624     2.2459500000E+005
       625     2.2458000000E+005
       626     2.2520500000E+005
       627     2.3020000000E+005
       628     2.3021000000E+005
       629     2.3154000000E+005
       630     2.3264500000E+005
       631     2.3232500000E+005
       632     2.3155500000E+005
       633     2.3285500000E+005
       634     2.3423000000E+005
       635     2.3374500000E+005
       636     2.3519000000E+005
       637     1.7702000000E+005
       638     2.2306500000E+005
       639     2.2250000000E+005
       640     2.2219500000E+005
       641     2.2144000000E+005
       642     2.2189000000E+005
       643     2.2311500000E+005
       644     2.2405000000E+005
       645     2.2345000000E+005
       646     2.2307000000E+005
       647     2.2644500000E+005
       648     2.2415000000E+005
       649     2.2455500000E+005
       650     2.2599000000E+005
       651     2.2979000000E+005
       652     2.2783000000E+005
       653     2.2944500000E+005
       654     2.3279000000E+005
       655     2.3266500000E+005
       656     2.2997500000E+005
       657     2.3312500000E+005
       658     2.3416000000E+005
       659     2.3440500000E+005
       660     1.7744000000E+005
       661     2.2251500000E+005
       662     2.2238000000E+005
       663     2.2128500000E+005
       664     2.2156000000E+005
       665     2.2088500000E+005
       666     2.2095000000E+005
       667     2.2065000000E+005
       668     2.2059500000E+005
       669     2.2191500000E+005
       670     2.2281000000E+005
       671     2.2385000000E+005
       672     2.2318000000E+005
       673     2.2630000000E+005
       674     2.2396500000E+005
       675     2.2438500000E+005
       676     2.2867000000E+005
       677     2.2682500000E+005
       678     2.2884000000E+005
       679     2.3274000000E+005
       680     2.2983500000E+005
       681     2.2906500000E+005
       682     2.2999000000E+005
       683     1.8008500000E+005
       684     1.7948500000E+005
       685     2.3421500000E+005
       686     2.3468500000E+005
       687     2.2238000000E+005
       688     2.2038500000E+005
       689     2.2011500000E+005
       690     2.2007500000E+005
       691     2.2135500000E+005
       692     2.2149500000E+005
       693     2.2107000000E+005
       694     2.2073000000E+005
       695     2.2062000000E+005
       696     2.2196000000E+005
       697     2.2272500000E+005
       698     2.2333000000E+005
       699     2.2301000000E+005
       700     2.2445000000E+005
       701     2.2391500000E+005
       702     2.2721500000E+005
       703     2.2645000000E+005
       704     2.2819000000E+005
       705     2.2840000000E+005
       706     2.2987500000E+005
       707     2.2889000000E+005
       708     2.2983000000E+005
       709     2.2897000000E+005
       710     2.2933500000E+005
       711     2.3007500000E+005
       712     2.2240500000E+005
       713     2.1946500000E+005
       714     2.1982500000E+005
       715     2.1969000000E+005
       716     2.1945000000E+005
       717     2.1989500000E+005
       718     2.2039000000E+005
       719     2.1992000000E+005
       720     2.2015000000E+005
       721     2.2132000000E+005
       722     2.2139500000E+005
       723     2.2107000000E+005
       724     2.2076500000E+005
       725     2.2187500000E+005
       726     2.2277500000E+005
       727     2.2326500000E+005
       728     2.2296500000E+005
       729     2.2383500000E+005
       730     2.2335000000E+005
       731     2.2689000000E+005
       732     2.2407000000E+005
       733     2.2714000000E+005
       734     2.2848500000E+005
       735     2.2836000000E+005
       736     2.2856500000E+005
       737     2.2236000000E+005
       738     2.1940500000E+005
       739     2.1963500000E+005
       740     2.1941000000E+005
       741     2.1980000000E+005
       742     2.2049000000E+005
       743     2.2004000000E+005
       744     2.2122000000E+005
       745     2.2137000000E+005
       746     2.2089000000E+005
       747     2.2063500000E+005
       748     2.2161000000E+005
       749     2.2253500000E+005
       750     2.2296500000E+005
       751     2.2353500000E+005
       752     2.2420500000E+005
       753     2.2703500000E+005
       754     2.2796500000E+005
       755     2.2201500000E+005
       756     2.1937000000E+005
       757     2.1928000000E+005
       758     2.1967000000E+005
       759     2.2115500000E+005
       760     2.1982000000E+005
       761     2.2025000000E+005
       762     2.2107000000E+005
       763     2.2077000000E+005
       764     2.2146500000E+005
       765     2.2244500000E+005
       766     2.2284500000E+005
       767     2.2319000000E+005
       768     2.2381000000E+005
       769     2.2447500000E+005
       770     2.2186500000E+005
       771     2.1929000000E+005
       772     2.1907500000E+005
       773     2.1889000000E+005
       774     2.1852500000E+005
       775     2.1943000000E+005
       776     2.2104000000E+005
       777     2.2026500000E+005
       778     2.2049000000E+005
       779     2.2075000000E+005
       780     2.2138000000E+005
       781     2.2224000000E+005
       782     2.2273000000E+005
       783     2.2321000000E+005
       784     2.2335000000E+005
       785     1.8172500000E+005
       786     2.2186500000E+005
       787     2.1880500000E+005
       788     2.1834500000E+005
       789     2.1828500000E+005
       790     2.1837000000E+005
       791     2.1948000000E+005
       792     2.2099500000E+005
       793     2.2036000000E+005
       794     2.2062000000E+005
       795     2.2127000000E+005
       796     2.2211500000E+005
       797     2.2218500000E+005
       798     2.2271000000E+005
       799     2.2279000000E+005
       800     2.2344000000E+005
       801     2.2169000000E+005
       802     2.1857500000E+005
       803     2.1842500000E+005
       804     2.1882500000E+005
       805     2.1865000000E+005
       806     2.1996500000E+005
       807     2.2085000000E+005
       808     2.2056000000E+005
       809     2.2121500000E+005
       810     2.2204500000E+005
       811     2.2234500000E+005
       812     2.2132000000E+005
       813     2.2022500000E+005
       814     2.1982500000E+005
       815     2.1937000000E+005
       816     2.1929000000E+005
       817     2.2003500000E+005
       818     2.1968500000E+005
       819     2.1957000000E+005
       820     2.2078000000E+005
       821     2.2097000000E+005
       822     2.2128500000E+005
       823     2.2094000000E+005
       824     2.2000000000E+005
       825     2.1930000000E+005
       826     2.1976000000E+005
       827     2.1970500000E+005
       828     2.1946500000E+005
       829     2.1945000000E+005
       830     2.2011500000E+005
       831     2.2082500000E+005
       832     2.2013500000E+005
       833     1.9275000000E+005
       834     2.2028500000E+005
       835     2.1935000000E+005
       836     2.1953500000E+005
       837     2.1971000000E+005
       838     2.1958000000E+005
       839     2.1986000000E+005
       840     2.2063000000E+005
       841     2.2956000000E+005
       842     1.8945500000E+005
       843     2.2109000000E+005
       844     2.2056000000E+005
       845     2.1935500000E+005
       846     2.1941500000E+005
       847     2.1939000000E+005
       848     2.1952000000E+005
       849     2.2077000000E+005
       850     2.2870000000E+005
       851     2.2957500000E+005
       852     2.2067000000E+005
       853     2.2095000000E+005
       854     2.2056500000E+005
       855     2.2039000000E+005
       856     2.1974000000E+005
       857     2.2060500000E+005
       858     2.2276500000E+005
       859     2.2649500000E+005
       860     2.3001500000E+005
       861     2.2059500000E+005
       862     2.2081000000E+005
       863     2.2132500000E+005
       864     2.2059000000E+005
       865     2.2073500000E+005
       866     2.2110000000E+005
       867     2.2155000000E+005
       868     2.2253000000E+005
       869     2.2806500000E+005
       870     2.3011500000E+005
       871     2.2092500000E+005
       872     2.5402000000E+005
       873     2.5920000000E+005
       874     2.2087000000E+005
       875     2.2009000000E+005
       876     2.2126500000E+005
       877     2.2170000000E+005
       878     2.2953000000E+005
       879     2.2122000000E+005
       880     2.2087000000E+005
       881     2.2674500000E+005
       882     2.2507500000E+005
       883     2.5495500000E+005
       884     1.7751500000E+005
       885     2.2061000000E+005
       886     2.2078000000E+005
       887     2.2136000000E+005
       888     2.2087500000E+005
       889     2.2465500000E+005
       890     2.2521500000E+005
       891     2.2138500000E+005
       892     2.2252000000E+005
       893     2.5246000000E+005
       894     1.7841000000E+005
       895     2.2080500000E+005
       896     2.2081500000E+005
       897     2.2101000000E+005
       898     2.2102500000E+005
       899     2.1884500000E+005
       900     2.2625500000E+005
       901     2.2659000000E+005
       902     1.9350500000E+005
       903     2.2235500000E+005
       904     2.2261500000E+005
       905     2.5350000000E+005
       906     2.5582000000E+005
       907     2.5286000000E+005
       908     1.7906500000E+005
       909     2.2145000000E+005
       910     2.2101000000E+005
       911     2.2288500000E+005
       912     2.2152500000E+005
       913     2.2337000000E+005
       914     1.9092500000E+005
       915     1.9023000000E+005
       916     2.2364000000E+005
       917     2.2389000000E+005
       918     2.2271500000E+005
       919     2.5133500000E+005
       920     2.5303500000E+005
       921     1.7957500000E+005
       922     2.2230000000E+005
       923     2.2225000000E+005
       924     2.2335000000E+005
       925     2.2386500000E+005
       926     1.9434500000E+005
       927     1.9335000000E+005
       928     2.2395000000E+005
       929     2.2351000000E+005
       930     2.2272500000E+005
       931     2.1510000000E+005
       932     2.1480000000E+005
       933     2.5354000000E+005
       934     1.8144000000E+005
       935     2.4204500000E+005
       936     2.2279500000E+005
       937     2.2446000000E+005
       938     2.2470000000E+005
       939     2.2462000000E+005
       940     2.2471000000E+005
       941     1.9512500000E+005
       942     1.9138000000E+005
       943     2.2515000000E+005
       944     2.2405000000E+005
       945     2.4145500000E+005
       946     2.5199500000E+005
       947     2.4071500000E+005
       948     2.2378500000E+005
       949     2.2464500000E+005
       950     2.2464500000E+005
       951     2.2522500000E+005
       952     2.2538000000E+005
       953     2.2548500000E+005
       954     2.2496500000E+005
       955     1.9798500000E+005
       956     1.9572000000E+005
       957     2.2532500000E+005
       958     2.4058500000E+005
       959     2.4267500000E+005
       960     2.4036500000E+005
       961     2.4094500000E+005
       962     2.3904500000E+005
       963     2.4046000000E+005
       964     2.4010000000E+005
       965     1.8579500000E+005
       966     2.5306000000E+005
       967     2.4205500000E+005
       968     2.5347000000E+005
       969     2.5317500000E+005
       970     2.5186500000E+005
       971     2.5322000000E+005
       972     2.5334500000E+005
       973     1.8673000000E+005
       974     2.5423000000E+005
       975     2.5378500000E+005
       976     2.5331000000E+005
       977     2.5207000000E+005
       978     1.8803500000E+005
       979     2.5230500000E+005
       980     2.5337500000E+005
       981     1.8814000000E+005
       982     2.5449000000E+005
       983     1.8992000000E+005
       984     2.5415000000E+005
       985     2.5483000000E+005
       986     1.8548500000E+005
       987     1.8693500000E+005
       988     1.8600500000E+005
       989     1.8516500000E+005
       990     1.8646500000E+005
       991     2.5489500000E+005
       992     1.9048500000E+005
       993     1.9031500000E+005
       994     1.8290500000E+005
       995     1.8572500000E+005
       996     1.8503000000E+005
       997     1.8599000000E+005
       998     1.8981000000E+005
       999     1.8956000000E+005
      1000     1.9002000000E+005
      1001     1.8644000000E+005
      1002     1.8699500000E+005
      1003     1.8547000000E+005
      1004     1.8580500000E+005
      1005     1.8719000000E+005
      1006     1.8798500000E+005
      1007     1.8972000000E+005
      1008     1.8966500000E+005
      1009     1.9032500000E+005
      1010     1.8631500000E+005
      1011     1.8710500000E+005
      1012     1.8731000000E+005
      1013     1.8745500000E+005
      1014     1.8788000000E+005
      1015     1.8692500000E+005
      1016     1.8839000000E+005
      1017     1.8763000000E+005
      1018     1.8710000000E+005
      1019     1.8725000000E+005
      1020     1.8777000000E+005
      1021     1.8751500000E+005
      1022     1.8798000000E+005
      1023     1.8729500000E+005
      1024     1.8738000000E+005
      1025     1.8747000000E+005
      1026     1.8669000000E+005
      1027     1.8697000000E+005
      1028     1.8705500000E+005
      1029     1.8747500000E+005
      1030     1.8752000000E+005
      1031     1.8683000000E+005
      1032     1.8750500000E+005
      1033     1.8739000000E+005
      1034     1.8683500000E+005
      1035     1.8874500000E+005
      1036     1.8739000000E+005
      1037     2.0078000000E+005
      1038     1.9638500000E+005
      1039     1.9736500000E+005
      1040     1.9858000000E+005
      1041     1.9613500000E+005
      1042     1.9629500000E+005
      1043     1.9686000000E+005
      1044     1.9634500000E+005
      1045     1.9576500000E+005
      1046     1.9537000000E+005
      1047     1.9473000000E+005
      1048     1.9594500000E+005
      1049     1.9579500000E+005
      1050     1.9605000000E+005
      1051     1.9517000000E+005
      1052     1.9453500000E+005
      1053     1.9646000000E+005
      1054     1.9553500000E+005
      1055     1.9669000000E+005
      1056     1.9609500000E+005
      1057     1.9457000000E+005
      1058     1.9695500000E+005
      1059     1.9540000000E+005
      1060     1.9580000000E+005
      1061     1.9644500000E+005
      1062     1.9621000000E+005
      1063     1.9590500000E+005
      1064     1.9672000000E+005
      1065     1.9669500000E+005
      1066     1.9658000000E+005
      1067     1.9693000000E+005
      1068     1.9718500000E+005
      1069     1.9549000000E+005
