  nc_newport_river_core_cr4_bath    v31.06 iterative         Albemarle-Pamlico Estuar
          2       1069  0.1000000E+001        1     1 FileFmtVersion:    1050624
     2.5920000000E+005          51840
         1     8.8153736319E-004
         2     8.4899806896E-004
         3     8.3292982871E-004
         4     8.4397492578E-004
         5     7.8334177629E-004
         6     6.3417382655E-004
         7     4.8188900819E-004
         8     2.8922719048E-004
         9     3.0780591803E-004
        10     5.9703395546E-004
        11     1.9452861440E-004
        12     4.1257661400E-004
        13     6.9633303891E-004
        14     2.2065575295E-004
        15     2.8873204505E-004
        16     7.8129481854E-004
        17     2.5719749343E-004
        18     4.7712245719E-004
        19     2.2484378411E-004
        20     7.6412963325E-004
        21     7.3433830578E-004
        22     1.6424986951E-004
        23     1.3997251223E-004
        24     5.6269453022E-004
        25     4.9446441078E-004
        26     1.0250950463E-004
        27     1.1029773182E-004
        28     4.1711961840E-004
        29     4.2513371733E-004
        30     1.5758477416E-004
        31     1.4482135254E-004
        32     4.7168286465E-004
        33     5.3738330540E-004
        34     1.6076680476E-004
        35     1.9074576482E-004
        36     4.9005827546E-004
        37     4.0047196637E-004
        38     2.0363728170E-004
        39     1.6980043451E-004
        40     3.2808088220E-004
        41     3.2390345309E-004
        42     3.2138950221E-004
        43     2.0109581791E-004
        44     6.4624503458E-004
        45     2.1144405459E-004
        46     3.0803884878E-004
        47     2.8219070420E-004
        48     2.4868675477E-004
        49     1.4324711744E-004
        50     9.6997974816E-005
        51     4.1484314316E-004
        52     4.2264885925E-004
        53     4.0941738048E-004
        54     4.5226871623E-004
        55     3.0311618032E-004
        56     4.8259427466E-004
        57     4.1121226450E-004
        58     2.9109844661E-004
        59     2.7158686652E-004
        60     3.1029117952E-004
        61     9.2587007966E-005
        62     1.6300805746E-004
        63     3.4895365088E-004
        64     3.3407428250E-004
        65     3.4974775121E-004
        66     2.5378833677E-004
        67     3.1161819829E-004
        68     6.6163076177E-004
        69     1.0688545048E-004
        70     1.7426530831E-004
        71     2.9415135995E-004
        72     2.3223074383E-004
        73     2.0714837807E-004
        74     2.1598312487E-004
        75     2.6336675966E-004
        76     2.7083703946E-004
        77     2.4149527479E-004
        78     2.6401910242E-004
        79     2.7463782041E-004
        80     2.8114192219E-004
        81     4.8062076879E-004
        82     3.0800035962E-004
        83     4.6754413386E-004
        84     1.4818006287E-004
        85     1.2346651019E-004
        86     6.6349582929E-004
        87     2.3586671954E-004
        88     1.8788388881E-004
        89     6.3591011789E-005
        90     2.1766038056E-004
        91     2.9204794760E-004
        92     2.3178128362E-004
        93     4.1571850468E-004
        94     4.6659927729E-004
        95     3.1175984760E-004
        96     6.3580084703E-004
        97     1.3589968796E-004
        98     4.9380576715E-004
        99     2.9365475233E-004
       100     3.3759742912E-004
       101     2.3891723444E-004
       102     7.6284356089E-004
       103     4.2083812525E-004
       104     3.4780893536E-004
       105     3.3758189066E-004
       106     1.9232904721E-004
       107     2.7990296329E-004
       108     4.4833976981E-004
       109     6.9762392339E-004
       110     7.6904069206E-004
       111     2.7730671938E-004
       112     4.3848669726E-004
       113     1.1172834509E-004
       114     4.5138034673E-004
       115     2.0014546533E-004
       116     1.2638527631E-004
       117     1.8833796563E-004
       118     4.0722180378E-004
       119     4.2498327942E-004
       120     1.8694643765E-004
       121     5.6056968376E-004
       122     1.3743620359E-004
       123     5.5037126446E-004
       124     1.5011072085E-004
       125     1.4760846276E-004
       126     1.0486091384E-004
       127     2.4212813846E-004
       128     5.4925492026E-004
       129     9.0336133322E-004
       130     2.9992541323E-004
       131     1.9609418065E-004
       132     9.2801701808E-005
       133     2.4200705565E-004
       134     2.4554192189E-004
       135     4.6124570824E-004
       136     2.1120941837E-004
       137     3.1326530426E-004
       138     1.5566272021E-004
       139     2.4606463478E-004
       140     3.4934895954E-004
       141     1.1424850418E-004
       142     2.1916503835E-004
       143     3.1579109761E-004
       144     1.8500454806E-004
       145     2.4558015860E-004
       146     4.2183216168E-004
       147     1.7669277720E-004
       148     3.4286546596E-004
       149     1.3728286836E-004
       150     1.9141772912E-004
       151     1.0811989263E-004
       152     3.0202350637E-004
       153     2.7317680815E-004
       154     6.7348014351E-004
       155     2.4889514333E-004
       156     2.3588722759E-004
       157     1.4639633842E-004
       158     1.7098043285E-004
       159     1.2611663290E-004
       160     2.7759969818E-004
       161     1.0612203459E-004
       162     4.0433215008E-004
       163     1.8176428849E-004
       164     2.3724385627E-004
       165     1.2679161528E-004
       166     3.4763543387E-004
       167     1.8308354783E-004
       168     3.2753031509E-004
       169     5.7918749127E-004
       170     3.0590155261E-004
       171     5.1048148692E-004
       172     1.7874278641E-004
       173     2.8451442824E-004
       174     2.3026430960E-004
       175     1.7240258769E-004
       176     1.4207557756E-004
       177     1.6760296638E-004
       178     4.2413868155E-004
       179     1.7269954169E-004
       180     1.9801925845E-004
       181     2.5115573979E-004
       182     4.8786479085E-004
       183     4.6228584027E-005
       184     1.6850393564E-004
       185     3.7230312918E-004
       186     2.9708011927E-004
       187     1.5833509584E-004
       188     2.0481667115E-004
       189     1.5395255001E-004
       190     6.0577414817E-004
       191     4.3409799118E-004
       192     5.9214970766E-004
       193     2.4591585666E-004
       194     1.5751216225E-004
       195     2.3553566328E-004
       196     2.1852431951E-004
       197     1.4711099282E-004
       198     2.5079300486E-004
       199     3.5514047983E-004
       200     2.8631867882E-004
       201     1.1840952577E-004
       202     2.3919461114E-004
       203     1.8346506091E-004
       204     3.3851780465E-004
       205     1.9697283766E-004
       206     1.2736240468E-004
       207     1.8698902446E-004
       208     2.2866460056E-004
       209     6.4178997057E-005
       210     1.5440758650E-004
       211     2.5905142830E-004
       212     2.1996544818E-004
       213     2.6591376819E-004
       214     1.3922473468E-004
       215     1.7140742080E-004
       216     1.4184752805E-004
       217     1.7283750670E-004
       218     3.9306197778E-004
       219     1.6543922858E-004
       220     3.2456421393E-004
       221     1.1672161899E-004
       222     1.4506370079E-004
       223     1.4509642693E-004
       224     1.5062040118E-004
       225     1.0941022380E-004
       226     1.7152636366E-004
       227     1.6790864078E-004
       228     1.3834736596E-004
       229     1.0368390907E-004
       230     8.2480608455E-005
       231     6.7156241935E-005
       232     1.1162135061E-004
       233     7.6772898305E-005
       234     1.7802550383E-004
       235     2.2419478029E-004
       236     2.5846635035E-004
       237     2.2065953037E-004
       238     5.2014347913E-004
       239     3.0545994968E-004
       240     1.7530612077E-004
       241     1.2093606590E-004
       242     1.4325683485E-004
       243     1.3649941563E-004
       244     1.6697636993E-004
       245     3.6826411904E-004
       246     3.3962073073E-004
       247     2.3226025485E-004
       248     1.5615323486E-004
       249     1.2612182665E-004
       250     1.2007570042E-004
       251     8.7608224962E-005
       252     7.2735391367E-005
       253     1.8733583256E-004
       254     6.2260237247E-005
       255     7.9564169262E-005
       256     6.2937832209E-005
       257     8.5071972542E-005
       258     1.3735144953E-004
       259     1.6569964253E-004
       260     6.8563486857E-005
       261     1.7001438392E-004
       262     2.2529497098E-004
       263     2.6829775382E-004
       264     3.0434641360E-004
       265     8.9913994807E-005
       266     2.3567812201E-004
       267     1.0131585498E-004
       268     1.3215551271E-004
       269     2.6245493054E-004
       270     1.6834801450E-004
       271     1.3736668074E-004
       272     1.6391377049E-004
       273     1.2071391422E-004
       274     1.0481836600E-004
       275     1.1696398166E-004
       276     8.4104132706E-005
       277     9.6705695821E-005
       278     3.7469030748E-005
       279     4.4832441752E-005
       280     4.2911936482E-005
       281     2.1738364877E-004
       282     2.1000890432E-004
       283     1.5124816753E-004
       284     1.9220651902E-004
       285     2.7077277600E-004
       286     1.4287374628E-004
       287     1.0343533890E-004
       288     1.2433150898E-004
       289     7.7669509612E-005
       290     1.4205972338E-004
       291     9.4146527892E-005
       292     5.1750426432E-005
       293     5.9210345111E-005
       294     6.3917497781E-005
       295     9.6780583560E-005
       296     1.4513559958E-004
       297     1.5995769588E-004
       298     8.7252167580E-005
       299     1.1494854711E-004
       300     7.7436565515E-005
       301     8.0692414605E-005
       302     5.1013850241E-005
       303     1.7079521922E-004
       304     2.3589500556E-004
       305     2.3490649945E-004
       306     1.2772893227E-004
       307     3.5246104966E-004
       308     2.4208211278E-004
       309     4.4444822009E-005
       310     3.1512313849E-005
       311     8.1225913837E-005
       312     1.6189802433E-005
       313     6.0609601399E-005
       314     7.4350778846E-005
       315     6.8675446482E-005
       316     9.1321289258E-005
       317     1.2392521766E-004
       318     5.4189335632E-005
       319     6.6576291390E-005
       320     6.7861162279E-005
       321     3.2899312851E-005
       322     7.4048777782E-005
       323     1.4476844424E-004
       324     2.6855720371E-004
       325     1.4573315425E-004
       326     1.0628405439E-004
       327     2.5784494783E-004
       328     3.4770101980E-004
       329     2.6698690669E-005
       330     3.2963775923E-005
       331     3.3844030615E-005
       332     7.4550389361E-005
       333     1.2344813658E-004
       334     9.5617199036E-005
       335     1.1532091595E-004
       336     6.3708061945E-005
       337     9.1614403883E-005
       338     7.6904518302E-005
       339     1.4517018203E-004
       340     1.1661848098E-004
       341     2.4108932038E-004
       342     1.2499792873E-004
       343     1.5766454467E-004
       344     2.5759001328E-004
       345     1.8157728390E-004
       346     3.1366709274E-005
       347     6.6623633790E-005
       348     1.0563013100E-004
       349     1.8306369429E-004
       350     1.6880409640E-004
       351     3.7500441810E-005
       352     1.0417718980E-004
       353     1.5571925726E-004
       354     5.9180458554E-005
       355     9.7830798130E-005
       356     5.6195871437E-005
       357     1.9933954574E-004
       358     1.2392014870E-004
       359     1.2669481815E-004
       360     9.2271353977E-005
       361     1.6892273095E-004
       362     1.3636519949E-004
       363     1.5856199002E-004
       364     1.9805390290E-004
       365     1.6243084679E-004
       366     9.9938428767E-005
       367     1.5895931539E-004
       368     2.3707904633E-004
       369     1.9110606768E-004
       370     8.0305421789E-005
       371     1.1674566631E-004
       372     1.3802227823E-004
       373     1.1533704525E-005
       374     3.2475409539E-005
       375     3.5454049434E-005
       376     1.5247282995E-004
       377     5.6117656018E-005
       378     9.9383638605E-005
       379     1.0719316698E-004
       380     3.1340995826E-005
       381     4.7523259553E-005
       382     7.6639641346E-005
       383     4.1680590467E-005
       384     5.0926492599E-005
       385     6.7394731634E-005
       386     3.5927869692E-005
       387     6.4759197213E-005
       388     1.0169462732E-004
       389     1.3830978022E-004
       390     1.8034361814E-004
       391     1.8281257273E-004
       392     1.6249577384E-004
       393     8.7077082547E-005
       394     1.9602082789E-004
       395     2.1463584743E-004
       396     1.8632746511E-004
       397     1.5436504510E-004
       398     1.3124005274E-004
       399     1.8120903299E-004
       400     1.4910038880E-004
       401     6.0006873401E-005
       402     2.3760034364E-004
       403     7.4389031615E-005
       404     1.3106316545E-004
       405     1.2915074281E-004
       406     1.1222169461E-004
       407     1.7394957351E-005
       408     2.6142835662E-005
       409     2.1370131024E-005
       410     2.9252833582E-005
       411     6.9147162150E-005
       412     5.0822350991E-005
       413     9.2788479128E-005
       414     1.3603456142E-004
       415     8.4692843459E-005
       416     7.8053773220E-005
       417     2.2788756156E-004
       418     2.0984233039E-004
       419     1.6080482291E-004
       420     1.9737574428E-004
       421     1.6553464088E-004
       422     1.2332191059E-004
       423     1.6056719257E-004
       424     1.7127824395E-004
       425     2.1347806825E-004
       426     1.3489745622E-004
       427     2.2266297078E-004
       428     1.1898582888E-004
       429     9.2105463814E-005
       430     1.3952163641E-004
       431     4.9436231667E-005
       432     4.3088524823E-005
       433     5.2697538328E-005
       434     4.5541316491E-005
       435     7.8395363097E-005
       436     9.1748472878E-005
       437     2.0480916252E-005
       438     1.4498628835E-004
       439     2.1416675868E-004
       440     1.9044412651E-004
       441     7.7204704678E-005
       442     1.9469947065E-004
       443     2.0797771353E-004
       444     1.3465780044E-004
       445     1.5164898379E-004
       446     1.1381784922E-004
       447     1.6910358009E-004
       448     1.4451375539E-004
       449     1.9219754567E-004
       450     1.6068655376E-004
       451     1.2410286123E-004
       452     8.3752258637E-005
       453     7.9635962096E-005
       454     2.7804560677E-005
       455     3.0710088134E-005
       456     4.3587901591E-005
       457     3.8565937385E-005
       458     3.8817621231E-005
       459     1.8385877718E-004
       460     1.5783315358E-004
       461     3.9231871549E-005
       462     1.3815304823E-004
       463     1.4829824332E-004
       464     1.0817139879E-004
       465     1.1737201345E-004
       466     2.8465938748E-004
       467     1.5161509567E-004
       468     1.1069215241E-004
       469     9.4671830047E-005
       470     1.7823897149E-004
       471     9.6453566876E-005
       472     2.1073980955E-004
       473     1.3669107857E-004
       474     9.8242367806E-005
       475     1.2394396947E-004
       476     1.2179890451E-004
       477     1.2377183790E-005
       478     3.5653406244E-005
       479     6.1748175534E-005
       480     5.9493545956E-005
       481     6.1751097579E-005
       482     4.6924708807E-005
       483     2.8943423146E-005
       484     1.1666126861E-004
       485     1.9259911834E-004
       486     1.0371481831E-004
       487     8.8143591444E-005
       488     9.0688429377E-005
       489     1.2109162531E-004
       490     2.6580913210E-004
       491     2.4001593286E-004
       492     1.1207761727E-004
       493     8.9123000558E-005
       494     1.6236693840E-004
       495     7.3424317692E-005
       496     1.8596104592E-004
       497     1.4016001297E-004
       498     1.3717972883E-004
       499     7.7298803644E-005
       500     3.9696893229E-005
       501     5.3167833821E-005
       502     5.6438404303E-005
       503     5.5603362901E-005
       504     5.9106282264E-005
       505     2.4210108149E-005
       506     2.5289668733E-005
       507     2.7275864854E-005
       508     1.8539539621E-004
       509     1.1468715152E-004
       510     9.1270268439E-005
       511     1.2918172312E-004
       512     1.2575659226E-004
       513     1.5091022926E-004
       514     2.4507474103E-004
       515     2.2969492447E-004
       516     8.7120791160E-005
       517     6.7037234476E-005
       518     1.0577624521E-004
       519     6.0907589264E-005
       520     1.1938192847E-004
       521     7.4161031553E-005
       522     7.8868391045E-005
       523     3.7865567156E-005
       524     4.7874840976E-005
       525     8.0804615680E-005
       526     8.4243762874E-005
       527     1.2427343776E-004
       528     1.4441685474E-004
       529     1.0009181964E-004
       530     6.2037667840E-005
       531     1.3537900459E-004
       532     1.0844719556E-004
       533     1.5412876962E-004
       534     1.6610892954E-004
       535     1.3998498471E-004
       536     1.2830888728E-004
       537     1.1312244011E-004
       538     2.0524447067E-004
       539     2.2107694962E-004
       540     1.1005585195E-004
       541     8.7638471022E-005
       542     5.7190698095E-005
       543     6.6347595788E-005
       544     1.1987010384E-004
       545     3.1833097942E-004
       546     1.3886425577E-004
       547     4.9831398212E-005
       548     1.9066607899E-004
       549     2.1660566763E-004
       550     1.1891574266E-004
       551     1.6088507283E-004
       552     1.2118401732E-004
       553     1.4087078854E-004
       554     1.7678699004E-004
       555     1.3391937665E-004
       556     1.4215089622E-004
       557     1.3791566302E-004
       558     6.5092367812E-005
       559     8.6176878857E-005
       560     6.7223191217E-005
       561     1.9276254828E-004
       562     1.5977682612E-004
       563     6.6260649063E-005
       564     7.9323188192E-005
       565     6.5849382964E-005
       566     2.0587335910E-004
       567     3.6289939636E-004
       568     6.5128221687E-005
       569     1.0414438373E-004
       570     9.2749052750E-005
       571     1.6178322789E-004
       572     2.4767361732E-004
       573     2.7090983184E-004
       574     1.5263564176E-004
       575     1.1886010209E-004
       576     1.5581368387E-004
       577     1.4120316696E-004
       578     1.3320942411E-004
       579     1.5621885694E-004
       580     1.0244523925E-004
       581     1.0012103059E-004
       582     5.5780397468E-005
       583     6.8496040609E-005
       584     5.6665890041E-005
       585     1.5075815185E-004
       586     9.5398691883E-005
       587     8.3544631762E-005
       588     8.1301294712E-005
       589     1.8677652618E-004
       590     1.6577535797E-004
       591     4.2329016164E-005
       592     2.1050182575E-004
       593     9.9269074992E-005
       594     1.0273135521E-004
       595     1.2851155782E-004
       596     3.3832549645E-004
       597     1.1505948251E-004
       598     1.1192841684E-004
       599     9.6380313248E-005
       600     1.3789424437E-004
       601     1.1504462223E-004
       602     1.2419357688E-004
       603     6.8881595858E-005
       604     7.0637573202E-005
       605     5.3751135668E-005
       606     6.1202297338E-005
       607     6.4230448047E-005
       608     6.7684002019E-005
       609     1.5466171629E-004
       610     8.3773315738E-005
       611     7.8946275353E-005
       612     2.0764998198E-004
       613     2.2653287358E-004
       614     5.2466600166E-005
       615     8.0915867196E-005
       616     1.2489914509E-004
       617     1.0511569105E-004
       618     8.5611185796E-005
       619     1.1306077468E-004
       620     3.5399750358E-004
       621     2.5174909440E-004
       622     2.5245812266E-004
       623     1.1317427632E-004
       624     2.3361810141E-004
       625     8.2640661052E-005
       626     1.0106491778E-004
       627     7.5483405031E-005
       628     8.9850292976E-005
       629     5.9402307763E-005
       630     5.5727214484E-005
       631     5.5476727060E-005
       632     5.7926509995E-005
       633     6.5621494682E-005
       634     1.6459522613E-004
       635     8.2179538859E-005
       636     2.2449716390E-004
       637     2.8145074415E-004
       638     6.6434961823E-005
       639     1.0023487367E-004
       640     1.6103023137E-004
       641     5.9330412971E-005
       642     1.2151172039E-004
       643     2.0712393680E-004
       644     2.9607846445E-004
       645     2.8062249197E-004
       646     3.0597957505E-004
       647     9.4939095044E-005
       648     8.4225151909E-005
       649     6.8550379473E-005
       650     1.2623911972E-004
       651     6.6120348842E-005
       652     7.4045737546E-005
       653     5.1212076963E-005
       654     5.9479402482E-005
       655     5.5502263040E-005
       656     5.2588153733E-005
       657     6.6341059426E-005
       658     8.7666069023E-005
       659     2.0080862735E-004
       660     2.8094568378E-004
       661     1.5910503946E-004
       662     1.7016921497E-004
       663     3.7306915129E-005
       664     7.7779131360E-005
       665     6.9643043124E-005
       666     7.7813082914E-005
       667     4.3092318191E-005
       668     3.1924281446E-005
       669     1.8884087854E-004
       670     2.4346286640E-004
       671     1.0299429359E-004
       672     1.1396913253E-004
       673     8.6153425225E-005
       674     6.7420053739E-005
       675     9.1325501106E-005
       676     5.6365154502E-005
       677     6.1398981296E-005
       678     4.4279270379E-005
       679     5.7667488163E-005
       680     5.5643670637E-005
       681     4.8179295251E-005
       682     7.2031402914E-005
       683     6.8938039180E-005
       684     1.0780289214E-004
       685     1.8377538987E-004
       686     2.0887355622E-004
       687     2.3737675420E-004
       688     3.4296454446E-005
       689     2.6283197246E-005
       690     6.7988619130E-005
       691     2.3744693513E-005
       692     9.7117504330E-005
       693     9.4497532003E-005
       694     4.1360442018E-005
       695     1.6351889103E-005
       696     2.3686680865E-004
       697     1.1209433520E-004
       698     7.1612517541E-005
       699     7.4442969949E-005
       700     6.9979841421E-005
       701     4.5689572781E-005
       702     5.4822651445E-005
       703     1.2491150528E-004
       704     7.5944898186E-005
       705     7.6914884959E-005
       706     6.2792256033E-005
       707     6.4470365747E-005
       708     1.3541601741E-004
       709     1.1454260381E-004
       710     2.1103831899E-004
       711     1.7547483087E-004
       712     2.2782402263E-004
       713     3.1876400573E-004
       714     1.0500976461E-004
       715     3.2584941448E-004
       716     2.6099350907E-004
       717     2.2049028615E-004
       718     1.9838025999E-005
       719     2.1509292247E-004
       720     4.4992901685E-005
       721     3.9224501459E-005
       722     1.6309746923E-004
       723     1.9583922734E-005
       724     1.7508521372E-005
       725     2.6929271556E-004
       726     7.3292848649E-005
       727     5.2225100312E-005
       728     5.8007110945E-005
       729     7.9279399321E-005
       730     7.3004998338E-005
       731     1.6128320974E-004
       732     1.1898845247E-004
       733     1.7836255318E-004
       734     1.9274740312E-004
       735     1.8043922056E-004
       736     2.3088713816E-004
       737     1.5441726322E-004
       738     1.3417254615E-004
       739     8.9780264463E-005
       740     9.2432175355E-005
       741     1.0603887492E-004
       742     2.5667388704E-005
       743     1.8390362464E-004
       744     1.2390809542E-004
       745     2.0714808072E-004
       746     1.2100879185E-004
       747     7.5060581060E-005
       748     2.4048738017E-004
       749     5.2988743709E-005
       750     5.4377752723E-005
       751     9.5736168558E-005
       752     8.9627272135E-005
       753     1.8545108264E-004
       754     2.6195681574E-004
       755     7.6081244026E-005
       756     5.1732089557E-005
       757     6.1851253111E-005
       758     1.2652650478E-004
       759     2.3963524220E-004
       760     1.7934484361E-004
       761     7.1356705065E-005
       762     2.0122466575E-004
       763     1.6713461448E-004
       764     1.3004591997E-004
       765     5.2804115080E-005
       766     5.6639349248E-005
       767     1.1802973369E-004
       768     1.3801786493E-004
       769     1.3500959183E-004
       770     5.4338958685E-005
       771     5.4957848230E-005
       772     2.6348716382E-005
       773     3.3219579013E-005
       774     2.0989751876E-005
       775     2.7905969964E-005
       776     1.8856438056E-004
       777     9.8171539174E-005
       778     1.5697051421E-004
       779     1.9188134962E-004
       780     8.2270246029E-005
       781     7.1362351681E-005
       782     9.6636289032E-005
       783     1.9888131708E-004
       784     2.5157136852E-004
       785     1.2705421066E-004
       786     8.2919136784E-005
       787     1.9065785025E-005
       788     2.6408622527E-005
       789     7.5928992431E-005
       790     1.3999941730E-004
       791     5.7146121891E-005
       792     1.3764866677E-004
       793     1.7709929149E-004
       794     2.0349381941E-004
       795     6.0270694493E-005
       796     1.0765126738E-004
       797     1.7750452556E-004
       798     2.1781362840E-004
       799     1.0969179804E-004
       800     1.0700264843E-004
       801     1.2107106038E-004
       802     2.3297937495E-004
       803     2.7255741243E-004
       804     1.0432563657E-004
       805     6.0324198124E-005
       806     1.9917120089E-004
       807     8.2361307300E-005
       808     1.9847664686E-004
       809     1.2753921561E-004
       810     1.2490721046E-004
       811     1.3451094500E-004
       812     1.8681348789E-004
       813     2.8070489908E-004
       814     1.9222000916E-004
       815     1.5339356388E-004
       816     1.2843981612E-004
       817     1.1970016496E-004
       818     5.2396504848E-005
       819     1.0354605373E-004
       820     7.6956995125E-005
       821     2.1578414186E-004
       822     2.1745637612E-004
       823     1.4266034134E-004
       824     1.0362542565E-004
       825     1.6051036686E-004
       826     8.7955050067E-005
       827     8.3553866095E-005
       828     1.2473940323E-004
       829     1.2638136257E-004
       830     2.1715368396E-004
       831     2.8556079481E-004
       832     9.7970514637E-005
       833     1.4423290767E-004
       834     6.4659736914E-005
       835     1.3427696301E-004
       836     1.1904980648E-004
       837     1.6731911830E-004
       838     1.6863761096E-004
       839     3.1174625936E-004
       840     9.9791151669E-005
       841     8.4205266165E-005
       842     9.7449540873E-005
       843     1.0562781252E-004
       844     6.4964645897E-005
       845     1.3791251966E-004
       846     1.0218889314E-004
       847     2.6295542677E-004
       848     3.3690958314E-004
       849     1.0970190814E-004
       850     8.1813441543E-005
       851     6.9384240593E-005
       852     1.6668490188E-004
       853     8.2380920699E-005
       854     3.3997585430E-005
       855     1.1445911752E-004
       856     3.0903390947E-004
       857     6.2155244624E-005
       858     5.3477628069E-005
       859     1.0684490447E-004
       860     9.5410625117E-005
       861     8.7299995681E-005
       862     1.2598163008E-004
       863     4.6916783931E-005
       864     3.1443703877E-004
       865     7.3640682997E-005
       866     7.4315430214E-005
       867     1.0473561590E-004
       868     4.3510366818E-005
       869     9.8699980825E-005
       870     1.0643729643E-004
       871     6.3144598251E-005
       872     1.4280179804E-004
       873     1.1422946884E-004
       874     1.3404300859E-004
       875     7.7431547633E-005
       876     2.2734660345E-004
       877     2.3345049714E-005
       878     7.4034041126E-005
       879     1.2518333813E-004
       880     1.6832331744E-004
       881     2.0418850370E-004
       882     2.4235316987E-004
       883     9.3308053381E-005
       884     1.0476379867E-004
       885     8.1600299028E-005
       886     2.2523100060E-004
       887     2.2787599963E-004
       888     1.8073916862E-004
       889     1.3107299710E-004
       890     1.8029002245E-004
       891     4.8435013693E-004
       892     5.5767168370E-004
       893     7.8540541118E-005
       894     8.0801292775E-005
       895     1.0299691941E-004
       896     1.8000874396E-004
       897     2.3357031865E-004
       898     1.0925608848E-004
       899     2.5346916204E-004
       900     5.2574391399E-005
       901     1.0258545916E-004
       902     4.4567499854E-004
       903     2.5333586605E-004
       904     2.2384014205E-004
       905     1.5534544146E-004
       906     2.0505442012E-004
       907     1.0281033168E-004
       908     2.0926853271E-004
       909     1.1760240294E-004
       910     1.8077440630E-004
       911     1.0964646735E-004
       912     1.0826097920E-004
       913     1.3986231901E-004
       914     2.5168854292E-004
       915     3.5531992640E-004
       916     1.1959096709E-004
       917     9.2166554374E-005
       918     4.0671963520E-004
       919     2.2407597979E-004
       920     1.1314069345E-004
       921     1.8201476307E-004
       922     1.4737785478E-004
       923     1.0623553327E-004
       924     9.4018286897E-005
       925     2.1716057570E-004
       926     9.5514146497E-005
       927     1.3611976364E-004
       928     1.2304898730E-004
       929     7.3702584023E-005
       930     2.6336655117E-004
       931     3.5228732689E-004
       932     1.7027360422E-004
       933     7.9030217187E-005
       934     7.4512370552E-005
       935     1.0217245146E-004
       936     1.0791508542E-004
       937     7.8846585629E-005
       938     8.4822592935E-005
       939     1.1467022829E-004
       940     1.8690260254E-004
       941     1.0534749213E-004
       942     1.0342534949E-004
       943     7.8964633306E-005
       944     1.1421686330E-004
       945     7.5661043720E-005
       946     8.7753031978E-005
       947     1.4256942386E-004
       948     1.0301909977E-004
       949     8.3762312352E-005
       950     7.5923589400E-005
       951     7.0592317482E-005
       952     1.2996857061E-004
       953     1.4737418658E-004
       954     7.3094126761E-005
       955     4.8165384275E-005
       956     7.1911190015E-005
       957     9.0743188369E-005
       958     1.7760119651E-004
       959     2.4708070855E-004
       960     1.4353668867E-004
       961     7.5813960900E-005
       962     7.4190048767E-005
       963     1.3367852958E-004
       964     1.9319606789E-004
       965     8.6082198147E-005
       966     8.0280975159E-005
       967     2.7514746065E-004
       968     1.5742296254E-004
       969     8.6035639230E-005
       970     1.7445867439E-004
       971     2.2533575477E-004
       972     9.5749603862E-005
       973     2.8486746559E-004
       974     2.2806008502E-004
       975     1.3401356387E-004
       976     8.2754856322E-005
       977     1.8549702058E-004
       978     2.0931766280E-004
       979     2.9408103684E-004
       980     9.7552988068E-005
       981     1.6161845951E-004
       982     2.0156462691E-004
       983     2.8053685858E-004
       984     1.4858281877E-004
       985     9.7643181674E-005
       986     2.0438412203E-004
       987     8.9073457398E-005
       988     2.0892490916E-004
       989     1.3238099988E-004
       990     1.7036317616E-004
       991     2.5469174635E-004
       992     2.2230471490E-004
       993     2.2831503293E-004
       994     2.0437045659E-004
       995     2.1499509827E-004
       996     9.8801367224E-005
       997     2.6294781147E-004
       998     3.0662167564E-004
       999     2.3578734612E-004
      1000     3.0836640597E-004
      1001     2.6021582502E-004
      1002     2.1599849879E-004
      1003     1.7137086231E-004
      1004     1.9620515543E-004
      1005     2.8321535486E-004
      1006     4.0970252779E-004
      1007     1.3629883563E-004
      1008     1.6534463103E-004
      1009     2.3185329934E-004
      1010     1.7910054840E-004
      1011     1.1774440011E-004
      1012     1.7900102649E-004
      1013     2.4845909289E-004
      1014     4.5684041649E-004
      1015     1.5444667903E-004
      1016     5.2833265116E-004
      1017     2.1225278480E-004
      1018     1.2185923330E-004
      1019     1.8497787705E-004
      1020     2.6615815029E-004
      1021     3.6729007958E-004
      1022     2.6319604259E-004
      1023     2.0203176909E-004
      1024     1.3976858436E-004
      1025     1.6993710291E-004
      1026     2.1203191673E-004
      1027     2.8678099527E-004
      1028     3.9003191433E-004
      1029     1.2933870972E-004
      1030     2.2805095207E-004
      1031     4.2504509672E-004
      1032     2.8772799091E-004
      1033     3.0851172111E-004
      1034     5.4664585163E-004
      1035     2.7622309030E-004
      1036     3.0128707220E-004
      1037     8.5291787266E-005
      1038     2.7452706109E-004
      1039     3.7181520563E-004
      1040     3.5944607997E-004
      1041     2.2033716624E-004
      1042     4.3730405658E-004
      1043     5.0774622662E-004
      1044     6.9865027515E-004
      1045     2.2832881563E-004
      1046     1.4027697797E-004
      1047     2.3316041471E-004
      1048     5.2035988905E-004
      1049     1.4748694406E-004
      1050     7.6908125400E-004
      1051     1.5918133073E-004
      1052     2.2104434764E-004
      1053     5.6075115209E-004
      1054     3.0481864817E-004
      1055     6.0748163897E-004
      1056     2.5810387917E-004
      1057     3.4438872690E-004
      1058     1.6234305987E-004
      1059     2.2130873761E-004
      1060     3.1289828014E-004
      1061     4.5798033287E-004
      1062     5.4893569072E-004
      1063     7.3560069429E-004
      1064     3.4623878411E-004
      1065     4.3064661065E-004
      1066     3.7909765216E-004
      1067     4.0221977240E-004
      1068     4.1036114361E-004
      1069     2.0571806246E-004
     2.5920000000E+005          51840
         1     1.7280500000E+005
         2     1.7280500000E+005
         3     1.7160500000E+005
         4     1.7160500000E+005
         5     1.7160500000E+005
         6     1.7160500000E+005
         7     1.7280500000E+005
         8     1.7520500000E+005
         9     1.7640000000E+005
        10     1.7280500000E+005
        11     1.9560500000E+005
        12     1.7400000000E+005
        13     1.7160500000E+005
        14     1.6800500000E+005
        15     1.7280500000E+005
        16     1.7040500000E+005
        17     1.7160500000E+005
        18     1.7040500000E+005
        19     1.7280500000E+005
        20     1.8360500000E+005
        21     1.8480000000E+005
        22     1.7520000000E+005
        23     1.8120000000E+005
        24     1.8240500000E+005
        25     1.8360000000E+005
        26     1.8120000000E+005
        27     1.8120500000E+005
        28     1.8360000000E+005
        29     1.8240500000E+005
        30     1.7040500000E+005
        31     1.7040500000E+005
        32     1.8240500000E+005
        33     1.8360000000E+005
        34     1.8600500000E+005
        35     1.8600500000E+005
        36     1.8240500000E+005
        37     1.8240500000E+005
        38     1.8600500000E+005
        39     1.8600500000E+005
        40     1.8240500000E+005
        41     1.8240500000E+005
        42     1.8240500000E+005
        43     1.8480500000E+005
        44     1.7400000000E+005
        45     1.6560500000E+005
        46     1.6680000000E+005
        47     1.8240500000E+005
        48     1.8360000000E+005
        49     1.8480500000E+005
        50     2.0880500000E+005
        51     1.7280500000E+005
        52     1.7280500000E+005
        53     1.7280500000E+005
        54     1.6320500000E+005
        55     1.6680000000E+005
        56     1.6920500000E+005
        57     1.8240500000E+005
        58     1.8240000000E+005
        59     1.7400500000E+005
        60     1.7760000000E+005
        61     1.8120000000E+005
        62     1.7880000000E+005
        63     1.7280500000E+005
        64     1.7280500000E+005
        65     1.7040500000E+005
        66     1.6920500000E+005
        67     1.9440500000E+005
        68     1.7040500000E+005
        69     1.9080500000E+005
        70     1.8360500000E+005
        71     1.8240500000E+005
        72     1.7640000000E+005
        73     1.8240000000E+005
        74     1.8120000000E+005
        75     1.7880500000E+005
        76     1.8120500000E+005
        77     1.7400000000E+005
        78     1.9440500000E+005
        79     1.7160500000E+005
        80     1.7280500000E+005
        81     1.7160000000E+005
        82     1.9440500000E+005
        83     1.7160000000E+005
        84     1.8480000000E+005
        85     1.7280500000E+005
        86     1.8480000000E+005
        87     1.7400000000E+005
        88     1.7880500000E+005
        89     1.8120500000E+005
        90     1.7400000000E+005
        91     1.7160500000E+005
        92     1.9440000000E+005
        93     1.7040500000E+005
        94     1.7040500000E+005
        95     1.9560500000E+005
        96     1.7160500000E+005
        97     1.8480500000E+005
        98     1.8240500000E+005
        99     1.7280500000E+005
       100     1.8000000000E+005
       101     1.7880500000E+005
       102     1.6920500000E+005
       103     1.7040500000E+005
       104     1.6800500000E+005
       105     1.6560500000E+005
       106     1.6440000000E+005
       107     1.7280500000E+005
       108     1.7160500000E+005
       109     1.7040500000E+005
       110     1.9440500000E+005
       111     1.9560500000E+005
       112     1.7160000000E+005
       113     1.8000500000E+005
       114     1.8000500000E+005
       115     1.8120500000E+005
       116     1.9560500000E+005
       117     2.0400000000E+005
       118     1.7880500000E+005
       119     1.7760500000E+005
       120     1.7040500000E+005
       121     1.7040500000E+005
       122     1.7880500000E+005
       123     1.7160000000E+005
       124     1.6560500000E+005
       125     1.9080000000E+005
       126     1.9320000000E+005
       127     1.9320500000E+005
       128     1.7040500000E+005
       129     1.9800000000E+005
       130     1.7160000000E+005
       131     1.9800000000E+005
       132     1.8000500000E+005
       133     1.7520500000E+005
       134     1.7400500000E+005
       135     1.7520000000E+005
       136     1.7160500000E+005
       137     1.7880000000E+005
       138     1.7880500000E+005
       139     1.7280500000E+005
       140     1.7160500000E+005
       141     2.0160500000E+005
       142     1.9440500000E+005
       143     1.6680500000E+005
       144     1.6440000000E+005
       145     1.9560500000E+005
       146     1.7160000000E+005
       147     1.9440500000E+005
       148     1.7160500000E+005
       149     1.7280000000E+005
       150     1.5960500000E+005
       151     2.0880000000E+005
       152     1.7280500000E+005
       153     1.8120000000E+005
       154     1.7280500000E+005
       155     1.7400500000E+005
       156     1.7880500000E+005
       157     1.9560500000E+005
       158     1.7280500000E+005
       159     1.6800500000E+005
       160     1.6560500000E+005
       161     1.9680500000E+005
       162     1.6320500000E+005
       163     1.5840500000E+005
       164     1.6560500000E+005
       165     1.9800500000E+005
       166     1.6320500000E+005
       167     1.7640500000E+005
       168     1.7040500000E+005
       169     1.7760000000E+005
       170     1.7280500000E+005
       171     1.7280000000E+005
       172     1.7640500000E+005
       173     1.7640500000E+005
       174     1.6680500000E+005
       175     1.7280500000E+005
       176     1.7880000000E+005
       177     1.4640000000E+005
       178     1.6440000000E+005
       179     2.0280500000E+005
       180     1.6680500000E+005
       181     1.6560000000E+005
       182     1.5960500000E+005
       183     1.8480500000E+005
       184     1.9800500000E+005
       185     1.6080000000E+005
       186     1.7520000000E+005
       187     1.7520000000E+005
       188     1.7160500000E+005
       189     1.8000500000E+005
       190     1.7520000000E+005
       191     1.7160000000E+005
       192     1.7520000000E+005
       193     1.7280000000E+005
       194     1.7640500000E+005
       195     1.7400500000E+005
       196     1.7760500000E+005
       197     1.7640500000E+005
       198     1.7640500000E+005
       199     1.7040000000E+005
       200     1.7400500000E+005
       201     2.0160500000E+005
       202     1.6680500000E+005
       203     2.0520500000E+005
       204     1.6320000000E+005
       205     2.0400500000E+005
       206     1.6560500000E+005
       207     1.9800500000E+005
       208     2.0280500000E+005
       209     1.8120500000E+005
       210     1.9800500000E+005
       211     1.7400500000E+005
       212     1.7400000000E+005
       213     1.7400500000E+005
       214     1.7520000000E+005
       215     1.6680500000E+005
       216     1.6800500000E+005
       217     2.0520500000E+005
       218     1.7400500000E+005
       219     1.7040500000E+005
       220     1.7280000000E+005
       221     1.7760000000E+005
       222     2.0040000000E+005
       223     1.9800500000E+005
       224     2.0760500000E+005
       225     1.6800500000E+005
       226     1.9920000000E+005
       227     1.6560500000E+005
       228     1.9920000000E+005
       229     1.6560500000E+005
       230     2.0040000000E+005
       231     1.7880500000E+005
       232     1.9800500000E+005
       233     1.8480000000E+005
       234     1.7040500000E+005
       235     1.9800500000E+005
       236     1.6920500000E+005
       237     1.7160500000E+005
       238     1.7400500000E+005
       239     1.9080500000E+005
       240     1.6320500000E+005
       241     1.6800000000E+005
       242     2.0760000000E+005
       243     2.0760500000E+005
       244     1.7520500000E+005
       245     1.7520000000E+005
       246     1.7400500000E+005
       247     1.7040000000E+005
       248     1.6800500000E+005
       249     1.6440500000E+005
       250     1.7760500000E+005
       251     1.9800000000E+005
       252     2.0280500000E+005
       253     2.0280500000E+005
       254     1.8240500000E+005
       255     1.6560000000E+005
       256     1.8240500000E+005
       257     1.8600000000E+005
       258     1.9920500000E+005
       259     1.9920000000E+005
       260     1.9920000000E+005
       261     1.7160000000E+005
       262     1.9800500000E+005
       263     1.7400500000E+005
       264     1.6440500000E+005
       265     1.5120500000E+005
       266     1.9800500000E+005
       267     1.9920500000E+005
       268     1.6680500000E+005
       269     1.7400500000E+005
       270     1.7040500000E+005
       271     1.6920500000E+005
       272     1.6800500000E+005
       273     1.8000500000E+005
       274     2.0040500000E+005
       275     1.6560500000E+005
       276     1.9680500000E+005
       277     2.0280500000E+005
       278     1.8120500000E+005
       279     1.9680500000E+005
       280     1.9920000000E+005
       281     1.9920500000E+005
       282     2.0040500000E+005
       283     1.9920000000E+005
       284     1.7400500000E+005
       285     2.0040500000E+005
       286     1.7760500000E+005
       287     2.0040500000E+005
       288     1.8600500000E+005
       289     1.7400500000E+005
       290     1.6680500000E+005
       291     1.7400500000E+005
       292     1.8360000000E+005
       293     1.8240000000E+005
       294     1.7640500000E+005
       295     1.9920500000E+005
       296     1.7400000000E+005
       297     1.6680500000E+005
       298     1.8000500000E+005
       299     1.6800000000E+005
       300     2.0520000000E+005
       301     1.9680500000E+005
       302     1.9440500000E+005
       303     2.0040500000E+005
       304     1.9800500000E+005
       305     2.0040500000E+005
       306     1.8120000000E+005
       307     2.0040500000E+005
       308     1.7400500000E+005
       309     1.5840500000E+005
       310     2.0160000000E+005
       311     2.0280000000E+005
       312     1.7760500000E+005
       313     2.0400000000E+005
       314     1.7040000000E+005
       315     1.8240000000E+005
       316     1.7040500000E+005
       317     1.7040500000E+005
       318     2.0520500000E+005
       319     1.6680500000E+005
       320     1.6440500000E+005
       321     1.3920500000E+005
       322     1.9920000000E+005
       323     1.9560500000E+005
       324     1.9800500000E+005
       325     1.9800500000E+005
       326     1.8240500000E+005
       327     1.7400500000E+005
       328     2.0040500000E+005
       329     1.1040500000E+005
       330     2.0280500000E+005
       331     2.0160500000E+005
       332     1.8120500000E+005
       333     1.7640500000E+005
       334     2.0760500000E+005
       335     1.7520000000E+005
       336     1.6920000000E+005
       337     1.7520000000E+005
       338     1.7400500000E+005
       339     1.4640500000E+005
       340     1.4760000000E+005
       341     1.5360500000E+005
       342     2.0520500000E+005
       343     1.7520000000E+005
       344     1.7520000000E+005
       345     1.7640500000E+005
       346     2.0520500000E+005
       347     2.0520500000E+005
       348     1.8240500000E+005
       349     1.8120500000E+005
       350     1.5120500000E+005
       351     1.2720500000E+005
       352     1.8240000000E+005
       353     1.7640500000E+005
       354     1.7160000000E+005
       355     1.9680500000E+005
       356     1.6200500000E+005
       357     1.7760500000E+005
       358     2.0640500000E+005
       359     1.6680500000E+005
       360     1.5960500000E+005
       361     1.5960500000E+005
       362     1.5360500000E+005
       363     1.6200500000E+005
       364     1.7400500000E+005
       365     2.0280500000E+005
       366     1.4520000000E+005
       367     1.8240000000E+005
       368     1.7400500000E+005
       369     1.7760000000E+005
       370     1.9080500000E+005
       371     1.8840500000E+005
       372     1.8960000000E+005
       373     2.5800500000E+005
       374     2.4960000000E+005
       375     2.4840500000E+005
       376     2.0400000000E+005
       377     2.3400500000E+005
       378     1.6560000000E+005
       379     1.8120500000E+005
       380     1.6200500000E+005
       381     2.3400500000E+005
       382     2.3160500000E+005
       383     2.0760500000E+005
       384     2.0760500000E+005
       385     1.6560500000E+005
       386     2.3040500000E+005
       387     1.6560000000E+005
       388     1.9800500000E+005
       389     1.9800500000E+005
       390     2.0280500000E+005
       391     1.6680500000E+005
       392     2.0040500000E+005
       393     1.9800500000E+005
       394     1.8000500000E+005
       395     1.7640500000E+005
       396     1.7640500000E+005
       397     2.0400500000E+005
       398     1.8960000000E+005
       399     1.8000500000E+005
       400     1.8360500000E+005
       401     2.3280500000E+005
       402     2.0400500000E+005
       403     2.3400000000E+005
       404     2.3160000000E+005
       405     1.9800500000E+005
       406     1.9680000000E+005
       407     2.3520000000E+005
       408     2.0760000000E+005
       409     2.2920500000E+005
       410     2.1120500000E+005
       411     2.3160500000E+005
       412     2.3040500000E+005
       413     2.3160500000E+005
       414     2.3160500000E+005
       415     1.9560500000E+005
       416     1.9920000000E+005
       417     1.6680500000E+005
       418     1.6800500000E+005
       419     2.0280500000E+005
       420     1.7760000000E+005
       421     1.7640500000E+005
       422     2.2080000000E+005
       423     1.8480000000E+005
       424     1.7640500000E+005
       425     1.7400500000E+005
       426     1.8960000000E+005
       427     2.0400500000E+005
       428     2.0520500000E+005
       429     1.9560500000E+005
       430     1.9800000000E+005
       431     2.3040500000E+005
       432     2.2920000000E+005
       433     2.3040000000E+005
       434     2.2920000000E+005
       435     2.3040500000E+005
       436     2.3040500000E+005
       437     2.3040500000E+005
       438     2.3160000000E+005
       439     2.2920500000E+005
       440     1.8600500000E+005
       441     1.8480500000E+005
       442     1.6800500000E+005
       443     1.7400500000E+005
       444     2.1840000000E+005
       445     1.7640500000E+005
       446     2.2680500000E+005
       447     1.8120500000E+005
       448     1.7640500000E+005
       449     1.7400500000E+005
       450     1.8840500000E+005
       451     1.8720000000E+005
       452     1.8960000000E+005
       453     1.9680000000E+005
       454     2.2800500000E+005
       455     2.0400500000E+005
       456     2.2440000000E+005
       457     2.2440000000E+005
       458     2.0640000000E+005
       459     2.3160000000E+005
       460     2.3040500000E+005
       461     2.5440000000E+005
       462     2.0640000000E+005
       463     2.0640000000E+005
       464     1.7400500000E+005
       465     1.6560500000E+005
       466     1.7520000000E+005
       467     2.0880000000E+005
       468     2.2800000000E+005
       469     2.2680500000E+005
       470     1.7640500000E+005
       471     1.8360500000E+005
       472     1.7400500000E+005
       473     1.7640500000E+005
       474     1.8480500000E+005
       475     1.8600500000E+005
       476     1.8840500000E+005
       477     2.0160500000E+005
       478     2.1960500000E+005
       479     2.0760500000E+005
       480     2.3040500000E+005
       481     2.3040000000E+005
       482     2.1960000000E+005
       483     2.1240000000E+005
       484     2.3280000000E+005
       485     2.0640500000E+005
       486     2.0760000000E+005
       487     2.3160500000E+005
       488     1.6800500000E+005
       489     1.6800500000E+005
       490     1.7400500000E+005
       491     1.7520000000E+005
       492     2.2560000000E+005
       493     2.2800000000E+005
       494     1.7640500000E+005
       495     2.2920000000E+005
       496     1.7640500000E+005
       497     1.7640500000E+005
       498     1.8720000000E+005
       499     1.8840500000E+005
       500     1.9200500000E+005
       501     2.3520500000E+005
       502     2.3160000000E+005
       503     2.1480500000E+005
       504     2.1960000000E+005
       505     2.0640500000E+005
       506     2.0520500000E+005
       507     2.4120500000E+005
       508     2.2920500000E+005
       509     2.0520500000E+005
       510     1.7400500000E+005
       511     2.3160000000E+005
       512     1.7640500000E+005
       513     1.7760000000E+005
       514     1.8480000000E+005
       515     1.8360500000E+005
       516     1.8360500000E+005
       517     1.8480000000E+005
       518     1.7640500000E+005
       519     2.2560500000E+005
       520     1.7040500000E+005
       521     1.8960500000E+005
       522     1.8840500000E+005
       523     2.3160000000E+005
       524     2.3280500000E+005
       525     2.3160500000E+005
       526     1.9560000000E+005
       527     1.9440500000E+005
       528     1.9080500000E+005
       529     2.2560500000E+005
       530     2.3280000000E+005
       531     1.8600500000E+005
       532     1.7880500000E+005
       533     1.7640500000E+005
       534     1.8720000000E+005
       535     1.7640500000E+005
       536     1.7640500000E+005
       537     1.7760000000E+005
       538     1.8600500000E+005
       539     1.8720000000E+005
       540     1.8600500000E+005
       541     1.8600500000E+005
       542     2.2560000000E+005
       543     1.6800500000E+005
       544     1.5120500000E+005
       545     1.6800500000E+005
       546     2.2920500000E+005
       547     2.3760000000E+005
       548     2.2920500000E+005
       549     2.2440500000E+005
       550     1.9320500000E+005
       551     2.2080500000E+005
       552     1.8480000000E+005
       553     1.7640500000E+005
       554     2.2560500000E+005
       555     1.8480000000E+005
       556     1.8240000000E+005
       557     1.8480500000E+005
       558     1.7160000000E+005
       559     1.7880500000E+005
       560     1.6920500000E+005
       561     1.6440000000E+005
       562     1.7400500000E+005
       563     2.2440000000E+005
       564     2.1720500000E+005
       565     2.2440500000E+005
       566     1.6560500000E+005
       567     1.7640500000E+005
       568     2.3760000000E+005
       569     2.3160500000E+005
       570     2.2680000000E+005
       571     1.6200000000E+005
       572     2.2800500000E+005
       573     2.2680500000E+005
       574     2.1480500000E+005
       575     1.8480500000E+005
       576     1.6440000000E+005
       577     1.8120500000E+005
       578     1.7400500000E+005
       579     1.6320500000E+005
       580     1.8360500000E+005
       581     1.6800500000E+005
       582     2.1960500000E+005
       583     2.1960500000E+005
       584     2.2680000000E+005
       585     1.6080500000E+005
       586     2.1840000000E+005
       587     2.1480500000E+005
       588     2.1960500000E+005
       589     1.7640500000E+005
       590     1.7640500000E+005
       591     2.3640500000E+005
       592     2.2920500000E+005
       593     2.3160500000E+005
       594     2.2920500000E+005
       595     1.6320500000E+005
       596     2.2680000000E+005
       597     1.6320000000E+005
       598     1.6320500000E+005
       599     1.7880000000E+005
       600     1.8240000000E+005
       601     1.8120500000E+005
       602     1.6560000000E+005
       603     2.1840500000E+005
       604     2.1960000000E+005
       605     2.2200500000E+005
       606     2.1960500000E+005
       607     2.1960500000E+005
       608     2.2200500000E+005
       609     1.8360500000E+005
       610     2.1840500000E+005
       611     2.2080500000E+005
       612     1.7640500000E+005
       613     1.6800500000E+005
       614     2.3640500000E+005
       615     2.2320500000E+005
       616     2.2320500000E+005
       617     2.3640500000E+005
       618     2.2320500000E+005
       619     2.2920500000E+005
       620     2.1960500000E+005
       621     2.2800000000E+005
       622     2.2440500000E+005
       623     1.6440500000E+005
       624     2.1600000000E+005
       625     1.5000000000E+005
       626     1.6560500000E+005
       627     1.4760000000E+005
       628     1.5240500000E+005
       629     2.1840500000E+005
       630     2.2680500000E+005
       631     2.2440500000E+005
       632     2.2200500000E+005
       633     2.2680000000E+005
       634     1.7520000000E+005
       635     2.2680000000E+005
       636     1.7640500000E+005
       637     1.7880500000E+005
       638     2.3640500000E+005
       639     2.3640500000E+005
       640     2.2440500000E+005
       641     2.2560500000E+005
       642     2.2560000000E+005
       643     2.2440500000E+005
       644     2.2080000000E+005
       645     2.1960500000E+005
       646     2.1960500000E+005
       647     1.6680000000E+005
       648     1.4880500000E+005
       649     1.4160500000E+005
       650     2.1000500000E+005
       651     1.4400500000E+005
       652     1.5120500000E+005
       653     1.4160500000E+005
       654     2.2560500000E+005
       655     2.2440500000E+005
       656     2.2440500000E+005
       657     2.2560500000E+005
       658     2.3160500000E+005
       659     1.8840500000E+005
       660     1.8000000000E+005
       661     2.3040000000E+005
       662     2.2440500000E+005
       663     2.4360500000E+005
       664     2.2920500000E+005
       665     2.0640500000E+005
       666     2.1600500000E+005
       667     1.9920500000E+005
       668     2.1600000000E+005
       669     2.2440500000E+005
       670     2.2440500000E+005
       671     1.6200000000E+005
       672     2.1360000000E+005
       673     1.6800500000E+005
       674     1.4520000000E+005
       675     1.6800500000E+005
       676     1.4160500000E+005
       677     1.6800500000E+005
       678     1.4280000000E+005
       679     2.2440500000E+005
       680     2.2680500000E+005
       681     2.2680000000E+005
       682     1.9080500000E+005
       683     1.8120000000E+005
       684     1.8000500000E+005
       685     1.8840500000E+005
       686     1.7880000000E+005
       687     2.2440500000E+005
       688     2.2200500000E+005
       689     2.4000000000E+005
       690     2.2320000000E+005
       691     2.4840500000E+005
       692     2.2320500000E+005
       693     2.1600500000E+005
       694     2.1480000000E+005
       695     2.0760000000E+005
       696     2.2440500000E+005
       697     2.2680500000E+005
       698     1.4640500000E+005
       699     1.4640500000E+005
       700     1.9800500000E+005
       701     1.3920500000E+005
       702     1.9320500000E+005
       703     1.9920000000E+005
       704     1.9320500000E+005
       705     1.9440000000E+005
       706     1.9200000000E+005
       707     1.9080500000E+005
       708     1.9440000000E+005
       709     1.9680500000E+005
       710     1.9560500000E+005
       711     1.9800500000E+005
       712     2.1840000000E+005
       713     1.9680500000E+005
       714     2.1240500000E+005
       715     2.1360000000E+005
       716     1.9200500000E+005
       717     2.2440500000E+005
       718     2.4240500000E+005
       719     1.7760000000E+005
       720     2.2800500000E+005
       721     2.4840500000E+005
       722     2.2320500000E+005
       723     2.5320000000E+005
       724     2.4720500000E+005
       725     2.1840500000E+005
       726     1.4880500000E+005
       727     1.3920500000E+005
       728     1.4160500000E+005
       729     1.8960000000E+005
       730     2.2080000000E+005
       731     1.9800500000E+005
       732     1.9680000000E+005
       733     1.9800500000E+005
       734     1.9920000000E+005
       735     1.9560500000E+005
       736     1.9800500000E+005
       737     2.1360000000E+005
       738     2.2320000000E+005
       739     1.7880500000E+005
       740     1.9200500000E+005
       741     2.1720500000E+005
       742     2.4240500000E+005
       743     1.8360500000E+005
       744     2.2200500000E+005
       745     2.2320500000E+005
       746     2.2320500000E+005
       747     2.2680500000E+005
       748     2.1720500000E+005
       749     1.3920500000E+005
       750     2.2320000000E+005
       751     2.1960500000E+005
       752     1.9680500000E+005
       753     1.9800500000E+005
       754     1.9800500000E+005
       755     1.7400500000E+005
       756     2.2200500000E+005
       757     2.2200500000E+005
       758     1.8360500000E+005
       759     2.2200500000E+005
       760     1.7640500000E+005
       761     2.4240500000E+005
       762     2.2200500000E+005
       763     2.2440500000E+005
       764     2.1480500000E+005
       765     2.2200500000E+005
       766     2.2080500000E+005
       767     2.1720500000E+005
       768     1.5720000000E+005
       769     1.9560500000E+005
       770     1.7760500000E+005
       771     2.0640000000E+005
       772     2.0520500000E+005
       773     2.0640500000E+005
       774     2.2320500000E+005
       775     2.1000500000E+005
       776     2.1480500000E+005
       777     2.2080500000E+005
       778     2.2200500000E+005
       779     2.2200500000E+005
       780     1.7640000000E+005
       781     2.1960500000E+005
       782     2.1960500000E+005
       783     2.1960500000E+005
       784     1.4880500000E+005
       785     1.8120500000E+005
       786     2.1960000000E+005
       787     2.1240500000E+005
       788     1.9080500000E+005
       789     2.1840500000E+005
       790     2.1840500000E+005
       791     2.2200500000E+005
       792     2.1360500000E+005
       793     2.2200500000E+005
       794     2.1480500000E+005
       795     2.2080000000E+005
       796     2.1960500000E+005
       797     2.2440500000E+005
       798     2.2200500000E+005
       799     2.2200500000E+005
       800     2.2440500000E+005
       801     2.1840000000E+005
       802     2.1960500000E+005
       803     2.1960500000E+005
       804     2.2680500000E+005
       805     1.9320500000E+005
       806     2.2200500000E+005
       807     1.7520500000E+005
       808     2.1600000000E+005
       809     2.1960500000E+005
       810     1.9080500000E+005
       811     2.2440500000E+005
       812     2.1960500000E+005
       813     2.1960500000E+005
       814     2.1960500000E+005
       815     2.2200500000E+005
       816     2.2200000000E+005
       817     2.1480500000E+005
       818     1.8120500000E+005
       819     1.7640500000E+005
       820     2.3880500000E+005
       821     2.2080000000E+005
       822     2.2320000000E+005
       823     2.1960500000E+005
       824     2.2200000000E+005
       825     2.1480500000E+005
       826     1.7640500000E+005
       827     2.4240500000E+005
       828     1.7760000000E+005
       829     1.7880500000E+005
       830     2.2080000000E+005
       831     2.2080000000E+005
       832     2.1960500000E+005
       833     1.9320500000E+005
       834     2.1840500000E+005
       835     1.7400500000E+005
       836     1.7520000000E+005
       837     2.1960500000E+005
       838     2.1960500000E+005
       839     2.2080000000E+005
       840     2.2200000000E+005
       841     1.8960500000E+005
       842     1.8960500000E+005
       843     2.0640500000E+005
       844     2.2320500000E+005
       845     2.0400500000E+005
       846     2.2080000000E+005
       847     2.2080000000E+005
       848     2.1720500000E+005
       849     2.2200000000E+005
       850     2.2800500000E+005
       851     2.2920500000E+005
       852     1.8240000000E+005
       853     1.8120500000E+005
       854     1.9920500000E+005
       855     2.1960500000E+005
       856     2.1960500000E+005
       857     2.2080500000E+005
       858     2.3160500000E+005
       859     2.2800500000E+005
       860     2.2680500000E+005
       861     2.1360500000E+005
       862     2.2200000000E+005
       863     1.8720000000E+005
       864     2.1840500000E+005
       865     2.4120000000E+005
       866     2.1960500000E+005
       867     2.2200500000E+005
       868     2.2320500000E+005
       869     2.2800500000E+005
       870     2.2920000000E+005
       871     2.4720500000E+005
       872     2.1000500000E+005
       873     2.3040500000E+005
       874     2.2560500000E+005
       875     2.2080500000E+005
       876     2.2080500000E+005
       877     2.2200500000E+005
       878     2.2800500000E+005
       879     2.1120500000E+005
       880     2.2560500000E+005
       881     2.2320500000E+005
       882     2.2440500000E+005
       883     2.3040500000E+005
       884     2.3040500000E+005
       885     2.2320000000E+005
       886     2.2200000000E+005
       887     2.1960000000E+005
       888     2.2560500000E+005
       889     2.2560500000E+005
       890     2.2320500000E+005
       891     2.2080500000E+005
       892     2.1960500000E+005
       893     1.8000000000E+005
       894     2.3280500000E+005
       895     1.9560500000E+005
       896     2.2080500000E+005
       897     2.2560500000E+005
       898     1.8600000000E+005
       899     2.2440500000E+005
       900     1.8120000000E+005
       901     2.2560500000E+005
       902     1.9080500000E+005
       903     2.2440500000E+005
       904     2.2680500000E+005
       905     1.8000000000E+005
       906     1.7880500000E+005
       907     2.3160500000E+005
       908     2.1720500000E+005
       909     1.8480000000E+005
       910     2.1480500000E+005
       911     1.7640500000E+005
       912     1.7640500000E+005
       913     2.2560000000E+005
       914     1.9080500000E+005
       915     1.9080500000E+005
       916     2.2920000000E+005
       917     1.6560500000E+005
       918     2.1480500000E+005
       919     1.8120500000E+005
       920     1.7760500000E+005
       921     2.1480500000E+005
       922     1.8360500000E+005
       923     1.7880500000E+005
       924     1.8600500000E+005
       925     2.2560500000E+005
       926     1.9080500000E+005
       927     1.9080500000E+005
       928     2.2800500000E+005
       929     1.6080000000E+005
       930     2.1240500000E+005
       931     2.1240500000E+005
       932     2.1240500000E+005
       933     1.8240000000E+005
       934     2.1480500000E+005
       935     1.8360500000E+005
       936     1.9800500000E+005
       937     1.9920000000E+005
       938     1.8120500000E+005
       939     2.2920000000E+005
       940     2.2680500000E+005
       941     1.9320000000E+005
       942     1.9080500000E+005
       943     1.8120500000E+005
       944     1.7520500000E+005
       945     2.2440500000E+005
       946     2.2440500000E+005
       947     2.2680500000E+005
       948     2.4000500000E+005
       949     1.8720500000E+005
       950     1.8840000000E+005
       951     1.8120000000E+005
       952     2.1480000000E+005
       953     1.9920000000E+005
       954     1.9920500000E+005
       955     2.1960500000E+005
       956     1.9320000000E+005
       957     2.1360500000E+005
       958     2.2800000000E+005
       959     2.1480500000E+005
       960     2.2680000000E+005
       961     2.2320500000E+005
       962     2.1840500000E+005
       963     2.1360500000E+005
       964     1.9680500000E+005
       965     2.1960500000E+005
       966     2.1240500000E+005
       967     1.7400500000E+005
       968     2.2680500000E+005
       969     1.8840000000E+005
       970     1.8840500000E+005
       971     1.9680500000E+005
       972     2.1240500000E+005
       973     1.8960000000E+005
       974     2.2800000000E+005
       975     2.2680500000E+005
       976     1.8720500000E+005
       977     2.1480000000E+005
       978     1.8840500000E+005
       979     1.8840500000E+005
       980     2.1120500000E+005
       981     1.8840500000E+005
       982     1.8960000000E+005
       983     1.9440000000E+005
       984     1.8960000000E+005
       985     1.8840500000E+005
       986     1.8840500000E+005
       987     1.8480500000E+005
       988     1.8720500000E+005
       989     2.1120500000E+005
       990     1.8480500000E+005
       991     2.1000500000E+005
       992     1.9080500000E+005
       993     1.9200000000E+005
       994     1.8960000000E+005
       995     1.8960000000E+005
       996     2.1120000000E+005
       997     1.8960500000E+005
       998     2.1000500000E+005
       999     1.9080500000E+005
      1000     1.9320000000E+005
      1001     1.8480500000E+005
      1002     1.8960000000E+005
      1003     2.1000500000E+005
      1004     1.8600000000E+005
      1005     1.8840500000E+005
      1006     2.1000500000E+005
      1007     1.8360500000E+005
      1008     1.9200500000E+005
      1009     1.9200500000E+005
      1010     1.8480500000E+005
      1011     1.8840500000E+005
      1012     2.1000500000E+005
      1013     1.8840500000E+005
      1014     2.1000500000E+005
      1015     1.8480500000E+005
      1016     2.1000500000E+005
      1017     2.1000500000E+005
      1018     2.1000500000E+005
      1019     2.1000500000E+005
      1020     1.8840500000E+005
      1021     1.8840500000E+005
      1022     2.1000500000E+005
      1023     2.1120500000E+005
      1024     2.1000500000E+005
      1025     1.8240000000E+005
      1026     2.1120500000E+005
      1027     1.8960500000E+005
      1028     1.8120500000E+005
      1029     1.8480000000E+005
      1030     1.8840500000E+005
      1031     1.8960500000E+005
      1032     1.8360000000E+005
      1033     1.8480500000E+005
      1034     1.8960500000E+005
      1035     1.8360000000E+005
      1036     1.8720500000E+005
      1037     1.9680000000E+005
      1038     1.9320500000E+005
      1039     1.9440500000E+005
      1040     1.9680000000E+005
      1041     1.9200000000E+005
      1042     1.9560500000E+005
      1043     1.9320500000E+005
      1044     1.9680000000E+005
      1045     1.9800500000E+005
      1046     2.1000500000E+005
      1047     1.9320500000E+005
      1048     1.9560500000E+005
      1049     2.1960500000E+005
      1050     1.9560500000E+005
      1051     2.1840000000E+005
      1052     2.1240500000E+005
      1053     1.9560500000E+005
      1054     1.9920500000E+005
      1055     1.9440500000E+005
      1056     1.9320000000E+005
      1057     1.9800000000E+005
      1058     1.9920000000E+005
      1059     1.9680500000E+005
      1060     1.9680500000E+005
      1061     1.9680500000E+005
      1062     1.9680500000E+005
      1063     1.9800000000E+005
      1064     1.9800000000E+005
      1065     1.9680500000E+005
      1066     1.9800500000E+005
      1067     1.9800500000E+005
      1068     1.9800500000E+005
      1069     2.0280500000E+005
