  nc_newport_river_core_cr4_bath    v31.06 iterative         Albemarle-Pamlico Estuar
          2       1069  0.1000000E+001        1     1 FileFmtVersion:    1050624
     2.5920000000E+005          51840
         1     0.0000000000E+000
         2     1.3086389175E-001
         3     3.3321609824E-001
         4     3.7017168554E-001
         5     4.8528245633E-001
         6     5.4420114342E-001
         7     5.1763797041E-001
         8     6.5814018390E-001
         9     3.4414208209E-001
        10     5.3220179603E-001
        11     6.5897606430E-001
        12     3.4179063255E-001
        13     3.9623321507E-001
        14     6.9038477019E-001
        15     3.6928922412E-001
        16     6.1867413718E-001
        17     7.7389815350E-001
        18     6.7308190554E-001
        19     1.1828859472E+000
        20     0.0000000000E+000
        21     5.2591979925E-001
        22     1.0305022322E+000
        23     1.3643434069E+000
        24     1.8875095962E-001
        25     5.3670115611E-001
        26     1.3418448772E+000
        27     1.2919894596E+000
        28     6.1209637124E-001
        29     3.0919466197E+000
        30     7.3164693691E-001
        31     1.0920636015E+000
        32     5.8892970805E-001
        33     5.9264507270E-001
        34     1.0058091112E+000
        35     1.0503420933E+000
        36     6.7503259564E-001
        37     1.0394329042E+000
        38     1.0816234477E+000
        39     1.5126890479E+000
        40     7.5688018192E-001
        41     0.0000000000E+000
        42     9.6326515246E-001
        43     0.0000000000E+000
        44     0.0000000000E+000
        45     3.5066890655E+000
        46     1.5375056003E+000
        47     1.0003234741E+000
        48     1.0284920667E+000
        49     1.0126138240E+000
        50     1.2307356977E+000
        51     4.8050491760E-001
        52     3.7019474984E-001
        53     5.9119485505E-001
        54     1.2486372582E+000
        55     1.5549494623E+000
        56     1.1001393776E+000
        57     1.0769482459E+000
        58     1.2053270275E+000
        59     3.4905063142E-001
        60     0.0000000000E+000
        61     1.0361444121E+000
        62     8.3949164397E-001
        63     4.2050461498E-001
        64     9.2886341733E-001
        65     9.0438101335E-001
        66     8.0654021235E-001
        67     7.3724912124E-001
        68     1.1631875046E+000
        69     1.2692733865E+000
        70     1.7244623193E+000
        71     7.4201382582E-001
        72     3.7402763984E-001
        73     7.8403882910E-001
        74     6.5971294536E-001
        75     4.0884282679E-001
        76     3.4013980450E-001
        77     3.3603899651E-001
        78     0.0000000000E+000
        79     5.5210859107E-001
        80     7.4774597154E-001
        81     1.2408859011E+000
        82     8.2285419881E-001
        83     9.0837264921E-001
        84     9.8903761784E-001
        85     8.9777127288E-001
        86     1.1386572973E+000
        87     1.1523298474E+000
        88     2.5090355780E-001
        89     7.2987818461E-001
        90     7.9482074650E-001
        91     6.3662024595E-001
        92     6.4125397101E-001
        93     5.6840235536E-001
        94     1.0556279641E+000
        95     7.6176358194E-001
        96     1.0519010449E+000
        97     9.0101097598E-001
        98     9.7488476362E-001
        99     1.2436450129E+000
       100     6.9255072750E-001
       101     7.0678769200E-001
       102     6.5045891361E-001
       103     5.9210252310E-001
       104     1.3339502195E+000
       105     0.0000000000E+000
       106     5.0286199863E-001
       107     7.2504591885E-001
       108     6.8154670813E-001
       109     3.9170635632E-001
       110     2.1260286692E+000
       111     8.1143845561E-001
       112     8.3360669484E-001
       113     1.0883531481E+000
       114     1.1340581565E+000
       115     8.6673579203E-001
       116     8.8958430049E-001
       117     7.2981661843E-001
       118     5.6914935880E-001
       119     6.7230591289E-001
       120     0.0000000000E+000
       121     7.4021312356E-001
       122     5.2015939673E-001
       123     1.1834782063E+000
       124     0.0000000000E+000
       125     4.3407896396E-001
       126     3.9177642754E-001
       127     5.6294068615E-001
       128     1.0319404793E+000
       129     6.7106653755E-001
       130     1.0613140746E+000
       131     7.3204958064E-001
       132     1.1873947249E+000
       133     1.0558943648E+000
       134     1.1843341275E+000
       135     8.6172201383E-001
       136     6.4079837803E-001
       137     7.4237394361E-001
       138     7.1495804785E-001
       139     6.4108266764E-001
       140     5.8259654858E-001
       141     3.7432384419E-001
       142     4.5939423620E-001
       143     4.1523753259E-001
       144     0.0000000000E+000
       145     4.7579176573E-001
       146     1.1132173007E+000
       147     7.7318366728E-001
       148     1.2351095004E+000
       149     1.0638338109E+000
       150     1.1045861964E+000
       151     1.1303208515E+000
       152     1.2816589454E+000
       153     6.5956662606E-001
       154     7.7428694107E-001
       155     9.9508883662E-001
       156     4.5599233555E-001
       157     6.6736869586E-001
       158     6.1241681876E-001
       159     6.4529214035E-001
       160     3.1472670375E-001
       161     4.6024002805E-001
       162     3.9595141354E-001
       163     7.8949317054E-001
       164     1.2836511673E+000
       165     1.1354060652E+000
       166     8.8618931324E-001
       167     1.0762527921E+000
       168     1.2909671313E+000
       169     5.1737887073E-001
       170     1.2823291278E+000
       171     9.8921772588E-001
       172     0.0000000000E+000
       173     5.7594828811E-001
       174     8.1356497643E-001
       175     5.7482332249E-001
       176     1.1266276896E+000
       177     7.7348012899E-001
       178     7.4576046100E-001
       179     1.2665151661E+000
       180     1.0487537192E+000
       181     1.2162779436E+000
       182     1.1233115778E+000
       183     0.0000000000E+000
       184     1.0481043957E+001
       185     1.0819947522E+000
       186     1.3367097680E+000
       187     8.0199716932E-001
       188     1.3787263948E+000
       189     1.4799356912E+000
       190     7.4425427799E-001
       191     1.3066987928E+000
       192     9.5403302570E-001
       193     1.0457575566E+000
       194     0.0000000000E+000
       195     9.6471621168E-001
       196     5.6770852108E-001
       197     3.2933745785E-001
       198     0.0000000000E+000
       199     6.1392818724E-001
       200     8.4138186681E-001
       201     1.0194091743E+000
       202     8.1968704775E-001
       203     6.9871304598E-001
       204     7.4662420671E-001
       205     9.3122227238E-001
       206     1.2062745290E+000
       207     1.1604521290E+000
       208     7.9445098066E-001
       209     4.1040330095E+000
       210     1.4072606705E+000
       211     9.3856224423E-001
       212     8.1982885017E-001
       213     6.9945583885E-001
       214     7.7832729208E-001
       215     8.1924886125E-001
       216     8.2290472412E-001
       217     1.3560664130E+000
       218     1.2057857428E+000
       219     5.8865419730E-001
       220     8.1080042485E-001
       221     6.5845045721E-001
       222     1.0712066165E+000
       223     7.7520440890E-001
       224     6.8196983599E-001
       225     7.0055675808E-001
       226     1.0145385046E+000
       227     1.0974442691E+000
       228     8.5037224979E-001
       229     7.3696421266E-001
       230     8.8150231846E-001
       231     2.5031788540E+000
       232     9.7953036286E-001
       233     3.0138462478E+000
       234     7.9119297066E-001
       235     9.2602058914E-001
       236     7.3958661853E-001
       237     6.7110156531E-001
       238     4.6775266529E-001
       239     3.3100900771E-002
       240     1.2199428839E+000
       241     7.2985142826E-001
       242     7.5377944149E-001
       243     7.4260234506E-001
       244     1.4214455481E+000
       245     9.5531301876E-001
       246     1.0753291514E+000
       247     9.0660540983E-001
       248     7.0724707207E-001
       249     9.5566034115E-001
       250     7.3500379643E-001
       251     6.8355577660E-001
       252     7.5418646868E-001
       253     1.0631847596E+000
       254     3.1294979255E+000
       255     4.0307235690E+000
       256     1.5285920000E+000
       257     1.5040039906E+000
       258     1.1038841225E+000
       259     6.3555067948E-001
       260     1.1318879123E+000
       261     7.0976564826E-001
       262     7.1224644725E-001
       263     6.9403132834E-001
       264     4.4410494481E+000
       265     8.7478448993E-001
       266     1.0410010685E+000
       267     7.1051954745E-001
       268     7.3658953139E-001
       269     1.3513478243E+000
       270     1.3386473853E+000
       271     1.0145771855E+000
       272     7.9310660289E-001
       273     6.4605177945E-001
       274     6.4504324426E-001
       275     6.9588320115E-001
       276     6.8485838609E-001
       277     1.0662271989E+000
       278     1.1918144254E+000
       279     1.6087937940E+000
       280     1.4768714878E+000
       281     1.0171438726E+000
       282     9.5052515005E-001
       283     1.1716158913E+000
       284     6.6347368307E-001
       285     7.7337235234E-001
       286     7.4816636182E-001
       287     1.1004090722E+000
       288     1.0494064141E+000
       289     1.1239950369E+000
       290     6.7917585370E-001
       291     9.1433199155E-001
       292     1.2707577601E+000
       293     9.9386727717E-001
       294     9.1490165087E-001
       295     5.0568265115E-001
       296     0.0000000000E+000
       297     7.9284418775E-001
       298     7.2557823176E-001
       299     7.6734088018E-001
       300     1.2513442378E+000
       301     1.2667608172E+000
       302     1.4039403065E+000
       303     8.9040614964E-001
       304     8.0709667328E-001
       305     1.2213914812E+000
       306     9.0037368154E-001
       307     8.4079956446E-001
       308     1.0500603577E+000
       309     1.4669255248E+000
       310     1.1778361492E+000
       311     1.3591137802E+000
       312     9.6240737792E-001
       313     8.3960082704E-001
       314     8.5348865418E-001
       315     4.2479016540E-001
       316     8.2149001991E-001
       317     5.8730475967E-001
       318     8.5119010573E-001
       319     9.2116672141E-001
       320     9.0790542226E-001
       321     3.9852363349E+000
       322     1.3349885197E+000
       323     1.1655311877E+000
       324     1.0808354976E+000
       325     1.5573385428E+000
       326     1.0634777306E+000
       327     1.2464666185E+000
       328     1.2480489341E+000
       329     1.8661172928E+000
       330     5.6078949508E+000
       331     1.1014306713E+000
       332     1.0885184925E+000
       333     1.0695984267E+000
       334     1.2838317204E+000
       335     1.1611964565E+000
       336     7.7127972240E-001
       337     8.6637101012E-001
       338     9.8678720101E-001
       339     1.2816418858E+000
       340     1.2503046929E+000
       341     1.5294738992E+000
       342     1.0002120060E+000
       343     1.1758340391E+000
       344     1.2908056387E+000
       345     1.3367571015E+000
       346     1.6771343671E+000
       347     3.6347466876E+000
       348     1.2110641031E+000
       349     1.1613379227E+000
       350     1.1648591110E+000
       351     1.3946896218E+000
       352     7.6884081824E-001
       353     1.0119025219E+000
       354     9.1977389864E-001
       355     0.0000000000E+000
       356     1.1180136646E+000
       357     9.8839155521E-001
       358     1.1129192355E+000
       359     9.6734676593E-001
       360     1.0349582294E+000
       361     1.2450348142E+000
       362     1.4252303646E+000
       363     1.1732480426E+000
       364     1.3537085619E+000
       365     1.4696425085E+000
       366     1.2116418025E+000
       367     1.2326701311E+000
       368     1.2788516915E+000
       369     1.2451605873E+000
       370     9.6367701050E-001
       371     1.4224977934E+000
       372     3.5569259344E+000
       373     4.0064147052E+000
       374     9.4438458307E-001
       375     1.0824186370E+000
       376     5.4186637946E+000
       377     3.2337054393E+000
       378     9.5712997932E-001
       379     9.8866708202E-001
       380     9.1510847490E-001
       381     4.7570193342E+000
       382     1.2502900840E+000
       383     1.0831341509E+000
       384     0.0000000000E+000
       385     3.9499465811E+000
       386     7.6625653109E-001
       387     2.2045973691E+000
       388     1.1283335304E+000
       389     1.2159962294E+000
       390     1.2638411154E+000
       391     1.5572223324E+000
       392     1.5039707859E+000
       393     1.6305447580E+000
       394     1.1952153217E+000
       395     1.1390812554E+000
       396     1.2095322304E+000
       397     1.1439164075E+000
       398     8.6438779546E-001
       399     1.1996676966E+000
       400     9.3189244708E-001
       401     1.0129074101E+000
       402     9.2636044048E-001
       403     1.0711048934E+000
       404     1.4278194440E+000
       405     1.2511857183E+000
       406     1.1653633065E+000
       407     1.0611536169E+000
       408     9.8113109546E-001
       409     1.1225503991E+000
       410     1.0689879074E+000
       411     0.0000000000E+000
       412     2.1678069160E+000
       413     2.3065096980E+000
       414     1.0874853076E+000
       415     1.3178434091E+000
       416     1.4712206012E+000
       417     1.3368821546E+000
       418     1.5469864378E+000
       419     1.1282230279E+000
       420     1.1575161441E+000
       421     1.1559157644E+000
       422     1.1675790986E+000
       423     9.2503832106E-001
       424     1.1055535043E+000
       425     9.3566048365E-001
       426     1.0552148590E+000
       427     1.2417636256E+000
       428     1.1916901880E+000
       429     1.3885070160E+000
       430     1.4580404835E+000
       431     2.5292069074E+000
       432     2.6021819823E+000
       433     8.4608193540E-001
       434     1.0144338390E+000
       435     2.7019028172E+000
       436     1.1619757169E+000
       437     1.2054557432E+000
       438     1.0315284401E+000
       439     1.1400533868E+000
       440     9.5799297319E-001
       441     1.3860082205E+000
       442     1.3900198010E+000
       443     1.1808160237E+000
       444     1.1181611513E+000
       445     1.1026947866E+000
       446     1.0940610488E+000
       447     9.4324607717E-001
       448     1.0713347288E+000
       449     1.0811005807E+000
       450     1.0597477508E+000
       451     1.3215171177E+000
       452     1.1871590594E+000
       453     1.1309531199E+000
       454     1.0527501442E+000
       455     1.4062626555E+000
       456     1.1218829517E+000
       457     8.5980301716E-001
       458     1.3363407062E+000
       459     1.2258542795E+000
       460     1.0820902899E+000
       461     1.4185603000E+000
       462     9.4968484428E-001
       463     9.9472374134E-001
       464     9.6214727709E-001
       465     1.2993055612E+000
       466     1.1619773930E+000
       467     1.0987026534E+000
       468     1.0951967556E+000
       469     1.1102292537E+000
       470     1.0236740292E+000
       471     1.0417022811E+000
       472     1.1355554598E+000
       473     1.1538439800E+000
       474     1.0052988448E+000
       475     1.3176197233E+000
       476     1.0902589021E+000
       477     1.1507579894E+000
       478     3.8675304166E+000
       479     9.3717056978E-001
       480     2.5437069125E+000
       481     7.1227306304E+000
       482     9.0434640092E-001
       483     9.1973256605E-001
       484     1.1532399737E+000
       485     1.0837493791E+000
       486     1.0743161388E+000
       487     1.2336825910E+000
       488     1.0004485726E+000
       489     9.8363066902E-001
       490     1.0838953319E+000
       491     9.9994598064E-001
       492     1.0164040721E+000
       493     1.0302542127E+000
       494     1.0595281227E+000
       495     1.0454689745E+000
       496     1.0996615041E+000
       497     1.0084476474E+000
       498     1.0520288931E+000
       499     9.5122418295E-001
       500     0.0000000000E+000
       501     3.2133978266E+000
       502     8.3976389366E-001
       503     9.6441267403E-001
       504     1.0128484687E+000
       505     9.0102969159E-001
       506     1.0389113557E+000
       507     9.3265811784E-001
       508     1.0899294738E+000
       509     1.0247095756E+000
       510     1.0273734228E+000
       511     1.1117262990E+000
       512     1.0191322904E+000
       513     1.0490238345E+000
       514     9.7417026168E-001
       515     9.5419014949E-001
       516     1.0295170128E+000
       517     1.0368512011E+000
       518     1.0717488249E+000
       519     1.0570361477E+000
       520     1.0571959909E+000
       521     9.3114715474E-001
       522     9.7012371006E-001
       523     1.7062428647E+000
       524     1.3037229073E+000
       525     8.9117628602E-001
       526     9.5585636389E-001
       527     1.0024571460E+000
       528     1.0501973941E+000
       529     1.0407567240E+000
       530     1.2148740301E+000
       531     1.1420798765E+000
       532     1.0381746942E+000
       533     1.0235713281E+000
       534     1.0704945160E+000
       535     1.0122366100E+000
       536     1.0064438188E+000
       537     1.0371961866E+000
       538     1.0783084806E+000
       539     1.1703682876E+000
       540     1.1098420664E+000
       541     1.0887509435E+000
       542     1.0567506928E+000
       543     1.0204595690E+000
       544     1.0616376065E+000
       545     7.9040588430E-001
       546     1.4173848616E+000
       547     8.7083223769E-001
       548     1.1574889192E+000
       549     9.7046534084E-001
       550     8.9909102181E-001
       551     7.6017642155E-001
       552     9.7507678762E-001
       553     1.0199180947E+000
       554     9.9417369887E-001
       555     1.0536739022E+000
       556     1.0188508469E+000
       557     9.2212799608E-001
       558     9.6762326491E-001
       559     9.4615754722E-001
       560     9.6969466033E-001
       561     1.0104264751E+000
       562     1.0903115132E+000
       563     1.0634944007E+000
       564     1.0019108320E+000
       565     9.6370673181E-001
       566     7.6736961639E-001
       567     6.0146847165E-001
       568     8.4920414087E-001
       569     2.8612569131E+000
       570     8.6359284625E-001
       571     7.4188051784E-001
       572     1.3639968685E+000
       573     8.3828718239E-001
       574     6.6522185764E-001
       575     8.1082345602E-001
       576     6.8050344786E-001
       577     8.6040806086E-001
       578     8.5374235806E-001
       579     8.2288760594E-001
       580     9.1684581808E-001
       581     8.6521699355E-001
       582     9.0070429787E-001
       583     8.6040170198E-001
       584     8.9791605980E-001
       585     8.5706120609E-001
       586     8.6118715255E-001
       587     8.7862968659E-001
       588     8.8063936245E-001
       589     5.8876018599E-001
       590     2.4512664123E+000
       591     9.6016335808E-001
       592     1.0538072891E+000
       593     9.3268118849E-001
       594     9.1810392386E-001
       595     6.2015531232E-001
       596     7.5461669427E-001
       597     8.7341029094E-001
       598     7.7409134062E-001
       599     7.9971595215E-001
       600     7.0499821301E-001
       601     7.6212472909E-001
       602     6.3245269101E-001
       603     8.1850255019E-001
       604     7.5174732139E-001
       605     8.2477286249E-001
       606     7.9071937231E-001
       607     7.4956783927E-001
       608     7.8568098541E-001
       609     6.7957167864E-001
       610     7.8433456129E-001
       611     7.5398030867E-001
       612     1.1014240732E+000
       613     6.9181788993E-001
       614     2.7606673281E+000
       615     8.6320645293E-001
       616     1.7784298009E+000
       617     8.7369491721E-001
       618     8.2416157758E-001
       619     1.1013432627E+000
       620     1.3106566680E+000
       621     9.5123526040E-001
       622     8.6656418028E-001
       623     6.6787588922E-001
       624     9.1260626584E-001
       625     8.1454567476E-001
       626     6.8783274986E-001
       627     7.1624388299E-001
       628     6.4395811387E-001
       629     7.1221448922E-001
       630     7.2978585535E-001
       631     7.0657693714E-001
       632     6.9217905438E-001
       633     7.0753966060E-001
       634     8.2608811934E-001
       635     7.0877543603E-001
       636     6.2578511582E-001
       637     7.9017460310E-001
       638     1.0596385700E+000
       639     8.4993824665E-001
       640     7.9503688425E-001
       641     8.1228600087E-001
       642     9.9567913156E-001
       643     1.0142884127E+000
       644     1.0253796313E+000
       645     8.4364056297E-001
       646     1.0155595189E+000
       647     5.8421945669E-001
       648     8.6691276345E-001
       649     8.7156927608E-001
       650     6.5919760790E-001
       651     6.5953892194E-001
       652     6.2871249613E-001
       653     6.5084525123E-001
       654     6.3660655308E-001
       655     6.5309606046E-001
       656     6.2507665175E-001
       657     6.1670789795E-001
       658     5.8413429710E-001
       659     5.6351991879E-001
       660     9.0236638287E-001
       661     9.9736345922E-001
       662     7.9489097282E-001
       663     9.0956478506E-001
       664     1.3431181930E+000
       665     1.4448241947E+000
       666     9.7738797969E-001
       667     8.4387607071E-001
       668     4.9074735435E+000
       669     9.0457853335E-001
       670     9.4151342542E-001
       671     8.4771441347E-001
       672     8.4382095045E-001
       673     6.0029003555E-001
       674     7.9381511829E-001
       675     7.8608183929E-001
       676     6.2086489942E-001
       677     6.0586285226E-001
       678     6.2872224244E-001
       679     5.5434328740E-001
       680     5.8110812537E-001
       681     5.9998568026E-001
       682     5.3066877472E-001
       683     6.5651602329E-001
       684     0.0000000000E+000
       685     6.4121374005E-001
       686     7.5472175180E-001
       687     9.6860578427E-001
       688     2.7446441676E+000
       689     3.4558405067E+000
       690     8.3605208671E-001
       691     1.3051981802E+000
       692     9.3075547815E-001
       693     1.8293636666E+000
       694     1.9576175354E+000
       695     1.1573020420E+000
       696     1.1495460700E+000
       697     7.5739176374E-001
       698     7.9993080092E-001
       699     7.4656734332E-001
       700     6.9893212367E-001
       701     7.5051971536E-001
       702     5.8508314096E-001
       703     6.6969340950E-001
       704     5.7592479956E-001
       705     6.0137900185E-001
       706     5.3749299065E-001
       707     5.6851629669E-001
       708     4.0745049422E-001
       709     6.2744433743E-001
       710     5.7120925012E-001
       711     0.0000000000E+000
       712     8.3436441403E-001
       713     1.5238127681E+000
       714     1.0011261547E+000
       715     2.2844626920E+000
       716     2.7015567635E+000
       717     1.2125234463E+000
       718     2.6845722205E+000
       719     4.3218943745E+000
       720     2.1601580384E+000
       721     2.0079450127E+000
       722     3.4697947380E+000
       723     7.9063980433E+000
       724     1.6195834864E+000
       725     1.0776718642E+000
       726     6.8360754733E-001
       727     6.5119137397E-001
       728     6.7624782046E-001
       729     7.5453859093E-001
       730     6.7363270322E-001
       731     6.7273753271E-001
       732     8.3573521713E-001
       733     6.8879073049E-001
       734     6.7254223657E-001
       735     7.4600173083E-001
       736     8.6579443086E-001
       737     7.4994964587E-001
       738     1.2838551417E+000
       739     1.1299744452E+000
       740     1.0441752372E+000
       741     6.4386766167E-001
       742     1.0955168932E+000
       743     1.5683550469E+000
       744     1.2247698743E+000
       745     1.0439786830E+000
       746     6.6789014089E+000
       747     5.3708254823E+000
       748     9.5486364299E-001
       749     7.1853615771E-001
       750     6.1705807358E-001
       751     6.6994195639E-001
       752     8.6843525843E-001
       753     9.2203465428E-001
       754     9.9125981040E-001
       755     7.0607221155E-001
       756     8.7935466828E-001
       757     9.7514947420E-001
       758     1.2213796331E+000
       759     9.7049081085E-001
       760     1.0738796880E+000
       761     4.2196535458E+000
       762     1.0659353177E+000
       763     1.8907338690E+000
       764     8.1492153271E-001
       765     6.5413589358E-001
       766     6.0404432864E-001
       767     6.2794467327E-001
       768     8.1813617093E-001
       769     8.8657959101E-001
       770     6.8431956805E-001
       771     9.1636113267E-001
       772     1.1036517502E+000
       773     7.2460925906E-001
       774     7.8189265114E-001
       775     1.6407003161E+000
       776     9.1209507352E-001
       777     1.8485141735E+000
       778     1.0389175767E+000
       779     9.8582465046E-001
       780     8.5138689689E-001
       781     6.7399516728E-001
       782     6.2402651713E-001
       783     6.1248550868E-001
       784     7.4803782509E-001
       785     7.9062333873E-001
       786     6.6899105491E-001
       787     1.3270412017E+000
       788     1.5084579053E+000
       789     5.2580490007E+000
       790     8.9934718172E-001
       791     2.6700994227E+000
       792     8.9354138369E-001
       793     1.6493152612E+000
       794     8.3928811537E-001
       795     8.1594165711E-001
       796     6.3332625721E-001
       797     6.0958935704E-001
       798     9.4821752179E-001
       799     5.5117777438E-001
       800     0.0000000000E+000
       801     7.3967872988E-001
       802     1.2546547290E+000
       803     1.1533219857E+000
       804     1.0245192703E+000
       805     9.1015501551E-001
       806     1.1261317267E+000
       807     6.5093969215E-001
       808     9.5770265583E-001
       809     7.5380420041E-001
       810     7.6337500794E-001
       811     4.6214871358E-001
       812     8.8778570628E-001
       813     3.7815628178E+000
       814     1.1226927632E+000
       815     8.8520380161E-001
       816     0.0000000000E+000
       817     8.0329275579E-001
       818     8.9911045651E-001
       819     1.2541333065E+000
       820     8.9235772379E-001
       821     8.5194501363E-001
       822     9.5376314094E-001
       823     9.4073581872E-001
       824     9.0452028500E-001
       825     9.7413586194E-001
       826     8.5507387179E-001
       827     8.3748658290E-001
       828     1.1279252428E+000
       829     1.0424448591E+000
       830     7.1877976205E-001
       831     9.2871110997E-001
       832     5.2592130575E-001
       833     0.0000000000E+000
       834     5.6730206449E-001
       835     7.0429864139E-001
       836     1.0337565525E+000
       837     9.0111484603E-001
       838     1.0792322522E+000
       839     8.7366248575E-001
       840     5.1607341561E-001
       841     7.1707864383E-001
       842     3.7562697954E-001
       843     8.0475612567E-001
       844     1.1380674641E+000
       845     1.1332236232E+000
       846     7.2589564949E-001
       847     1.0403973834E+000
       848     1.0309188670E+000
       849     1.5974048331E+000
       850     1.0823502125E+000
       851     5.6186506651E-001
       852     1.2357408263E+000
       853     1.1529136449E+000
       854     1.4908725814E+000
       855     1.2709418085E+000
       856     9.9627564442E-001
       857     4.8620668397E+000
       858     0.0000000000E+000
       859     1.0092953211E+000
       860     6.1149917572E-001
       861     1.4544809167E+000
       862     1.5995547411E+000
       863     1.3559228194E+000
       864     1.2988454823E+000
       865     1.2010579512E+000
       866     7.5965100631E-001
       867     5.7281857154E-001
       868     8.1563182068E-001
       869     7.5065281386E-001
       870     9.5511786085E-001
       871     1.5385086423E+000
       872     0.0000000000E+000
       873     3.1743000027E-001
       874     1.7463631094E+000
       875     1.6292390811E+000
       876     1.4654116471E+000
       877     1.1675772134E+000
       878     1.1718104033E+000
       879     2.9287317196E+000
       880     1.7591433352E+000
       881     2.8861939628E-001
       882     0.0000000000E+000
       883     2.5522727636E-001
       884     3.6513215051E-001
       885     2.1439761889E+000
       886     1.5864106602E+000
       887     3.6192479900E+000
       888     1.4618268835E+000
       889     7.6206255518E-001
       890     2.5416758377E-001
       891     1.5502206213E+000
       892     1.0019597331E+000
       893     3.0928887480E-001
       894     5.0304971024E-001
       895     1.4804201067E+000
       896     1.8402259586E+000
       897     1.0247991988E+000
       898     9.7538243113E-001
       899     8.1672017633E-001
       900     5.3386681628E+000
       901     5.2579004447E-001
       902     0.0000000000E+000
       903     3.8533578749E-001
       904     3.8853466920E-001
       905     4.5436525936E-001
       906     5.3448251888E-001
       907     3.7020592086E-001
       908     6.5940274305E-001
       909     8.0136790551E-001
       910     1.1964905599E+000
       911     5.4328298783E-001
       912     7.6427290765E-001
       913     1.5683898786E+000
       914     3.5296539352E-001
       915     1.8556279348E-001
       916     4.7360743256E-001
       917     5.8581788935E-001
       918     1.2856504823E+000
       919     5.7893620404E-001
       920     5.2117641415E-001
       921     3.6812535288E-001
       922     7.6718749380E-001
       923     6.4686268140E-001
       924     4.8941106834E-001
       925     1.6847856017E+000
       926     5.6086674169E-001
       927     7.0538948177E-001
       928     6.6303630673E-001
       929     4.5943381211E-001
       930     7.6779367609E-001
       931     6.1313391779E-001
       932     7.5365579608E-001
       933     8.8232761997E-001
       934     5.0786706701E-001
       935     7.0121274791E-001
       936     4.8773134961E-001
       937     5.6514604325E-001
       938     5.1597044270E-001
       939     1.0284066552E+000
       940     1.3502703741E+000
       941     6.0480820858E-001
       942     5.4722554528E-001
       943     5.0309040861E-001
       944     9.5250324691E-001
       945     1.0570975706E+000
       946     1.1327189843E+000
       947     9.9710301127E-001
       948     6.2645903011E-001
       949     6.6747760771E-001
       950     6.2532004489E-001
       951     5.8916247987E-001
       952     3.8623292232E-001
       953     5.3179910749E-001
       954     9.1566302608E-001
       955     1.0654367721E+000
       956     7.7332563474E-001
       957     5.1203685919E-001
       958     9.6336003225E-001
       959     1.0481639052E+000
       960     7.3193918434E-001
       961     7.4946998697E-001
       962     6.1576966725E-001
       963     5.5002503426E-001
       964     1.0027598282E+000
       965     6.8611868413E-001
       966     6.1157236848E-001
       967     1.1885529471E+000
       968     9.1259338216E-001
       969     7.7660394135E-001
       970     6.6148995814E-001
       971     1.0590927899E+000
       972     6.9626365432E-001
       973     0.0000000000E+000
       974     1.2357223920E+000
       975     8.5453205245E-001
       976     8.0403972185E-001
       977     6.5524423585E-001
       978     5.5104471849E-001
       979     1.1654517970E+000
       980     7.4712473610E-001
       981     6.1674419377E-001
       982     1.1689721030E+000
       983     0.0000000000E+000
       984     8.9633801641E-001
       985     8.1789419879E-001
       986     6.2326595158E-001
       987     5.0035262785E-001
       988     1.1590983023E+000
       989     8.2015256869E-001
       990     6.2459518700E-001
       991     1.2333386111E+000
       992     3.2268352470E-001
       993     7.1665537098E-001
       994     9.3989260069E-001
       995     7.5340572224E-001
       996     8.6251355095E-001
       997     1.1364676411E+000
       998     1.1119770236E+000
       999     5.1827171502E-001
      1000     6.2634051149E-001
      1001     9.4037352018E-001
      1002     8.0647491579E-001
      1003     8.0751808241E-001
      1004     5.9272415731E-001
      1005     7.7290883927E-001
      1006     1.0626303317E+000
      1007     6.2356558131E-001
      1008     8.4313884577E-001
      1009     8.0141369733E-001
      1010     5.2170470189E-001
      1011     7.0664048386E-001
      1012     5.5256858613E-001
      1013     7.6371719701E-001
      1014     1.0757835428E+000
      1015     6.4592410863E-001
      1016     1.0748197733E+000
      1017     4.5679820625E-001
      1018     5.8897792277E-001
      1019     5.4998475975E-001
      1020     6.2038185988E-001
      1021     9.1738579019E-001
      1022     9.9401415487E-001
      1023     5.0849685589E-001
      1024     5.6366413580E-001
      1025     3.8054769294E-001
      1026     6.2552187158E-001
      1027     9.3283171989E-001
      1028     8.1669410381E-001
      1029     7.5376176834E-001
      1030     5.6599952351E-001
      1031     9.5925449425E-001
      1032     1.0158166871E+000
      1033     1.2058078017E+000
      1034     9.6859610116E-001
      1035     1.7368369002E+000
      1036     1.2770178871E+000
      1037     2.0240979933E+000
      1038     9.3987702422E-001
      1039     1.1908071291E+000
      1040     1.2773023640E+000
      1041     4.8512046009E-001
      1042     9.8218510926E-001
      1043     6.6584958855E-001
      1044     7.7662613451E-001
      1045     8.6485254894E-001
      1046     3.2085172480E-001
      1047     0.0000000000E+000
      1048     3.9344188037E-001
      1049     4.4932674162E-001
      1050     6.5934139113E-001
      1051     2.5860664475E-001
      1052     2.8947800733E-001
      1053     2.0516403965E-001
      1054     4.1971676304E-001
      1055     0.0000000000E+000
      1056     9.1301861846E-001
      1057     6.8708284827E-001
      1058     5.6452778806E-001
      1059     7.0932994547E-001
      1060     4.2816860445E-001
      1061     7.6975714772E-001
      1062     4.2725277604E-001
      1063     7.0958787520E-001
      1064     4.6679501756E-001
      1065     5.3234786791E-001
      1066     2.6816157852E-001
      1067     4.5036824081E-001
      1068     1.2251618681E-001
      1069     0.0000000000E+000
     2.5920000000E+005          51840
         1    -9.9999000000E+004
         2     1.6917500000E+005
         3     1.9596000000E+005
         4     1.6934500000E+005
         5     1.6928500000E+005
         6     1.7882500000E+005
         7     1.6918000000E+005
         8     1.7846500000E+005
         9     1.7891500000E+005
        10     1.9610000000E+005
        11     1.7903000000E+005
        12     1.6790000000E+005
        13     1.6761000000E+005
        14     1.8569500000E+005
        15     1.7881000000E+005
        16     1.9453500000E+005
        17     1.6718500000E+005
        18     1.9255500000E+005
        19     1.6699000000E+005
        20    -9.9999000000E+004
        21     2.1513500000E+005
        22     1.6776000000E+005
        23     1.6771000000E+005
        24     2.2338000000E+005
        25     2.1810000000E+005
        26     1.6819500000E+005
        27     1.8551500000E+005
        28     2.1602000000E+005
        29     2.2269000000E+005
        30     1.8480000000E+005
        31     1.6788500000E+005
        32     1.9440000000E+005
        33     1.9223500000E+005
        34     1.8548000000E+005
        35     1.6652500000E+005
        36     1.9440000000E+005
        37     1.9080500000E+005
        38     1.6554000000E+005
        39     1.9657500000E+005
        40     2.0034000000E+005
        41    -9.9999000000E+004
        42     1.9440000000E+005
        43    -9.9999000000E+004
        44    -9.9999000000E+004
        45     2.1815000000E+005
        46     2.0304500000E+005
        47     1.9440000000E+005
        48     1.9440000000E+005
        49     1.7095500000E+005
        50     1.7351500000E+005
        51     2.0837500000E+005
        52     1.9847500000E+005
        53     1.6850500000E+005
        54     1.6505000000E+005
        55     2.1403000000E+005
        56     1.6618000000E+005
        57     1.8786500000E+005
        58     2.0086000000E+005
        59     1.7508000000E+005
        60    -9.9999000000E+004
        61     1.8113500000E+005
        62     1.7829500000E+005
        63     1.7774500000E+005
        64     1.9938500000E+005
        65     1.6449500000E+005
        66     2.1637500000E+005
        67     1.8130000000E+005
        68     1.6637500000E+005
        69     1.9440000000E+005
        70     2.2645000000E+005
        71     1.9861000000E+005
        72     1.7949000000E+005
        73     1.7715000000E+005
        74     1.7989000000E+005
        75     1.7917500000E+005
        76     1.7414500000E+005
        77     2.1108500000E+005
        78    -9.9999000000E+004
        79     1.9973000000E+005
        80     2.0956500000E+005
        81     1.6458000000E+005
        82     2.0911000000E+005
        83     1.6693500000E+005
        84     1.8581500000E+005
        85     1.8496500000E+005
        86     2.1436500000E+005
        87     1.7229500000E+005
        88     1.8349000000E+005
        89     1.9716500000E+005
        90     1.7716000000E+005
        91     1.6836000000E+005
        92     1.7844000000E+005
        93     1.7641000000E+005
        94     1.6450000000E+005
        95     1.6576000000E+005
        96     1.6563500000E+005
        97     1.8550000000E+005
        98     1.7352500000E+005
        99     1.7256000000E+005
       100     1.9968000000E+005
       101     1.9821000000E+005
       102     1.9200000000E+005
       103     1.9947000000E+005
       104     2.0784000000E+005
       105    -9.9999000000E+004
       106     2.5018000000E+005
       107     1.8036500000E+005
       108     1.7880500000E+005
       109     1.9340500000E+005
       110     2.1512000000E+005
       111     1.8070500000E+005
       112     1.6565500000E+005
       113     1.8711000000E+005
       114     1.7319500000E+005
       115     1.7280000000E+005
       116     1.7217000000E+005
       117     1.8195500000E+005
       118     1.7376500000E+005
       119     1.8335000000E+005
       120    -9.9999000000E+004
       121     1.7610500000E+005
       122     1.9698500000E+005
       123     1.6686000000E+005
       124    -9.9999000000E+004
       125     2.4944000000E+005
       126     2.1600500000E+005
       127     1.6995000000E+005
       128     1.7931000000E+005
       129     1.6408500000E+005
       130     1.7977500000E+005
       131     1.8060500000E+005
       132     1.8720500000E+005
       133     1.7253500000E+005
       134     1.7142000000E+005
       135     1.7287000000E+005
       136     1.8289500000E+005
       137     1.7380500000E+005
       138     2.1493000000E+005
       139     1.6614500000E+005
       140     1.6679000000E+005
       141     1.9898500000E+005
       142     1.7016000000E+005
       143     2.0999500000E+005
       144    -9.9999000000E+004
       145     1.7038000000E+005
       146     1.6542000000E+005
       147     1.8022500000E+005
       148     1.7863500000E+005
       149     1.7935000000E+005
       150     1.6709000000E+005
       151     1.8688000000E+005
       152     1.7166000000E+005
       153     1.7260500000E+005
       154     1.7576000000E+005
       155     1.6720000000E+005
       156     1.9275000000E+005
       157     1.8059000000E+005
       158     1.6639000000E+005
       159     1.6699500000E+005
       160     1.7667000000E+005
       161     1.6948500000E+005
       162     2.0014500000E+005
       163     1.6814000000E+005
       164     1.7806000000E+005
       165     1.7840000000E+005
       166     1.6740000000E+005
       167     1.8600500000E+005
       168     1.7151500000E+005
       169     1.9277500000E+005
       170     1.9830000000E+005
       171     1.9829000000E+005
       172    -9.9999000000E+004
       173     1.9449000000E+005
       174     1.7908500000E+005
       175     1.6730000000E+005
       176     1.7345000000E+005
       177     2.0017500000E+005
       178     1.7781000000E+005
       179     1.7773500000E+005
       180     1.7852500000E+005
       181     1.7752000000E+005
       182     1.6449500000E+005
       183    -9.9999000000E+004
       184     1.7013500000E+005
       185     1.6560500000E+005
       186     1.7014000000E+005
       187     1.9700000000E+005
       188     1.9808500000E+005
       189     1.9885000000E+005
       190     1.9506000000E+005
       191     1.7132000000E+005
       192     1.7417500000E+005
       193     1.7188500000E+005
       194    -9.9999000000E+004
       195     1.9911500000E+005
       196     1.7212500000E+005
       197     1.8049000000E+005
       198    -9.9999000000E+004
       199     1.9578500000E+005
       200     1.9680000000E+005
       201     1.6750500000E+005
       202     1.7360500000E+005
       203     1.8330500000E+005
       204     1.7750500000E+005
       205     1.7751000000E+005
       206     1.7766500000E+005
       207     1.7736500000E+005
       208     1.7690500000E+005
       209     2.3066000000E+005
       210     1.6828000000E+005
       211     1.7014000000E+005
       212     1.7693500000E+005
       213     1.7715500000E+005
       214     1.9657500000E+005
       215     1.9756000000E+005
       216     1.6712500000E+005
       217     1.9800000000E+005
       218     1.9766500000E+005
       219     2.0321500000E+005
       220     1.8574000000E+005
       221     1.7228000000E+005
       222     1.9843500000E+005
       223     1.9712500000E+005
       224     1.9737000000E+005
       225     1.9772500000E+005
       226     1.7697000000E+005
       227     1.7751000000E+005
       228     1.7730000000E+005
       229     1.9690500000E+005
       230     2.4361500000E+005
       231     2.2974500000E+005
       232     1.6840000000E+005
       233     1.5881000000E+005
       234     1.7732500000E+005
       235     1.8062500000E+005
       236     1.7728000000E+005
       237     1.7777000000E+005
       238     1.5520000000E+004
       239     1.6940500000E+005
       240     2.0323500000E+005
       241     1.9735500000E+005
       242     1.8334000000E+005
       243     1.9723500000E+005
       244     1.9871500000E+005
       245     1.7208000000E+005
       246     1.9880000000E+005
       247     1.9889000000E+005
       248     1.9798500000E+005
       249     1.7739000000E+005
       250     1.7770500000E+005
       251     1.9715000000E+005
       252     1.6597500000E+005
       253     1.8675000000E+005
       254     1.6153000000E+005
       255     1.6348500000E+005
       256     1.8197000000E+005
       257     1.9920500000E+005
       258     1.6405500000E+005
       259     1.8212500000E+005
       260     1.6166000000E+005
       261     1.7787000000E+005
       262     1.8061500000E+005
       263     1.7795500000E+005
       264     2.0300500000E+005
       265     2.0332500000E+005
       266     1.6607000000E+005
       267     1.8311500000E+005
       268     1.8389500000E+005
       269     1.7408000000E+005
       270     1.7441000000E+005
       271     1.7461500000E+005
       272     1.6831000000E+005
       273     1.7891500000E+005
       274     1.9690000000E+005
       275     1.9740500000E+005
       276     1.9740500000E+005
       277     1.9860000000E+005
       278     1.7381500000E+005
       279     1.9821000000E+005
       280     1.8281000000E+005
       281     1.7953500000E+005
       282     1.7854000000E+005
       283     1.6443500000E+005
       284     1.7776000000E+005
       285     1.7845000000E+005
       286     1.9649000000E+005
       287     1.5894500000E+005
       288     1.5568000000E+005
       289     1.6791000000E+005
       290     1.9754000000E+005
       291     1.7452500000E+005
       292     1.7439500000E+005
       293     1.7461000000E+005
       294     1.7467500000E+005
       295     1.7959500000E+005
       296    -9.9999000000E+004
       297     1.9808000000E+005
       298     1.9701000000E+005
       299     1.9738000000E+005
       300     1.9855000000E+005
       301     1.9865000000E+005
       302     1.9894000000E+005
       303     1.9724500000E+005
       304     1.9731500000E+005
       305     1.6433500000E+005
       306     1.9687500000E+005
       307     1.9658500000E+005
       308     1.9671000000E+005
       309     2.0341500000E+005
       310     2.0533500000E+005
       311     1.5778000000E+005
       312     1.6617000000E+005
       313     1.6788000000E+005
       314     1.6899000000E+005
       315     1.7967000000E+005
       316     1.7066500000E+005
       317     1.7104500000E+005
       318     2.0331000000E+005
       319     1.6711500000E+005
       320     1.9727500000E+005
       321     1.6848000000E+005
       322     1.9909500000E+005
       323     1.7886000000E+005
       324     1.9818500000E+005
       325     1.9855000000E+005
       326     1.9730500000E+005
       327     1.9723000000E+005
       328     1.9848500000E+005
       329     1.8691500000E+005
       330     1.6215000000E+005
       331     1.6062000000E+005
       332     1.6542500000E+005
       333     1.6841500000E+005
       334     1.7487500000E+005
       335     1.7484000000E+005
       336     2.0377000000E+005
       337     1.9836500000E+005
       338     1.9804000000E+005
       339     1.9889000000E+005
       340     1.9918000000E+005
       341     1.9874000000E+005
       342     1.9800500000E+005
       343     1.9817000000E+005
       344     1.9857500000E+005
       345     1.9871500000E+005
       346     1.6484500000E+005
       347     1.6564000000E+005
       348     2.0363500000E+005
       349     2.0482500000E+005
       350     2.0023000000E+005
       351     1.5746000000E+005
       352     1.6840500000E+005
       353     1.6879000000E+005
       354     1.6919000000E+005
       355    -9.9999000000E+004
       356     1.9888000000E+005
       357     1.6505500000E+005
       358     2.0365000000E+005
       359     1.6807500000E+005
       360     1.9910000000E+005
       361     1.9946000000E+005
       362     1.9895500000E+005
       363     1.9891000000E+005
       364     1.9871500000E+005
       365     1.9880500000E+005
       366     2.0352000000E+005
       367     2.0463500000E+005
       368     2.0043500000E+005
       369     2.0034500000E+005
       370     2.0418500000E+005
       371     1.9105500000E+005
       372     1.5807500000E+005
       373     1.4455500000E+005
       374     2.0142000000E+005
       375     2.0380500000E+005
       376     1.5574500000E+005
       377     1.9663500000E+005
       378     1.6869500000E+005
       379     1.7019500000E+005
       380     2.0279500000E+005
       381     2.3233000000E+005
       382     2.0149500000E+005
       383     2.0200000000E+005
       384    -9.9999000000E+004
       385     1.6988500000E+005
       386     2.0318000000E+005
       387     1.6822500000E+005
       388     1.6811500000E+005
       389     2.0397000000E+005
       390     1.9997500000E+005
       391     1.9969000000E+005
       392     1.9935000000E+005
       393     1.9975000000E+005
       394     2.0346500000E+005
       395     2.0454000000E+005
       396     2.0012500000E+005
       397     1.9993500000E+005
       398     1.6432500000E+005
       399     2.0100000000E+005
       400     1.9316500000E+005
       401     2.0225500000E+005
       402     2.0517500000E+005
       403     2.0106500000E+005
       404     1.8730000000E+005
       405     1.6872000000E+005
       406     1.6906000000E+005
       407     1.6488500000E+005
       408     2.0484500000E+005
       409     2.0225000000E+005
       410     2.0236000000E+005
       411    -9.9999000000E+004
       412     1.6232500000E+005
       413     1.6970500000E+005
       414     2.0242500000E+005
       415     2.0450500000E+005
       416     2.0048500000E+005
       417     2.0000500000E+005
       418     2.0020000000E+005
       419     2.0000000000E+005
       420     2.0160500000E+005
       421     2.0105000000E+005
       422     2.0113500000E+005
       423     1.9894000000E+005
       424     2.0098500000E+005
       425     1.9776000000E+005
       426     2.0092000000E+005
       427     1.9628500000E+005
       428     2.0048000000E+005
       429     2.0557000000E+005
       430     1.6890000000E+005
       431     2.0294500000E+005
       432     1.4120000000E+005
       433     2.1112500000E+005
       434     2.0638000000E+005
       435     1.7286500000E+005
       436     1.7702500000E+005
       437     2.0205500000E+005
       438     1.6543500000E+005
       439     1.7169500000E+005
       440     1.9832500000E+005
       441     2.0513500000E+005
       442     2.0062500000E+005
       443     2.0024500000E+005
       444     2.0160500000E+005
       445     2.0158000000E+005
       446     2.0136000000E+005
       447     2.0221500000E+005
       448     2.0108500000E+005
       449     1.9742000000E+005
       450     2.0073000000E+005
       451     1.9645500000E+005
       452     2.0588000000E+005
       453     2.0591000000E+005
       454     2.0258000000E+005
       455     2.0279500000E+005
       456     2.0503500000E+005
       457     2.1130500000E+005
       458     1.5609000000E+005
       459     1.8319000000E+005
       460     2.0298500000E+005
       461     1.8098000000E+005
       462     1.9921500000E+005
       463     2.0250000000E+005
       464     2.0113000000E+005
       465     2.0159000000E+005
       466     2.0225000000E+005
       467     2.0557000000E+005
       468     2.0223500000E+005
       469     2.0203000000E+005
       470     2.0207000000E+005
       471     2.0238000000E+005
       472     2.0166000000E+005
       473     2.0130000000E+005
       474     2.0128000000E+005
       475     2.0666500000E+005
       476     1.6868000000E+005
       477     2.0363000000E+005
       478     1.9065000000E+005
       479     2.0226500000E+005
       480     2.0448000000E+005
       481     1.5139000000E+005
       482     2.0802500000E+005
       483     2.0926000000E+005
       484     2.0044000000E+005
       485     1.7722000000E+005
       486     1.9916000000E+005
       487     1.7883500000E+005
       488     2.0254500000E+005
       489     2.0270000000E+005
       490     2.0269000000E+005
       491     2.0625000000E+005
       492     2.0582500000E+005
       493     2.0276500000E+005
       494     2.0220500000E+005
       495     2.0231000000E+005
       496     2.0185500000E+005
       497     2.0158500000E+005
       498     2.0721500000E+005
       499     1.6938500000E+005
       500    -9.9999000000E+004
       501     2.0316000000E+005
       502     2.0317500000E+005
       503     2.0097000000E+005
       504     2.0371500000E+005
       505     1.8892000000E+005
       506     2.0448000000E+005
       507     2.0136000000E+005
       508     2.0057500000E+005
       509     1.9985500000E+005
       510     1.9978000000E+005
       511     2.0253500000E+005
       512     2.0236500000E+005
       513     2.0252000000E+005
       514     2.0739500000E+005
       515     2.0698000000E+005
       516     2.0656500000E+005
       517     2.0257500000E+005
       518     2.0214500000E+005
       519     2.0250000000E+005
       520     2.0213500000E+005
       521     2.0779500000E+005
       522     1.6928000000E+005
       523     1.9584000000E+005
       524     2.0105000000E+005
       525     1.9843000000E+005
       526     2.0052500000E+005
       527     1.7295000000E+005
       528     1.7985000000E+005
       529     2.0379500000E+005
       530     1.9682500000E+005
       531     1.9754500000E+005
       532     1.8667500000E+005
       533     1.9968000000E+005
       534     2.0084000000E+005
       535     2.0160500000E+005
       536     2.0236000000E+005
       537     2.0242000000E+005
       538     2.0779000000E+005
       539     2.0766500000E+005
       540     2.0742000000E+005
       541     2.0697000000E+005
       542     2.0292000000E+005
       543     2.0264500000E+005
       544     2.0794000000E+005
       545     1.9880000000E+005
       546     1.9592500000E+005
       547     2.0160500000E+005
       548     1.9832000000E+005
       549     1.7936500000E+005
       550     1.9926000000E+005
       551     2.0504500000E+005
       552     1.9923000000E+005
       553     1.9653000000E+005
       554     1.7798500000E+005
       555     1.8695500000E+005
       556     2.0108500000E+005
       557     1.8714500000E+005
       558     2.0196500000E+005
       559     2.0133000000E+005
       560     2.0258000000E+005
       561     2.0818000000E+005
       562     2.0826000000E+005
       563     2.0790000000E+005
       564     2.0742500000E+005
       565     2.0718000000E+005
       566     2.0225500000E+005
       567     1.8171000000E+005
       568     2.0193500000E+005
       569     1.9703000000E+005
       570     1.9794500000E+005
       571     1.9872000000E+005
       572     1.9753000000E+005
       573     2.0110500000E+005
       574     1.9743500000E+005
       575     1.9763000000E+005
       576     2.0480000000E+005
       577     1.8190000000E+005
       578     1.9950500000E+005
       579     1.9387500000E+005
       580     2.0098000000E+005
       581     2.0107000000E+005
       582     2.0144000000E+005
       583     2.0156000000E+005
       584     2.0283500000E+005
       585     2.0932000000E+005
       586     2.0889500000E+005
       587     2.0882000000E+005
       588     2.0816000000E+005
       589     2.0866000000E+005
       590     2.1073000000E+005
       591     2.0332000000E+005
       592     1.9752500000E+005
       593     1.9489000000E+005
       594     1.9651500000E+005
       595     2.0255000000E+005
       596     1.9024000000E+005
       597     1.9628500000E+005
       598     1.9635000000E+005
       599     1.9745000000E+005
       600     1.9925000000E+005
       601     1.9757500000E+005
       602     1.9817500000E+005
       603     2.0110000000E+005
       604     2.0160000000E+005
       605     2.0278000000E+005
       606     2.0121000000E+005
       607     2.0142000000E+005
       608     2.0437000000E+005
       609     2.1083000000E+005
       610     2.0935500000E+005
       611     2.0400000000E+005
       612     2.0411000000E+005
       613     2.1902500000E+005
       614     2.0037000000E+005
       615     2.0175000000E+005
       616     1.9883000000E+005
       617     1.9929500000E+005
       618     1.9925500000E+005
       619     1.9771500000E+005
       620     1.8924000000E+005
       621     1.9448500000E+005
       622     1.8888000000E+005
       623     1.9667000000E+005
       624     1.8537000000E+005
       625     1.8714500000E+005
       626     1.7910000000E+005
       627     1.9946500000E+005
       628     1.7989000000E+005
       629     2.0005000000E+005
       630     2.0272500000E+005
       631     2.0134500000E+005
       632     2.0179000000E+005
       633     2.0933500000E+005
       634     2.0959500000E+005
       635     2.0988000000E+005
       636     2.1023500000E+005
       637     1.7369000000E+005
       638     2.0126500000E+005
       639     1.9615000000E+005
       640     1.9568500000E+005
       641     2.0072000000E+005
       642     1.9581000000E+005
       643     2.0070000000E+005
       644     1.8951500000E+005
       645     1.8077000000E+005
       646     1.7640000000E+005
       647     2.0342000000E+005
       648     1.9176000000E+005
       649     1.8719000000E+005
       650     1.9538000000E+005
       651     2.0407500000E+005
       652     1.8013000000E+005
       653     2.0400000000E+005
       654     2.0497000000E+005
       655     2.0290500000E+005
       656     2.0504000000E+005
       657     2.1016000000E+005
       658     2.1023000000E+005
       659     1.7399000000E+005
       660     2.1108500000E+005
       661     2.0071000000E+005
       662     1.8955000000E+005
       663     2.0155000000E+005
       664     1.9574500000E+005
       665     1.9981500000E+005
       666     2.0050000000E+005
       667     1.7859000000E+005
       668     1.8170000000E+005
       669     1.9330000000E+005
       670     1.9755500000E+005
       671     1.8834500000E+005
       672     1.8057000000E+005
       673     2.0342500000E+005
       674     1.8001500000E+005
       675     1.7934000000E+005
       676     2.0415500000E+005
       677     2.0379000000E+005
       678     2.0390500000E+005
       679     2.0509500000E+005
       680     2.0283500000E+005
       681     2.0535000000E+005
       682     2.1086500000E+005
       683     2.1319000000E+005
       684    -9.9999000000E+004
       685     2.1078000000E+005
       686     2.1155500000E+005
       687     1.7630500000E+005
       688     1.9387000000E+005
       689     1.9447500000E+005
       690     2.0022000000E+005
       691     1.9896500000E+005
       692     1.9584000000E+005
       693     1.8383000000E+005
       694     1.5707000000E+005
       695     1.8341500000E+005
       696     1.8623500000E+005
       697     1.9007000000E+005
       698     1.8631000000E+005
       699     1.8089000000E+005
       700     1.8384500000E+005
       701     1.8020500000E+005
       702     2.0416000000E+005
       703     1.8004500000E+005
       704     2.0412500000E+005
       705     2.0580500000E+005
       706     2.0543000000E+005
       707     2.0563500000E+005
       708     2.1108500000E+005
       709     1.7853000000E+005
       710     1.8123000000E+005
       711    -9.9999000000E+004
       712     1.7634000000E+005
       713     2.2198000000E+005
       714     2.1625000000E+005
       715     1.9687500000E+005
       716     2.2165000000E+005
       717     1.5502000000E+005
       718     1.7643000000E+005
       719     1.9211500000E+005
       720     1.9255500000E+005
       721     1.9325500000E+005
       722     1.8792500000E+005
       723     1.7836000000E+005
       724     1.7665000000E+005
       725     1.7398000000E+005
       726     1.9061500000E+005
       727     1.9100500000E+005
       728     1.8093000000E+005
       729     1.8682000000E+005
       730     1.8229500000E+005
       731     2.0437500000E+005
       732     1.7428000000E+005
       733     2.0619000000E+005
       734     1.7511000000E+005
       735     1.7488500000E+005
       736     1.7428500000E+005
       737     1.8271500000E+005
       738     2.2215000000E+005
       739     1.9144500000E+005
       740     1.8347000000E+005
       741     2.0062000000E+005
       742     1.9977500000E+005
       743     1.5959000000E+005
       744     1.6618000000E+005
       745     1.8824500000E+005
       746     1.7311500000E+005
       747     1.8376500000E+005
       748     1.8527000000E+005
       749     1.7968500000E+005
       750     2.0266500000E+005
       751     2.0510000000E+005
       752     1.7413000000E+005
       753     1.7384000000E+005
       754     1.7486000000E+005
       755     1.8499500000E+005
       756     1.9701000000E+005
       757     1.9419000000E+005
       758     1.9300500000E+005
       759     1.7472000000E+005
       760     1.9318000000E+005
       761     1.5124500000E+005
       762     1.8417500000E+005
       763     1.8237500000E+005
       764     1.8391500000E+005
       765     1.8078500000E+005
       766     2.0538500000E+005
       767     2.0540500000E+005
       768     2.0491000000E+005
       769     2.1240000000E+005
       770     1.8505500000E+005
       771     1.9729000000E+005
       772     1.9450500000E+005
       773     2.0544500000E+005
       774     1.9471000000E+005
       775     1.5109000000E+005
       776     1.8428500000E+005
       777     1.4765000000E+005
       778     1.8108500000E+005
       779     1.7374000000E+005
       780     1.8380000000E+005
       781     1.8133500000E+005
       782     1.8097500000E+005
       783     2.1368500000E+005
       784     2.0414500000E+005
       785     2.1394000000E+005
       786     1.8476000000E+005
       787     1.4592000000E+005
       788     1.3739500000E+005
       789     1.9454000000E+005
       790     1.9566000000E+005
       791     1.4565000000E+005
       792     1.8576500000E+005
       793     1.8291500000E+005
       794     1.8527000000E+005
       795     1.8360500000E+005
       796     1.8080500000E+005
       797     2.1403500000E+005
       798     1.8009500000E+005
       799     2.1493500000E+005
       800    -9.9999000000E+004
       801     1.8497500000E+005
       802     1.9465500000E+005
       803     2.0828000000E+005
       804     1.8188500000E+005
       805     1.9632000000E+005
       806     1.8200500000E+005
       807     1.8299000000E+005
       808     1.8574500000E+005
       809     1.8290000000E+005
       810     1.8458500000E+005
       811     1.8760500000E+005
       812     1.8385000000E+005
       813     1.9508000000E+005
       814     1.9817500000E+005
       815     1.8193000000E+005
       816    -9.9999000000E+004
       817     1.8232500000E+005
       818     1.8267500000E+005
       819     1.8413000000E+005
       820     1.8192500000E+005
       821     1.8267500000E+005
       822     1.8303500000E+005
       823     1.9733500000E+005
       824     2.0525500000E+005
       825     1.8359500000E+005
       826     1.8407000000E+005
       827     1.8402500000E+005
       828     1.8320500000E+005
       829     1.8371500000E+005
       830     1.8296500000E+005
       831     1.8301000000E+005
       832     2.0535000000E+005
       833    -9.9999000000E+004
       834     2.0518500000E+005
       835     1.8781500000E+005
       836     1.8197500000E+005
       837     1.8441000000E+005
       838     1.8394500000E+005
       839     1.8367500000E+005
       840     1.9783500000E+005
       841     1.8638500000E+005
       842     2.1946500000E+005
       843     1.8152500000E+005
       844     1.8080000000E+005
       845     1.8531500000E+005
       846     1.8619500000E+005
       847     1.8187500000E+005
       848     1.8507500000E+005
       849     1.9763500000E+005
       850     1.8873000000E+005
       851     2.1989500000E+005
       852     1.8900000000E+005
       853     1.8210500000E+005
       854     1.8192500000E+005
       855     1.8726000000E+005
       856     1.8201500000E+005
       857     1.8737000000E+005
       858    -9.9999000000E+004
       859     1.8747500000E+005
       860     1.9835000000E+005
       861     1.8144000000E+005
       862     1.8582000000E+005
       863     1.8192500000E+005
       864     1.8573000000E+005
       865     1.8689500000E+005
       866     1.7305000000E+005
       867     1.9994000000E+005
       868     2.1305500000E+005
       869     2.2029000000E+005
       870     2.0274500000E+005
       871     1.8591500000E+005
       872    -9.9999000000E+004
       873     2.0495000000E+005
       874     1.8614500000E+005
       875     1.9137500000E+005
       876     1.8168000000E+005
       877     1.8602500000E+005
       878     1.8665500000E+005
       879     1.8001500000E+005
       880     1.8669500000E+005
       881     2.1193000000E+005
       882    -9.9999000000E+004
       883     2.1841000000E+005
       884     1.8236500000E+005
       885     1.8625000000E+005
       886     1.8567500000E+005
       887     1.7566500000E+005
       888     1.8749000000E+005
       889     1.8681000000E+005
       890     1.9693500000E+005
       891     1.9528000000E+005
       892     1.8927500000E+005
       893     1.8279500000E+005
       894     1.8025000000E+005
       895     1.8660000000E+005
       896     1.8665500000E+005
       897     1.8826500000E+005
       898     1.8869500000E+005
       899     1.9381000000E+005
       900     1.8680500000E+005
       901     1.8682500000E+005
       902    -9.9999000000E+004
       903     1.9522500000E+005
       904     1.8114000000E+005
       905     1.8090000000E+005
       906     1.8065000000E+005
       907     1.8101000000E+005
       908     1.8068000000E+005
       909     1.7745500000E+005
       910     1.8187000000E+005
       911     1.8862500000E+005
       912     1.8815500000E+005
       913     1.8170000000E+005
       914     2.2758000000E+005
       915     2.1952500000E+005
       916     1.8000000000E+005
       917     1.8924000000E+005
       918     1.7614500000E+005
       919     1.8099500000E+005
       920     1.8119500000E+005
       921     2.0578000000E+005
       922     1.7658000000E+005
       923     1.9388500000E+005
       924     2.1006000000E+005
       925     1.8802500000E+005
       926     2.1107000000E+005
       927     2.1511000000E+005
       928     1.9097000000E+005
       929     1.9517500000E+005
       930     1.8931000000E+005
       931     2.1615000000E+005
       932     1.7953500000E+005
       933     1.8180000000E+005
       934     1.8201000000E+005
       935     1.7911500000E+005
       936     1.7679000000E+005
       937     2.1008500000E+005
       938     2.0977000000E+005
       939     1.8455000000E+005
       940     1.8682500000E+005
       941     2.1232000000E+005
       942     2.1045000000E+005
       943     1.8373000000E+005
       944     1.8673000000E+005
       945     1.8728500000E+005
       946     1.8761000000E+005
       947     1.8650500000E+005
       948     1.8564500000E+005
       949     2.1002500000E+005
       950     1.9430500000E+005
       951     1.9570000000E+005
       952     1.7916000000E+005
       953     1.8070000000E+005
       954     1.8554000000E+005
       955     1.8757000000E+005
       956     2.1086000000E+005
       957     2.0957000000E+005
       958     1.8550500000E+005
       959     1.8507000000E+005
       960     2.0992000000E+005
       961     2.0992000000E+005
       962     2.0990500000E+005
       963     1.8025000000E+005
       964     1.8122000000E+005
       965     1.9734000000E+005
       966     1.9628500000E+005
       967     1.8428500000E+005
       968     2.0978000000E+005
       969     1.9488000000E+005
       970     1.7936500000E+005
       971     1.8318500000E+005
       972     2.1065000000E+005
       973    -9.9999000000E+004
       974     1.8360500000E+005
       975     2.0979500000E+005
       976     2.1008500000E+005
       977     1.7833000000E+005
       978     2.2501000000E+005
       979     1.8645500000E+005
       980     2.1059500000E+005
       981     2.0856000000E+005
       982     1.8359500000E+005
       983    -9.9999000000E+004
       984     2.1008000000E+005
       985     2.1034000000E+005
       986     2.1131000000E+005
       987     2.0900500000E+005
       988     1.8570500000E+005
       989     2.1112500000E+005
       990     1.8887000000E+005
       991     1.8364000000E+005
       992     2.3465500000E+005
       993     2.1439500000E+005
       994     2.1067000000E+005
       995     1.7836000000E+005
       996     2.1088000000E+005
       997     1.8634500000E+005
       998     1.8354000000E+005
       999     1.9845500000E+005
      1000     2.1873000000E+005
      1001     1.8681500000E+005
      1002     2.1259500000E+005
      1003     2.1335500000E+005
      1004     2.1343500000E+005
      1005     2.0118500000E+005
      1006     1.8332500000E+005
      1007     2.1243500000E+005
      1008     1.9863000000E+005
      1009     2.1240000000E+005
      1010     1.9483500000E+005
      1011     2.0155000000E+005
      1012     2.1287000000E+005
      1013     2.0092000000E+005
      1014     1.8332000000E+005
      1015     1.9747000000E+005
      1016     1.8315000000E+005
      1017     1.9222500000E+005
      1018     2.0104000000E+005
      1019     2.0049500000E+005
      1020     2.0127000000E+005
      1021     1.9144000000E+005
      1022     1.8386000000E+005
      1023     2.0272500000E+005
      1024     2.0011500000E+005
      1025     1.9972000000E+005
      1026     2.1188500000E+005
      1027     1.9475000000E+005
      1028     1.8433500000E+005
      1029     1.9942500000E+005
      1030     2.0149500000E+005
      1031     1.9445500000E+005
      1032     1.8500000000E+005
      1033     2.1118000000E+005
      1034     1.9468000000E+005
      1035     2.1080000000E+005
      1036     2.1073000000E+005
      1037     2.1012000000E+005
      1038     1.9091000000E+005
      1039     1.8649500000E+005
      1040     2.1024500000E+005
      1041     1.9993000000E+005
      1042     1.8819000000E+005
      1043     1.9978000000E+005
      1044     1.8774000000E+005
      1045     1.9028500000E+005
      1046     1.9086000000E+005
      1047    -9.9999000000E+004
      1048     1.9961500000E+005
      1049     1.9985500000E+005
      1050     1.9151000000E+005
      1051     2.0359500000E+005
      1052     1.9197000000E+005
      1053     2.2518500000E+005
      1054     1.9980500000E+005
      1055    -9.9999000000E+004
      1056     2.0095500000E+005
      1057     1.9445000000E+005
      1058     2.0157500000E+005
      1059     2.0217500000E+005
      1060     2.0147500000E+005
      1061     2.0154000000E+005
      1062     1.9163500000E+005
      1063     1.9876000000E+005
      1064     2.0240000000E+005
      1065     2.0102000000E+005
      1066     1.9684000000E+005
      1067     2.0040500000E+005
      1068     1.9359000000E+005
      1069    -9.9999000000E+004
