  nc_newport_river_core_cr4_bath    v31.06 iterative         Albemarle-Pamlico Estuar
          2       1069  0.1000000E+001        1     1 FileFmtVersion:    1050624
     2.5920000000E+005          51840
         1     9.8626042987E+000
         2     9.8624748340E+000
         3     9.8515494238E+000
         4     9.8538662661E+000
         5     9.8420328309E+000
         6     9.8413156521E+000
         7     9.8275120643E+000
         8     9.8303209245E+000
         9     9.8206835895E+000
        10     9.8166565708E+000
        11     9.8186892085E+000
        12     9.8122542041E+000
        13     9.8109055912E+000
        14     9.8031814521E+000
        15     9.8019122462E+000
        16     9.8016586172E+000
        17     9.7862051444E+000
        18     9.7856690696E+000
        19     9.7718039038E+000
        20     9.8851964704E+000
        21     9.8795620917E+000
        22     9.7690273830E+000
        23     9.7557185688E+000
        24     9.8760112734E+000
        25     9.8686003346E+000
        26     9.7526490004E+000
        27     9.7404188314E+000
        28     9.8640601168E+000
        29     9.8605477423E+000
        30     9.7261225620E+000
        31     9.7398505136E+000
        32     9.8517215516E+000
        33     9.8483831689E+000
        34     9.7177434310E+000
        35     9.7300832318E+000
        36     9.8379950415E+000
        37     9.8340113126E+000
        38     9.7116914618E+000
        39     9.7192529446E+000
        40     9.8231598799E+000
        41     9.8152676460E+000
        42     9.8191916670E+000
        43     9.6955210774E+000
        44     9.7307053986E+000
        45     9.7049382022E+000
        46     9.7135485190E+000
        47     9.8093072706E+000
        48     9.8070835159E+000
        49     9.6958246493E+000
        50     9.7009006896E+000
        51     9.7264635902E+000
        52     9.7219008123E+000
        53     9.7196906458E+000
        54     9.6999919986E+000
        55     9.7027782988E+000
        56     9.7070199850E+000
        57     9.7919894060E+000
        58     9.7933349105E+000
        59     9.7679927936E+000
        60     9.7754727284E+000
        61     9.7042429665E+000
        62     9.7100739126E+000
        63     9.7164896748E+000
        64     9.7082944026E+000
        65     9.6982282209E+000
        66     9.6982532781E+000
        67     9.7003203881E+000
        68     9.7013078410E+000
        69     9.7765496907E+000
        70     9.7782637341E+000
        71     9.7600578589E+000
        72     9.7615551026E+000
        73     9.7171317449E+000
        74     9.7231254822E+000
        75     9.7383777731E+000
        76     9.7503783910E+000
        77     9.7056193455E+000
        78     9.6993065832E+000
        79     9.7051374757E+000
        80     9.6968270328E+000
        81     9.6970818477E+000
        82     9.6976857034E+000
        83     9.6991874184E+000
        84     9.7611522933E+000
        85     9.7513352296E+000
        86     9.7621138780E+000
        87     9.7462774858E+000
        88     9.7314236335E+000
        89     9.7438137356E+000
        90     9.6985831262E+000
        91     9.6975640602E+000
        92     9.6961509380E+000
        93     9.6961986529E+000
        94     9.6962832890E+000
        95     9.6962047157E+000
        96     9.6962336361E+000
        97     9.7421673573E+000
        98     9.7471108809E+000
        99     9.7321645851E+000
       100     9.7220993945E+000
       101     9.7317663110E+000
       102     9.6953240583E+000
       103     9.6978736183E+000
       104     9.6944837627E+000
       105     9.6968017915E+000
       106     9.6969740054E+000
       107     9.6954772883E+000
       108     9.6956412303E+000
       109     9.6955748345E+000
       110     9.6957988026E+000
       111     9.6948679477E+000
       112     9.6942648858E+000
       113     9.7293199873E+000
       114     9.7318439204E+000
       115     9.7232195799E+000
       116     9.7256972732E+000
       117     9.7186143315E+000
       118     9.7151499367E+000
       119     9.7265916210E+000
       120     9.6973182443E+000
       121     9.6937196246E+000
       122     9.6937481363E+000
       123     9.6931301426E+000
       124     9.6978596398E+000
       125     9.6963793491E+000
       126     9.6967957117E+000
       127     9.6955009797E+000
       128     9.6948376711E+000
       129     9.6949626820E+000
       130     9.6939796703E+000
       131     9.6934034876E+000
       132     9.7199986845E+000
       133     9.7169461625E+000
       134     9.7145102223E+000
       135     9.7110961365E+000
       136     9.7105548303E+000
       137     9.7118516417E+000
       138     9.6929517191E+000
       139     9.6927678704E+000
       140     9.6922958644E+000
       141     9.6964778662E+000
       142     9.6955714069E+000
       143     9.6978927802E+000
       144     9.7000410785E+000
       145     9.6946449157E+000
       146     9.6940550453E+000
       147     9.6926221054E+000
       148     9.6933402459E+000
       149     9.6931239717E+000
       150     9.6937505451E+000
       151     9.7094107138E+000
       152     9.7031683931E+000
       153     9.7038925228E+000
       154     9.7063862246E+000
       155     9.6918511934E+000
       156     9.6918236468E+000
       157     9.6921170696E+000
       158     9.6919324675E+000
       159     9.6914653703E+000
       160     9.6958854822E+000
       161     9.6948344614E+000
       162     9.6973107487E+000
       163     9.6941539163E+000
       164     9.6931295494E+000
       165     9.6925163355E+000
       166     9.6933279314E+000
       167     9.7001118838E+000
       168     9.6948657889E+000
       169     9.6908451206E+000
       170     9.6964876979E+000
       171     9.6981500326E+000
       172     9.6861330657E+000
       173     9.6908894728E+000
       174     9.6917731628E+000
       175     9.6913885178E+000
       176     9.6910243990E+000
       177     9.6951224121E+000
       178     9.6939026833E+000
       179     9.6924755211E+000
       180     9.6917419944E+000
       181     9.6928865120E+000
       182     9.6969776061E+000
       183     9.7204286835E+000
       184     9.7114516147E+000
       185     9.7000101173E+000
       186     9.7047832575E+000
       187     9.6911093928E+000
       188     9.6938974852E+000
       189     9.6921454193E+000
       190     9.6902263513E+000
       191     9.6916981241E+000
       192     9.6908782163E+000
       193     9.6916186468E+000
       194     9.6919300187E+000
       195     9.6899594620E+000
       196     9.6864873260E+000
       197     9.6873144313E+000
       198     9.6864350665E+000
       199     9.6902624982E+000
       200     9.6897192035E+000
       201     9.6909344973E+000
       202     9.6905942174E+000
       203     9.6899619183E+000
       204     9.6948393387E+000
       205     9.6934935491E+000
       206     9.6919860531E+000
       207     9.6928146166E+000
       208     9.6966157003E+000
       209     9.7231139462E+000
       210     9.7158977895E+000
       211     9.7091598929E+000
       212     9.6994966900E+000
       213     9.7039348243E+000
       214     9.6914346854E+000
       215     9.6903698632E+000
       216     9.6905787486E+000
       217     9.6902533910E+000
       218     9.6898105200E+000
       219     9.6886111327E+000
       220     9.6888550766E+000
       221     9.6870624723E+000
       222     9.6891614936E+000
       223     9.6895263815E+000
       224     9.6899586486E+000
       225     9.6894226695E+000
       226     9.6940851745E+000
       227     9.6925649285E+000
       228     9.6959335937E+000
       229     9.6920847931E+000
       230     9.7252626871E+000
       231     9.7269429403E+000
       232     9.7188125318E+000
       233     9.7283186569E+000
       234     9.6980990689E+000
       235     9.7124005027E+000
       236     9.7065922782E+000
       237     9.7015998400E+000
       238     9.7421286116E+000
       239     9.7411168702E+000
       240     9.7384375584E+000
       241     9.6910063496E+000
       242     9.6897504437E+000
       243     9.6901821017E+000
       244     9.6887724908E+000
       245     9.6878688483E+000
       246     9.6885202569E+000
       247     9.6888419838E+000
       248     9.6890779213E+000
       249     9.6939311820E+000
       250     9.6960938341E+000
       251     9.6917792116E+000
       252     9.6930977609E+000
       253     9.7361546114E+000
       254     9.7284876526E+000
       255     9.7333462433E+000
       256     9.7282999378E+000
       257     9.7302305925E+000
       258     9.7217194657E+000
       259     9.7151365292E+000
       260     9.7233626781E+000
       261     9.6991641814E+000
       262     9.7087519169E+000
       263     9.7034169365E+000
       264     9.7424356547E+000
       265     9.7394583417E+000
       266     9.7373296999E+000
       267     9.6905021854E+000
       268     9.6894145204E+000
       269     9.6877857460E+000
       270     9.6880258131E+000
       271     9.6882967995E+000
       272     9.6886208879E+000
       273     9.6972855816E+000
       274     9.6948190335E+000
       275     9.6914528923E+000
       276     9.6933159466E+000
       277     9.7337394434E+000
       278     9.7246993297E+000
       279     9.7300685574E+000
       280     9.7266949281E+000
       281     9.7178901076E+000
       282     9.7116082875E+000
       283     9.7202782373E+000
       284     9.7010211995E+000
       285     9.7057025872E+000
       286     9.6988840801E+000
       287     9.7427441859E+000
       288     9.7393945046E+000
       289     9.7356590546E+000
       290     9.6898570309E+000
       291     9.6887285672E+000
       292     9.6870794584E+000
       293     9.6874746188E+000
       294     9.6878707937E+000
       295     9.6864384129E+000
       296     9.6856729662E+000
       297     9.6909381098E+000
       298     9.6954603711E+000
       299     9.6930076838E+000
       300     9.7310808260E+000
       301     9.7230300112E+000
       302     9.7267209398E+000
       303     9.7147053363E+000
       304     9.7087672959E+000
       305     9.7179856966E+000
       306     9.6973559263E+000
       307     9.7030734806E+000
       308     9.7001174415E+000
       309     9.7429716951E+000
       310     9.7398986639E+000
       311     9.7362863427E+000
       312     9.7319239172E+000
       313     9.6892924209E+000
       314     9.6879508963E+000
       315     9.6866525132E+000
       316     9.6871000828E+000
       317     9.6859455009E+000
       318     9.6905635221E+000
       319     9.6924726271E+000
       320     9.6948168481E+000
       321     9.7266994064E+000
       322     9.7218655018E+000
       323     9.7123542943E+000
       324     9.7070564254E+000
       325     9.7162119506E+000
       326     9.6974842979E+000
       327     9.7010220857E+000
       328     9.7040508885E+000
       329     9.7418728754E+000
       330     9.7377374236E+000
       331     9.7334933703E+000
       332     9.7278961202E+000
       333     9.6885712093E+000
       334     9.6872305380E+000
       335     9.6863265240E+000
       336     9.6901450626E+000
       337     9.6922363880E+000
       338     9.6944257796E+000
       339     9.7210260518E+000
       340     9.7100558060E+000
       341     9.7149764561E+000
       342     9.6968968941E+000
       343     9.7003715033E+000
       344     9.7041534972E+000
       345     9.7073257097E+000
       346     9.7397126846E+000
       347     9.7355111434E+000
       348     9.7309869989E+000
       349     9.7263524053E+000
       350     9.7225348210E+000
       351     9.7441899161E+000
       352     9.6891262735E+000
       353     9.6877112983E+000
       354     9.6866837049E+000
       355     9.6863553574E+000
       356     9.7684871676E+000
       357     9.7664767938E+000
       358     9.7660196031E+000
       359     9.6914552958E+000
       360     9.6946147118E+000
       361     9.7168017806E+000
       362     9.7114325328E+000
       363     9.6991253958E+000
       364     9.7036051853E+000
       365     9.7077236174E+000
       366     9.7383727767E+000
       367     9.7329257468E+000
       368     9.7274397521E+000
       369     9.7216537373E+000
       370     9.7482246119E+000
       371     9.7415689589E+000
       372     9.7525265981E+000
       373     9.7658020809E+000
       374     9.7637422008E+000
       375     9.7625854361E+000
       376     9.7569095529E+000
       377     9.7603400909E+000
       378     9.6902675014E+000
       379     9.6880720695E+000
       380     9.7697818549E+000
       381     9.7708757276E+000
       382     9.7714510830E+000
       383     9.7721499912E+000
       384     9.7741852764E+000
       385     9.7668432490E+000
       386     9.7652266052E+000
       387     9.7636839517E+000
       388     9.6932418068E+000
       389     9.6971213377E+000
       390     9.7165064046E+000
       391     9.7117363417E+000
       392     9.7021713578E+000
       393     9.7070074441E+000
       394     9.7354116076E+000
       395     9.7292448143E+000
       396     9.7227589721E+000
       397     9.7175388996E+000
       398     9.7444827282E+000
       399     9.7376692177E+000
       400     9.7478555869E+000
       401     9.7617039548E+000
       402     9.7507321682E+000
       403     9.7589931712E+000
       404     9.7552464078E+000
       405     9.6919583383E+000
       406     9.6892781011E+000
       407     9.7682280767E+000
       408     9.7693899951E+000
       409     9.7704628333E+000
       410     9.7728597352E+000
       411     9.7756994642E+000
       412     9.7654498155E+000
       413     9.7634410860E+000
       414     9.7606513607E+000
       415     9.6954040160E+000
       416     9.6998822659E+000
       417     9.7109355470E+000
       418     9.7053665303E+000
       419     9.7136752616E+000
       420     9.7312212776E+000
       421     9.7244300084E+000
       422     9.7195333543E+000
       423     9.7403715841E+000
       424     9.7336510261E+000
       425     9.7440419570E+000
       426     9.7574776409E+000
       427     9.7486553845E+000
       428     9.7534954987E+000
       429     9.6937510374E+000
       430     9.6915069967E+000
       431     9.7746098944E+000
       432     9.7762999225E+000
       433     9.7798609973E+000
       434     9.7703465862E+000
       435     9.7663484998E+000
       436     9.7676849859E+000
       437     9.7718611951E+000
       438     9.7624243144E+000
       439     9.7602700788E+000
       440     9.7567300399E+000
       441     9.6977071561E+000
       442     9.7026898789E+000
       443     9.7086646031E+000
       444     9.7149038093E+000
       445     9.7263066024E+000
       446     9.7205994162E+000
       447     9.7370852049E+000
       448     9.7297946600E+000
       449     9.7415483595E+000
       450     9.7524882533E+000
       451     9.7474441632E+000
       452     9.6951914380E+000
       453     9.6911640264E+000
       454     9.7724897024E+000
       455     9.7741157228E+000
       456     9.7775816000E+000
       457     9.7824271704E+000
       458     9.7683530910E+000
       459     9.7638248993E+000
       460     9.7652275343E+000
       461     9.7690349996E+000
       462     9.7594787146E+000
       463     9.7575811341E+000
       464     9.7529490708E+000
       465     9.6999619358E+000
       466     9.7049948342E+000
       467     9.7106400130E+000
       468     9.7167630416E+000
       469     9.7232937602E+000
       470     9.7336355990E+000
       471     9.7267217327E+000
       472     9.7373991387E+000
       473     9.7425812190E+000
       474     9.7478743300E+000
       475     9.6972528943E+000
       476     9.6936249488E+000
       477     9.7705071325E+000
       478     9.7735445626E+000
       479     9.7782642857E+000
       480     9.7834085662E+000
       481     9.7847474120E+000
       482     9.7900028319E+000
       483     9.7955878273E+000
       484     9.7651774114E+000
       485     9.7611385918E+000
       486     9.7565807870E+000
       487     9.7662498568E+000
       488     9.7534437788E+000
       489     9.7480444513E+000
       490     9.7022647419E+000
       491     9.7069628402E+000
       492     9.7119417256E+000
       493     9.7188333298E+000
       494     9.7315343180E+000
       495     9.7247568052E+000
       496     9.7367595024E+000
       497     9.7422545343E+000
       498     9.6985906006E+000
       499     9.6948541507E+000
       500     9.6930647160E+000
       501     9.7916565310E+000
       502     9.7870409560E+000
       503     9.7735708766E+000
       504     9.7683829261E+000
       505     9.7789832859E+000
       506     9.7824058175E+000
       507     9.7871919314E+000
       508     9.7614760385E+000
       509     9.7567385890E+000
       510     9.7519723555E+000
       511     9.7626160473E+000
       512     9.7472023669E+000
       513     9.7416206790E+000
       514     9.7018177249E+000
       515     9.7066296032E+000
       516     9.7124950613E+000
       517     9.7183611347E+000
       518     9.7299862436E+000
       519     9.7238876570E+000
       520     9.7348386801E+000
       521     9.6977188665E+000
       522     9.6961518941E+000
       523     9.7842451843E+000
       524     9.7860515666E+000
       525     9.7816013628E+000
       526     9.7738210275E+000
       527     9.7686894625E+000
       528     9.7634315952E+000
       529     9.7761172111E+000
       530     9.7797707069E+000
       531     9.7573119825E+000
       532     9.7521084761E+000
       533     9.7468952162E+000
       534     9.7580160616E+000
       535     9.7427946340E+000
       536     9.7407758475E+000
       537     9.7361995341E+000
       538     9.7027323441E+000
       539     9.7076788468E+000
       540     9.7131863923E+000
       541     9.7191927628E+000
       542     9.7263294859E+000
       543     9.7312920478E+000
       544     9.6996099689E+000
       545     9.6973080162E+000
       546     9.7773176811E+000
       547     9.7830073697E+000
       548     9.7795438601E+000
       549     9.7750336622E+000
       550     9.7698275960E+000
       551     9.7709009661E+000
       552     9.7639212159E+000
       553     9.7585004142E+000
       554     9.7728687722E+000
       555     9.7524814752E+000
       556     9.7472364915E+000
       557     9.7529077268E+000
       558     9.7386702927E+000
       559     9.7417295380E+000
       560     9.7335155381E+000
       561     9.7037116261E+000
       562     9.7085287770E+000
       563     9.7140688099E+000
       564     9.7202425936E+000
       565     9.7264307879E+000
       566     9.6999918490E+000
       567     9.6954284310E+000
       568     9.7805394079E+000
       569     9.7780934462E+000
       570     9.7755706417E+000
       571     9.7702701771E+000
       572     9.7770715402E+000
       573     9.7728798213E+000
       574     9.7681313242E+000
       575     9.7650703250E+000
       576     9.7669739026E+000
       577     9.7592391771E+000
       578     9.7536448328E+000
       579     9.7654858282E+000
       580     9.7464830910E+000
       581     9.7481004007E+000
       582     9.7348448107E+000
       583     9.7392213863E+000
       584     9.7278517709E+000
       585     9.7042278059E+000
       586     9.7092392391E+000
       587     9.7149246676E+000
       588     9.7210833398E+000
       589     9.6995233894E+000
       590     9.6949785406E+000
       591     9.7737493948E+000
       592     9.7747755462E+000
       593     9.7725741081E+000
       594     9.7707538104E+000
       595     9.7634253612E+000
       596     9.7706874023E+000
       597     9.7660696010E+000
       598     9.7613672648E+000
       599     9.7495404357E+000
       600     9.7604681724E+000
       601     9.7543824025E+000
       602     9.7596347214E+000
       603     9.7424668202E+000
       604     9.7452769491E+000
       605     9.7288129422E+000
       606     9.7326601477E+000
       607     9.7365188507E+000
       608     9.7223828875E+000
       609     9.7044787511E+000
       610     9.7099115687E+000
       611     9.7158263499E+000
       612     9.6996068512E+000
       613     9.6950799064E+000
       614     9.7736061475E+000
       615     9.7722997487E+000
       616     9.7708934366E+000
       617     9.7687762115E+000
       618     9.7669050255E+000
       619     9.7697476464E+000
       620     9.7686593896E+000
       621     9.7669577787E+000
       622     9.7659811737E+000
       623     9.7572438948E+000
       624     9.7641582983E+000
       625     9.7595514383E+000
       626     9.7555935707E+000
       627     9.7480788305E+000
       628     9.7529758540E+000
       629     9.7407823248E+000
       630     9.7249911344E+000
       631     9.7297041282E+000
       632     9.7340584525E+000
       633     9.7174726680E+000
       634     9.7051720281E+000
       635     9.7109718422E+000
       636     9.7003954979E+000
       637     9.6966152714E+000
       638     9.7689634728E+000
       639     9.7676944069E+000
       640     9.7665792172E+000
       641     9.7638462421E+000
       642     9.7640392443E+000
       643     9.7651659552E+000
       644     9.7626038827E+000
       645     9.7615486809E+000
       646     9.7614750885E+000
       647     9.7516722433E+000
       648     9.7579984686E+000
       649     9.7538895709E+000
       650     9.7508600172E+000
       651     9.7441818621E+000
       652     9.7463010394E+000
       653     9.7367124698E+000
       654     9.7192674547E+000
       655     9.7238162599E+000
       656     9.7289442449E+000
       657     9.7127659848E+000
       658     9.7064441016E+000
       659     9.7016931680E+000
       660     9.7000300660E+000
       661     9.7638932897E+000
       662     9.7630272206E+000
       663     9.7618192316E+000
       664     9.7609959924E+000
       665     9.7590461178E+000
       666     9.7570961560E+000
       667     9.7555786294E+000
       668     9.7531251832E+000
       669     9.7600002484E+000
       670     9.7599613765E+000
       671     9.7569529235E+000
       672     9.7564948468E+000
       673     9.7467516697E+000
       674     9.7520532814E+000
       675     9.7482768073E+000
       676     9.7395363064E+000
       677     9.7415168000E+000
       678     9.7326992954E+000
       679     9.7164528819E+000
       680     9.7213930175E+000
       681     9.7259630132E+000
       682     9.7100250054E+000
       683     9.6989265364E+000
       684     9.6999355478E+000
       685     9.7051244837E+000
       686     9.7023236099E+000
       687     9.7587087805E+000
       688     9.7515040175E+000
       689     9.7499516348E+000
       690     9.7481069057E+000
       691     9.7583762872E+000
       692     9.7572625610E+000
       693     9.7557716688E+000
       694     9.7536276272E+000
       695     9.7514605625E+000
       696     9.7558347733E+000
       697     9.7551624881E+000
       698     9.7510510279E+000
       699     9.7506714159E+000
       700     9.7428099582E+000
       701     9.7450186304E+000
       702     9.7354233845E+000
       703     9.7373099278E+000
       704     9.7294736319E+000
       705     9.7242052238E+000
       706     9.7148993490E+000
       707     9.7198311276E+000
       708     9.7103053591E+000
       709     9.7043930772E+000
       710     9.7064852412E+000
       711     9.7098477210E+000
       712     9.7534690082E+000
       713     9.7417881950E+000
       714     9.7467375554E+000
       715     9.7453486351E+000
       716     9.7438499063E+000
       717     9.7428181608E+000
       718     9.7493752147E+000
       719     9.7455060451E+000
       720     9.7474780768E+000
       721     9.7544817816E+000
       722     9.7529794050E+000
       723     9.7519109729E+000
       724     9.7494981393E+000
       725     9.7508519801E+000
       726     9.7495227391E+000
       727     9.7446514874E+000
       728     9.7447886292E+000
       729     9.7386195330E+000
       730     9.7395126413E+000
       731     9.7316937169E+000
       732     9.7337241448E+000
       733     9.7263071259E+000
       734     9.7204351705E+000
       735     9.7153445542E+000
       736     9.7103010542E+000
       737     9.7476628291E+000
       738     9.7412278734E+000
       739     9.7437272127E+000
       740     9.7421393808E+000
       741     9.7428264230E+000
       742     9.7465852675E+000
       743     9.7448499314E+000
       744     9.7500722320E+000
       745     9.7480350163E+000
       746     9.7474785660E+000
       747     9.7454633605E+000
       748     9.7453254339E+000
       749     9.7430592091E+000
       750     9.7388209512E+000
       751     9.7340792438E+000
       752     9.7286098459E+000
       753     9.7222144226E+000
       754     9.7158382549E+000
       755     9.7417199948E+000
       756     9.7396646818E+000
       757     9.7394928799E+000
       758     9.7405407352E+000
       759     9.7431932357E+000
       760     9.7400976791E+000
       761     9.7419869322E+000
       762     9.7445220168E+000
       763     9.7426539325E+000
       764     9.7401531620E+000
       765     9.7374628431E+000
       766     9.7333469492E+000
       767     9.7289815491E+000
       768     9.7240122302E+000
       769     9.7179304132E+000
       770     9.7364402316E+000
       771     9.7374268571E+000
       772     9.7370182331E+000
       773     9.7346528588E+000
       774     9.7320813545E+000
       775     9.7368382443E+000
       776     9.7391056822E+000
       777     9.7372056136E+000
       778     9.7381907811E+000
       779     9.7389887287E+000
       780     9.7354078617E+000
       781     9.7321172977E+000
       782     9.7279554414E+000
       783     9.7241514194E+000
       784     9.7209138116E+000
       785     9.7095152858E+000
       786     9.7314012160E+000
       787     9.7333135229E+000
       788     9.7298745023E+000
       789     9.7278604822E+000
       790     9.7236228157E+000
       791     9.7329385442E+000
       792     9.7342076355E+000
       793     9.7333770624E+000
       794     9.7339685252E+000
       795     9.7304355425E+000
       796     9.7267410933E+000
       797     9.7222519387E+000
       798     9.7185627749E+000
       799     9.7123247157E+000
       800     9.7124515599E+000
       801     9.7264950163E+000
       802     9.7235521172E+000
       803     9.7197495024E+000
       804     9.7287213650E+000
       805     9.7257231499E+000
       806     9.7292338649E+000
       807     9.7289635212E+000
       808     9.7288480934E+000
       809     9.7249909922E+000
       810     9.7217025058E+000
       811     9.7173145619E+000
       812     9.7216705831E+000
       813     9.7176176578E+000
       814     9.7154173193E+000
       815     9.7253317115E+000
       816     9.7244856847E+000
       817     9.7246341628E+000
       818     9.7190618860E+000
       819     9.7153306834E+000
       820     9.7228582277E+000
       821     9.7184885835E+000
       822     9.7163984592E+000
       823     9.7156430479E+000
       824     9.7117436361E+000
       825     9.7147540493E+000
       826     9.7201015768E+000
       827     9.7193770824E+000
       828     9.7152687166E+000
       829     9.7123945778E+000
       830     9.7155179030E+000
       831     9.7114514471E+000
       832     9.7098056368E+000
       833     9.6898781586E+000
       834     9.7068808515E+000
       835     9.7102572588E+000
       836     9.7094752874E+000
       837     9.7134193295E+000
       838     9.7104494614E+000
       839     9.7093661247E+000
       840     9.7054236227E+000
       841     9.6898897092E+000
       842     9.6895875444E+000
       843     9.7026755745E+000
       844     9.7027748461E+000
       845     9.7061692162E+000
       846     9.7056498009E+000
       847     9.7066981651E+000
       848     9.7070616373E+000
       849     9.7003491616E+000
       850     9.6900549587E+000
       851     9.6895830492E+000
       852     9.7021624381E+000
       853     9.7002149458E+000
       854     9.6987776952E+000
       855     9.7024521745E+000
       856     9.7026091188E+000
       857     9.6969640388E+000
       858     9.6979529962E+000
       859     9.6906496832E+000
       860     9.6894536737E+000
       861     9.6955926314E+000
       862     9.6992125328E+000
       863     9.6968612514E+000
       864     9.6985017518E+000
       865     9.6945057856E+000
       866     9.6959764668E+000
       867     9.6938593380E+000
       868     9.6923569934E+000
       869     9.6913187276E+000
       870     9.6896536658E+000
       871     9.6927808121E+000
       872     9.6866841630E+000
       873     9.6858756410E+000
       874     9.6931900963E+000
       875     9.6936679899E+000
       876     9.6953608027E+000
       877     9.6923038309E+000
       878     9.6903382540E+000
       879     9.6913862086E+000
       880     9.6916146899E+000
       881     9.6895337833E+000
       882     9.6895651654E+000
       883     9.6865509592E+000
       884     9.6857632052E+000
       885     9.6910478087E+000
       886     9.6920794519E+000
       887     9.6903600918E+000
       888     9.6899768584E+000
       889     9.6893042445E+000
       890     9.6892043555E+000
       891     9.6892749679E+000
       892     9.6889573303E+000
       893     9.6868481912E+000
       894     9.6859621749E+000
       895     9.6892910184E+000
       896     9.6898121151E+000
       897     9.6891019411E+000
       898     9.6887929420E+000
       899     9.6890934808E+000
       900     9.6891830969E+000
       901     9.6889722751E+000
       902     9.7043947081E+000
       903     9.6887371011E+000
       904     9.6887493157E+000
       905     9.6866765708E+000
       906     9.6865153344E+000
       907     9.6862996691E+000
       908     9.6860898854E+000
       909     9.6884639971E+000
       910     9.6885135566E+000
       911     9.6884881248E+000
       912     9.6882680219E+000
       913     9.6889182472E+000
       914     9.6979248113E+000
       915     9.7035422310E+000
       916     9.6886289234E+000
       917     9.6884660302E+000
       918     9.6878736095E+000
       919     9.6868168366E+000
       920     9.6865381502E+000
       921     9.6863299757E+000
       922     9.6880270099E+000
       923     9.6879996640E+000
       924     9.6881991230E+000
       925     9.6888498703E+000
       926     9.6935480999E+000
       927     9.6973827086E+000
       928     9.6885968690E+000
       929     9.6883631223E+000
       930     9.6877245477E+000
       931     9.6876819912E+000
       932     9.6875359018E+000
       933     9.6868491662E+000
       934     9.6865462868E+000
       935     9.6871244461E+000
       936     9.6877441600E+000
       937     9.6879029199E+000
       938     9.6881274816E+000
       939     9.6886857246E+000
       940     9.6889194938E+000
       941     9.6908831365E+000
       942     9.6934226652E+000
       943     9.6883504154E+000
       944     9.6874670115E+000
       945     9.6871693051E+000
       946     9.6868400056E+000
       947     9.6872555575E+000
       948     9.6875959374E+000
       949     9.6877314126E+000
       950     9.6879358663E+000
       951     9.6881232690E+000
       952     9.6885260077E+000
       953     9.6889414069E+000
       954     9.6892039536E+000
       955     9.6898627323E+000
       956     9.6905719419E+000
       957     9.6882586250E+000
       958     9.6873585373E+000
       959     9.6870842710E+000
       960     9.6875240053E+000
       961     9.6877763418E+000
       962     9.6880272348E+000
       963     9.6885159969E+000
       964     9.6889428383E+000
       965     9.6895412436E+000
       966     9.6883193307E+000
       967     9.6872682531E+000
       968     9.6875813663E+000
       969     9.6879873453E+000
       970     9.6889704802E+000
       971     9.6894042740E+000
       972     9.6886564525E+000
       973     9.7116948194E+000
       974     9.6873649432E+000
       975     9.6877849376E+000
       976     9.6883940767E+000
       977     9.6892776613E+000
       978     9.7041974048E+000
       979     9.6900988094E+000
       980     9.6890597753E+000
       981     9.7047278506E+000
       982     9.6875545633E+000
       983     9.7617118145E+000
       984     9.6883275059E+000
       985     9.6891183586E+000
       986     9.6906767983E+000
       987     9.6973816945E+000
       988     9.6926166526E+000
       989     9.6904696607E+000
       990     9.6978478653E+000
       991     9.6880874910E+000
       992     9.7507924059E+000
       993     9.7529701482E+000
       994     9.6892637251E+000
       995     9.6938873237E+000
       996     9.6917857269E+000
       997     9.7000400762E+000
       998     9.6891084351E+000
       999     9.7401367370E+000
      1000     9.7417783837E+000
      1001     9.7084391204E+000
      1002     9.6921654676E+000
      1003     9.6959402775E+000
      1004     9.7027642676E+000
      1005     9.6952773667E+000
      1006     9.6916189828E+000
      1007     9.7183685348E+000
      1008     9.7293184512E+000
      1009     9.7312569651E+000
      1010     9.7109392994E+000
      1011     9.6991036759E+000
      1012     9.7071160282E+000
      1013     9.7003717969E+000
      1014     9.6958581640E+000
      1015     9.7201407964E+000
      1016     9.7007367252E+000
      1017     9.7148855184E+000
      1018     9.7059815955E+000
      1019     9.7124461104E+000
      1020     9.7054433005E+000
      1021     9.7210947416E+000
      1022     9.7071575123E+000
      1023     9.7211156339E+000
      1024     9.7137993737E+000
      1025     9.7137441999E+000
      1026     9.7301027936E+000
      1027     9.7319708197E+000
      1028     9.7176018967E+000
      1029     9.7242860067E+000
      1030     9.7361646647E+000
      1031     9.7403665587E+000
      1032     9.7293489182E+000
      1033     9.7385164163E+000
      1034     9.7479590277E+000
      1035     9.7396463738E+000
      1036     9.7533904636E+000
      1037     9.7503898878E+000
      1038     9.7728065507E+000
      1039     9.7615432328E+000
      1040     9.7647450166E+000
      1041     9.7849585253E+000
      1042     9.7855858761E+000
      1043     9.7752510472E+000
      1044     9.7765243815E+000
      1045     9.7982370385E+000
      1046     9.8104503018E+000
      1047     9.8228876570E+000
      1048     9.7895003866E+000
      1049     9.7974026869E+000
      1050     9.7885076775E+000
      1051     9.8079781565E+000
      1052     9.8177696140E+000
      1053     9.7982855447E+000
      1054     9.8058837055E+000
      1055     9.7987116946E+000
      1056     9.8166761140E+000
      1057     9.8067034909E+000
      1058     9.8266985547E+000
      1059     9.8180687591E+000
      1060     9.8339446930E+000
      1061     9.8248294493E+000
      1062     9.8367722010E+000
      1063     9.8290216930E+000
      1064     9.8437159920E+000
      1065     9.8347975192E+000
      1066     9.8467430657E+000
      1067     9.8376682319E+000
      1068     9.8462398483E+000
      1069     9.8381749828E+000
     2.5920000000E+005          51840
         1     1.8028000000E+005
         2     1.7975000000E+005
         3     1.7955000000E+005
         4     1.7897500000E+005
         5     1.7889000000E+005
         6     1.7832500000E+005
         7     1.7851000000E+005
         8     1.7757000000E+005
         9     1.7789000000E+005
        10     1.7860000000E+005
        11     1.7694000000E+005
        12     1.7782000000E+005
        13     1.7852500000E+005
        14     1.7655000000E+005
        15     1.7733500000E+005
        16     1.7811000000E+005
        17     1.7647000000E+005
        18     1.7782000000E+005
        19     1.7642500000E+005
        20     1.9095000000E+005
        21     1.9035500000E+005
        22     1.7760000000E+005
        23     1.7655000000E+005
        24     1.9079500000E+005
        25     1.8956000000E+005
        26     1.7736000000E+005
        27     1.7658000000E+005
        28     1.9065000000E+005
        29     1.8930000000E+005
        30     1.7667000000E+005
        31     1.7786500000E+005
        32     1.9008000000E+005
        33     1.8933000000E+005
        34     1.7747500000E+005
        35     1.7867000000E+005
        36     1.8999500000E+005
        37     1.8908500000E+005
        38     1.7838000000E+005
        39     1.7933000000E+005
        40     1.8989500000E+005
        41     1.9057000000E+005
        42     1.8898500000E+005
        43     1.9440000000E+005
        44     1.8250000000E+005
        45     1.7911500000E+005
        46     1.7992500000E+005
        47     1.8974500000E+005
        48     1.8843000000E+005
        49     1.9367000000E+005
        50     1.9428500000E+005
        51     1.8321500000E+005
        52     1.8302500000E+005
        53     1.8397000000E+005
        54     1.7969000000E+005
        55     1.8010500000E+005
        56     1.8077000000E+005
        57     1.8856500000E+005
        58     1.8951000000E+005
        59     1.8797000000E+005
        60     1.8727000000E+005
        61     1.9312000000E+005
        62     1.9381500000E+005
        63     1.8352500000E+005
        64     1.8420500000E+005
        65     1.8008000000E+005
        66     1.8064000000E+005
        67     1.8089500000E+005
        68     1.8156000000E+005
        69     1.8832500000E+005
        70     1.8974500000E+005
        71     1.8829000000E+005
        72     1.8778500000E+005
        73     1.9293500000E+005
        74     1.9344500000E+005
        75     1.9354500000E+005
        76     1.9301500000E+005
        77     1.8383500000E+005
        78     1.8393500000E+005
        79     1.8483000000E+005
        80     1.8149500000E+005
        81     1.8109000000E+005
        82     1.8166500000E+005
        83     1.8242500000E+005
        84     1.8910000000E+005
        85     1.8866000000E+005
        86     1.8973500000E+005
        87     1.8795000000E+005
        88     1.9277000000E+005
        89     1.9212000000E+005
        90     1.8448500000E+005
        91     1.8508500000E+005
        92     1.8218000000E+005
        93     1.8201000000E+005
        94     1.8188500000E+005
        95     1.8260000000E+005
        96     1.8325000000E+005
        97     1.8892500000E+005
        98     1.8978500000E+005
        99     1.8820500000E+005
       100     1.9236500000E+005
       101     1.9163000000E+005
       102     1.8421000000E+005
       103     1.8575000000E+005
       104     1.8515500000E+005
       105     1.8141500000E+005
       106     1.8137000000E+005
       107     1.8281500000E+005
       108     1.8259500000E+005
       109     1.8264000000E+005
       110     1.8239000000E+005
       111     1.8350000000E+005
       112     1.8421000000E+005
       113     1.8878000000E+005
       114     1.8958000000E+005
       115     1.8828000000E+005
       116     1.8774500000E+005
       117     1.9010000000E+005
       118     1.9170000000E+005
       119     1.9100000000E+005
       120     1.8612500000E+005
       121     1.8492500000E+005
       122     1.8571000000E+005
       123     1.8559000000E+005
       124     1.8134000000E+005
       125     1.8202500000E+005
       126     1.8185500000E+005
       127     1.8283500000E+005
       128     1.8343000000E+005
       129     1.8326500000E+005
       130     1.8434000000E+005
       131     1.8496000000E+005
       132     1.8885500000E+005
       133     1.8954500000E+005
       134     1.8803500000E+005
       135     1.8970500000E+005
       136     1.9025000000E+005
       137     1.9097000000E+005
       138     1.8634500000E+005
       139     1.8566000000E+005
       140     1.8625500000E+005
       141     1.8240000000E+005
       142     1.8292500000E+005
       143     1.8167000000E+005
       144     1.8064000000E+005
       145     1.8368000000E+005
       146     1.8422000000E+005
       147     1.8576000000E+005
       148     1.8497000000E+005
       149     1.8521000000E+005
       150     1.8457000000E+005
       151     1.8897000000E+005
       152     1.8837500000E+005
       153     1.8976000000E+005
       154     1.9067000000E+005
       155     1.8677500000E+005
       156     1.8710000000E+005
       157     1.8626500000E+005
       158     1.8650000000E+005
       159     1.8702000000E+005
       160     1.8304000000E+005
       161     1.8369500000E+005
       162     1.8236500000E+005
       163     1.8430000000E+005
       164     1.8520000000E+005
       165     1.8583500000E+005
       166     1.8508500000E+005
       167     1.8906000000E+005
       168     1.8844500000E+005
       169     1.8788000000E+005
       170     1.8957000000E+005
       171     1.9026500000E+005
       172     1.9275500000E+005
       173     1.8764000000E+005
       174     1.8662000000E+005
       175     1.8702500000E+005
       176     1.8744500000E+005
       177     1.8384500000E+005
       178     1.8472000000E+005
       179     1.8592000000E+005
       180     1.8666500000E+005
       181     1.8562000000E+005
       182     1.8276500000E+005
       183     1.8051000000E+005
       184     1.8107000000E+005
       185     1.8163000000E+005
       186     1.8129000000E+005
       187     1.8736500000E+005
       188     1.8901000000E+005
       189     1.8946000000E+005
       190     1.8835500000E+005
       191     1.8851500000E+005
       192     1.8825000000E+005
       193     1.9009000000E+005
       194     1.9064500000E+005
       195     1.8995000000E+005
       196     1.9226500000E+005
       197     1.9181000000E+005
       198     1.9224000000E+005
       199     1.8824000000E+005
       200     1.8883500000E+005
       201     1.8750500000E+005
       202     1.8786000000E+005
       203     1.8852500000E+005
       204     1.8444000000E+005
       205     1.8524500000E+005
       206     1.8652000000E+005
       207     1.8586500000E+005
       208     1.8323000000E+005
       209     1.8124000000E+005
       210     1.8156000000E+005
       211     1.8182500000E+005
       212     1.8246500000E+005
       213     1.8213000000E+005
       214     1.8718000000E+005
       215     1.8813500000E+005
       216     1.8800000000E+005
       217     1.8923500000E+005
       218     1.8891000000E+005
       219     1.9096000000E+005
       220     1.9012500000E+005
       221     1.9164000000E+005
       222     1.8940500000E+005
       223     1.8898500000E+005
       224     1.8853500000E+005
       225     1.8909500000E+005
       226     1.8528500000E+005
       227     1.8629500000E+005
       228     1.8397500000E+005
       229     1.8693500000E+005
       230     1.8188500000E+005
       231     1.8245000000E+005
       232     1.8218000000E+005
       233     1.8294500000E+005
       234     1.8337500000E+005
       235     1.8245000000E+005
       236     1.8263500000E+005
       237     1.8291000000E+005
       238     1.8435000000E+005
       239     1.8408500000E+005
       240     1.8396500000E+005
       241     1.8779500000E+005
       242     1.8883000000E+005
       243     1.8852500000E+005
       244     1.8987500000E+005
       245     1.9084000000E+005
       246     1.9005000000E+005
       247     1.8970500000E+005
       248     1.8949000000E+005
       249     1.8580000000E+005
       250     1.8434000000E+005
       251     1.8765500000E+005
       252     1.8665500000E+005
       253     1.8403000000E+005
       254     1.8340500000E+005
       255     1.8399000000E+005
       256     1.8381000000E+005
       257     1.8394500000E+005
       258     1.8272500000E+005
       259     1.8298000000E+005
       260     1.8328500000E+005
       261     1.8380000000E+005
       262     1.8322500000E+005
       263     1.8345500000E+005
       264     1.8456500000E+005
       265     1.8437500000E+005
       266     1.8420500000E+005
       267     1.8853000000E+005
       268     1.8933500000E+005
       269     1.9082500000E+005
       270     1.9056500000E+005
       271     1.9030500000E+005
       272     1.9006500000E+005
       273     1.8466000000E+005
       274     1.8529500000E+005
       275     1.8832000000E+005
       276     1.8667000000E+005
       277     1.8424000000E+005
       278     1.8372000000E+005
       279     1.8419500000E+005
       280     1.8405000000E+005
       281     1.8342500000E+005
       282     1.8367000000E+005
       283     1.8385500000E+005
       284     1.8427000000E+005
       285     1.8399000000E+005
       286     1.8505500000E+005
       287     1.8483000000E+005
       288     1.8467500000E+005
       289     1.8451500000E+005
       290     1.8933500000E+005
       291     1.9017500000E+005
       292     1.9156500000E+005
       293     1.9117000000E+005
       294     1.9085000000E+005
       295     1.9224000000E+005
       296     1.9304500000E+005
       297     1.8903500000E+005
       298     1.8568500000E+005
       299     1.8708000000E+005
       300     1.8450000000E+005
       301     1.8420500000E+005
       302     1.8442000000E+005
       303     1.8405000000E+005
       304     1.8435500000E+005
       305     1.8440500000E+005
       306     1.8586000000E+005
       307     1.8482500000E+005
       308     1.8560000000E+005
       309     1.8515500000E+005
       310     1.8503000000E+005
       311     1.8490500000E+005
       312     1.8486000000E+005
       313     1.9014000000E+005
       314     1.9099500000E+005
       315     1.9204500000E+005
       316     1.9166500000E+005
       317     1.9278000000E+005
       318     1.8960000000E+005
       319     1.8779000000E+005
       320     1.8664500000E+005
       321     1.8482000000E+005
       322     1.8467000000E+005
       323     1.8468500000E+005
       324     1.8498500000E+005
       325     1.8495500000E+005
       326     1.8653000000E+005
       327     1.8605000000E+005
       328     1.8553500000E+005
       329     1.8540500000E+005
       330     1.8535500000E+005
       331     1.8530500000E+005
       332     1.8529000000E+005
       333     1.9096500000E+005
       334     1.9177500000E+005
       335     1.9253000000E+005
       336     1.9008500000E+005
       337     1.8837500000E+005
       338     1.8740500000E+005
       339     1.8521000000E+005
       340     1.8535000000E+005
       341     1.8548500000E+005
       342     1.8726500000E+005
       343     1.8670000000E+005
       344     1.8618500000E+005
       345     1.8586500000E+005
       346     1.8577000000E+005
       347     1.8579500000E+005
       348     1.8579500000E+005
       349     1.8586000000E+005
       350     1.8565000000E+005
       351     1.8614500000E+005
       352     1.9108000000E+005
       353     1.9180000000E+005
       354     1.9252000000E+005
       355     1.9299000000E+005
       356     1.9440000000E+005
       357     1.9411500000E+005
       358     1.9390500000E+005
       359     1.8913000000E+005
       360     1.8808500000E+005
       361     1.8597000000E+005
       362     1.8598000000E+005
       363     1.8748000000E+005
       364     1.8691500000E+005
       365     1.8644500000E+005
       366     1.8626500000E+005
       367     1.8633000000E+005
       368     1.8636500000E+005
       369     1.8623000000E+005
       370     1.8672000000E+005
       371     1.8678500000E+005
       372     1.8785500000E+005
       373     1.9343000000E+005
       374     1.9274000000E+005
       375     1.9217000000E+005
       376     1.8957500000E+005
       377     1.9118000000E+005
       378     1.9008500000E+005
       379     1.9211000000E+005
       380     1.9440000000E+005
       381     1.9440000000E+005
       382     1.9440000000E+005
       383     1.9440000000E+005
       384     1.9440000000E+005
       385     1.9440000000E+005
       386     1.9405000000E+005
       387     1.9354500000E+005
       388     1.8892500000E+005
       389     1.8824000000E+005
       390     1.8669000000E+005
       391     1.8664500000E+005
       392     1.8771500000E+005
       393     1.8721500000E+005
       394     1.8687500000E+005
       395     1.8692500000E+005
       396     1.8681000000E+005
       397     1.8728500000E+005
       398     1.8746000000E+005
       399     1.8748000000E+005
       400     1.8829500000E+005
       401     1.9284500000E+005
       402     1.8921000000E+005
       403     1.9183000000E+005
       404     1.9044000000E+005
       405     1.8971500000E+005
       406     1.9106000000E+005
       407     1.9440000000E+005
       408     1.9440000000E+005
       409     1.9440000000E+005
       410     1.9440000000E+005
       411     1.9440000000E+005
       412     1.9440000000E+005
       413     1.9409000000E+005
       414     1.9326500000E+005
       415     1.8901000000E+005
       416     1.8848000000E+005
       417     1.8749000000E+005
       418     1.8805000000E+005
       419     1.8795000000E+005
       420     1.8752500000E+005
       421     1.8740500000E+005
       422     1.8786000000E+005
       423     1.8814000000E+005
       424     1.8813500000E+005
       425     1.8885500000E+005
       426     1.9228500000E+005
       427     1.8970500000E+005
       428     1.9095000000E+005
       429     1.8979000000E+005
       430     1.9023000000E+005
       431     1.9440000000E+005
       432     1.9440000000E+005
       433     1.9440000000E+005
       434     1.9440000000E+005
       435     1.9440000000E+005
       436     1.9440000000E+005
       437     1.9440000000E+005
       438     1.9440000000E+005
       439     1.9380500000E+005
       440     1.9289500000E+005
       441     1.8926000000E+005
       442     1.8883000000E+005
       443     1.8848500000E+005
       444     1.8852500000E+005
       445     1.8808500000E+005
       446     1.8845000000E+005
       447     1.8875000000E+005
       448     1.8870000000E+005
       449     1.8945000000E+005
       450     1.9154000000E+005
       451     1.9028500000E+005
       452     1.9009500000E+005
       453     1.9088000000E+005
       454     1.9440000000E+005
       455     1.9440000000E+005
       456     1.9440000000E+005
       457     1.9440000000E+005
       458     1.9440000000E+005
       459     1.9440000000E+005
       460     1.9440000000E+005
       461     1.9440000000E+005
       462     1.9440000000E+005
       463     1.9386000000E+005
       464     1.9259000000E+005
       465     1.8964500000E+005
       466     1.8928500000E+005
       467     1.8912500000E+005
       468     1.8913500000E+005
       469     1.8893500000E+005
       470     1.8925500000E+005
       471     1.8943000000E+005
       472     1.8980000000E+005
       473     1.9030000000E+005
       474     1.9114000000E+005
       475     1.9045500000E+005
       476     1.9091500000E+005
       477     1.9440000000E+005
       478     1.9440000000E+005
       479     1.9440000000E+005
       480     1.9440000000E+005
       481     1.9440000000E+005
       482     1.9440000000E+005
       483     1.9440000000E+005
       484     1.9440000000E+005
       485     1.9440000000E+005
       486     1.9440000000E+005
       487     1.9440000000E+005
       488     1.9367500000E+005
       489     1.9196000000E+005
       490     1.9015500000E+005
       491     1.8978500000E+005
       492     1.8978000000E+005
       493     1.8977000000E+005
       494     1.8990500000E+005
       495     1.9009500000E+005
       496     1.9042500000E+005
       497     1.9099000000E+005
       498     1.9088500000E+005
       499     1.9149000000E+005
       500     1.9229000000E+005
       501     1.9440000000E+005
       502     1.9440000000E+005
       503     1.9440000000E+005
       504     1.9440000000E+005
       505     1.9440000000E+005
       506     1.9440000000E+005
       507     1.9440000000E+005
       508     1.9440000000E+005
       509     1.9440000000E+005
       510     1.9436000000E+005
       511     1.9440000000E+005
       512     1.9261000000E+005
       513     1.9159500000E+005
       514     1.9089500000E+005
       515     1.9051500000E+005
       516     1.9044000000E+005
       517     1.9051500000E+005
       518     1.9055000000E+005
       519     1.9068000000E+005
       520     1.9107000000E+005
       521     1.9160500000E+005
       522     1.9223500000E+005
       523     1.9440000000E+005
       524     1.9440000000E+005
       525     1.9440000000E+005
       526     1.9440000000E+005
       527     1.9440000000E+005
       528     1.9440000000E+005
       529     1.9440000000E+005
       530     1.9440000000E+005
       531     1.9440000000E+005
       532     1.9440000000E+005
       533     1.9345500000E+005
       534     1.9440000000E+005
       535     1.9315000000E+005
       536     1.9230000000E+005
       537     1.9175500000E+005
       538     1.9140500000E+005
       539     1.9120000000E+005
       540     1.9112500000E+005
       541     1.9120000000E+005
       542     1.9125000000E+005
       543     1.9167500000E+005
       544     1.9203500000E+005
       545     1.9256000000E+005
       546     1.9440000000E+005
       547     1.9440000000E+005
       548     1.9440000000E+005
       549     1.9440000000E+005
       550     1.9440000000E+005
       551     1.9440000000E+005
       552     1.9440000000E+005
       553     1.9440000000E+005
       554     1.9440000000E+005
       555     1.9440000000E+005
       556     1.9440000000E+005
       557     1.9440000000E+005
       558     1.9289000000E+005
       559     1.9376000000E+005
       560     1.9240500000E+005
       561     1.9201000000E+005
       562     1.9187000000E+005
       563     1.9180500000E+005
       564     1.9186500000E+005
       565     1.9205000000E+005
       566     1.9264500000E+005
       567     1.9323500000E+005
       568     1.9440000000E+005
       569     1.9440000000E+005
       570     1.9440000000E+005
       571     1.9440000000E+005
       572     1.9440000000E+005
       573     1.9440000000E+005
       574     1.9440000000E+005
       575     1.9440000000E+005
       576     1.9440000000E+005
       577     1.9440000000E+005
       578     1.9440000000E+005
       579     1.9440000000E+005
       580     1.9440000000E+005
       581     1.9440000000E+005
       582     1.9329000000E+005
       583     1.9427000000E+005
       584     1.9275000000E+005
       585     1.9267500000E+005
       586     1.9255500000E+005
       587     1.9248500000E+005
       588     1.9257500000E+005
       589     1.9333500000E+005
       590     1.9410000000E+005
       591     1.9452000000E+005
       592     1.9440000000E+005
       593     1.9440000000E+005
       594     1.9440000000E+005
       595     1.9440000000E+005
       596     1.9440000000E+005
       597     1.9440000000E+005
       598     1.9440000000E+005
       599     1.9440000000E+005
       600     1.9440000000E+005
       601     1.9440000000E+005
       602     1.9440000000E+005
       603     1.9440000000E+005
       604     1.9440000000E+005
       605     1.9342500000E+005
       606     1.9406000000E+005
       607     1.9440000000E+005
       608     1.9327500000E+005
       609     1.9337500000E+005
       610     1.9325000000E+005
       611     1.9318500000E+005
       612     1.9405500000E+005
       613     1.9440000000E+005
       614     1.9487500000E+005
       615     1.9527500000E+005
       616     1.9565000000E+005
       617     1.9599000000E+005
       618     1.9632000000E+005
       619     1.9471000000E+005
       620     1.9440000000E+005
       621     1.9440000000E+005
       622     1.9459500000E+005
       623     1.9440000000E+005
       624     1.9440000000E+005
       625     1.9440000000E+005
       626     1.9440000000E+005
       627     1.9440000000E+005
       628     1.9440000000E+005
       629     1.9440000000E+005
       630     1.9401500000E+005
       631     1.9440000000E+005
       632     1.9440000000E+005
       633     1.9383500000E+005
       634     1.9407500000E+005
       635     1.9393500000E+005
       636     1.9440000000E+005
       637     1.9440000000E+005
       638     1.9511500000E+005
       639     1.9551000000E+005
       640     1.9586000000E+005
       641     1.9658000000E+005
       642     1.9621000000E+005
       643     1.9504000000E+005
       644     1.9440000000E+005
       645     1.9456500000E+005
       646     1.9496000000E+005
       647     1.9440000000E+005
       648     1.9440000000E+005
       649     1.9440000000E+005
       650     1.9440000000E+005
       651     1.9440000000E+005
       652     1.9440000000E+005
       653     1.9440000000E+005
       654     1.9440000000E+005
       655     1.9440000000E+005
       656     1.9440000000E+005
       657     1.9440000000E+005
       658     1.9440000000E+005
       659     1.9440000000E+005
       660     1.9466000000E+005
       661     1.9547000000E+005
       662     1.9586500000E+005
       663     1.9686000000E+005
       664     1.9655000000E+005
       665     1.9708500000E+005
       666     1.9733000000E+005
       667     1.9757500000E+005
       668     1.9774500000E+005
       669     1.9623000000E+005
       670     1.9537500000E+005
       671     1.9453500000E+005
       672     1.9504000000E+005
       673     1.9440000000E+005
       674     1.9440000000E+005
       675     1.9440000000E+005
       676     1.9440000000E+005
       677     1.9440000000E+005
       678     1.9440000000E+005
       679     1.9440000000E+005
       680     1.9440000000E+005
       681     1.9440000000E+005
       682     1.9440000000E+005
       683     1.9557000000E+005
       684     1.9589500000E+005
       685     1.9440000000E+005
       686     1.9498000000E+005
       687     1.9584000000E+005
       688     1.9796500000E+005
       689     1.9816500000E+005
       690     1.9834000000E+005
       691     1.9685500000E+005
       692     1.9659500000E+005
       693     1.9715000000E+005
       694     1.9745500000E+005
       695     1.9771500000E+005
       696     1.9628500000E+005
       697     1.9554500000E+005
       698     1.9480000000E+005
       699     1.9527000000E+005
       700     1.9440000000E+005
       701     1.9457000000E+005
       702     1.9440000000E+005
       703     1.9440000000E+005
       704     1.9440000000E+005
       705     1.9440000000E+005
       706     1.9440000000E+005
       707     1.9440000000E+005
       708     1.9447500000E+005
       709     1.9533000000E+005
       710     1.9485000000E+005
       711     1.9539000000E+005
       712     1.9599500000E+005
       713     1.9903500000E+005
       714     1.9852000000E+005
       715     1.9869000000E+005
       716     1.9883500000E+005
       717     1.9893500000E+005
       718     1.9792500000E+005
       719     1.9841500000E+005
       720     1.9816500000E+005
       721     1.9694000000E+005
       722     1.9668000000E+005
       723     1.9727500000E+005
       724     1.9761500000E+005
       725     1.9643000000E+005
       726     1.9575000000E+005
       727     1.9509500000E+005
       728     1.9552500000E+005
       729     1.9466000000E+005
       730     1.9507000000E+005
       731     1.9440000000E+005
       732     1.9475000000E+005
       733     1.9460500000E+005
       734     1.9466000000E+005
       735     1.9457500000E+005
       736     1.9500500000E+005
       737     1.9620500000E+005
       738     1.9894500000E+005
       739     1.9863500000E+005
       740     1.9880500000E+005
       741     1.9844500000E+005
       742     1.9795000000E+005
       743     1.9822000000E+005
       744     1.9706500000E+005
       745     1.9685000000E+005
       746     1.9742500000E+005
       747     1.9776000000E+005
       748     1.9665500000E+005
       749     1.9597500000E+005
       750     1.9559500000E+005
       751     1.9526000000E+005
       752     1.9504500000E+005
       753     1.9511000000E+005
       754     1.9517000000E+005
       755     1.9644500000E+005
       756     1.9891500000E+005
       757     1.9910000000E+005
       758     1.9869500000E+005
       759     1.9705000000E+005
       760     1.9847500000E+005
       761     1.9811000000E+005
       762     1.9728000000E+005
       763     1.9768000000E+005
       764     1.9691000000E+005
       765     1.9614500000E+005
       766     1.9581000000E+005
       767     1.9558000000E+005
       768     1.9551500000E+005
       769     1.9563000000E+005
       770     1.9664500000E+005
       771     1.9891500000E+005
       772     1.9911500000E+005
       773     1.9927000000E+005
       774     1.9961500000E+005
       775     1.9873500000E+005
       776     1.9733000000E+005
       777     1.9839000000E+005
       778     1.9799000000E+005
       779     1.9760500000E+005
       780     1.9713500000E+005
       781     1.9634000000E+005
       782     1.9611000000E+005
       783     1.9599500000E+005
       784     1.9598000000E+005
       785     1.9709000000E+005
       786     1.9683500000E+005
       787     1.9907000000E+005
       788     1.9943500000E+005
       789     1.9995500000E+005
       790     2.0002500000E+005
       791     1.9873500000E+005
       792     1.9756500000E+005
       793     1.9829500000E+005
       794     1.9790000000E+005
       795     1.9735000000E+005
       796     1.9661000000E+005
       797     1.9650500000E+005
       798     1.9635500000E+005
       799     1.9672000000E+005
       800     1.9741500000E+005
       801     1.9710500000E+005
       802     2.0043500000E+005
       803     2.0051500000E+005
       804     1.9907000000E+005
       805     1.9951500000E+005
       806     1.9861500000E+005
       807     1.9781500000E+005
       808     1.9819500000E+005
       809     1.9765000000E+005
       810     1.9700000000E+005
       811     1.9701500000E+005
       812     1.9745000000E+005
       813     2.0095500000E+005
       814     2.0095000000E+005
       815     1.9888500000E+005
       816     1.9922500000E+005
       817     1.9855500000E+005
       818     1.9949500000E+005
       819     1.9974000000E+005
       820     1.9818500000E+005
       821     1.9798500000E+005
       822     1.9758000000E+005
       823     2.0152500000E+005
       824     2.0129500000E+005
       825     2.0019500000E+005
       826     1.9905000000E+005
       827     1.9870000000E+005
       828     1.9942500000E+005
       829     1.9989000000E+005
       830     1.9854000000E+005
       831     1.9823000000E+005
       832     2.0206000000E+005
       833     2.0631000000E+005
       834     2.0152000000E+005
       835     2.0062000000E+005
       836     2.0027000000E+005
       837     1.9913500000E+005
       838     1.9972000000E+005
       839     1.9892000000E+005
       840     2.0241500000E+005
       841     2.0623500000E+005
       842     2.0569500000E+005
       843     2.0161500000E+005
       844     2.0206000000E+005
       845     2.0106000000E+005
       846     2.0061500000E+005
       847     2.0014000000E+005
       848     1.9957500000E+005
       849     2.0265000000E+005
       850     2.0617500000E+005
       851     2.0558500000E+005
       852     2.0137000000E+005
       853     2.0179500000E+005
       854     2.0230500000E+005
       855     2.0086000000E+005
       856     2.0021500000E+005
       857     2.0288500000E+005
       858     2.0326000000E+005
       859     2.0592500000E+005
       860     2.0519500000E+005
       861     2.0255500000E+005
       862     2.0136000000E+005
       863     2.0195000000E+005
       864     2.0084000000E+005
       865     2.0312500000E+005
       866     2.0337500000E+005
       867     2.0395000000E+005
       868     2.0463000000E+005
       869     2.0530000000E+005
       870     2.0496500000E+005
       871     2.0324000000E+005
       872     1.9692000000E+005
       873     1.9687000000E+005
       874     2.0276000000E+005
       875     2.0220500000E+005
       876     2.0149500000E+005
       877     2.0384000000E+005
       878     2.0452500000E+005
       879     2.0350500000E+005
       880     2.0307500000E+005
       881     2.0562500000E+005
       882     2.0566500000E+005
       883     1.9753000000E+005
       884     1.9723500000E+005
       885     2.0259500000E+005
       886     2.0187500000E+005
       887     2.0391500000E+005
       888     2.0328500000E+005
       889     2.0513000000E+005
       890     2.0492000000E+005
       891     2.0410500000E+005
       892     2.0414500000E+005
       893     1.9816500000E+005
       894     1.9777000000E+005
       895     2.0270500000E+005
       896     2.0219500000E+005
       897     2.0361500000E+005
       898     2.0310000000E+005
       899     2.0456500000E+005
       900     2.0483000000E+005
       901     2.0441500000E+005
       902     2.0683500000E+005
       903     2.0365000000E+005
       904     2.0385000000E+005
       905     1.9870000000E+005
       906     1.9887500000E+005
       907     1.9852000000E+005
       908     1.9816000000E+005
       909     2.0257500000E+005
       910     2.0210000000E+005
       911     2.0314500000E+005
       912     2.0266500000E+005
       913     2.0426000000E+005
       914     2.0690000000E+005
       915     2.0650000000E+005
       916     2.0365500000E+005
       917     2.0326000000E+005
       918     2.0166500000E+005
       919     1.9924000000E+005
       920     1.9907000000E+005
       921     1.9870000000E+005
       922     2.0211000000E+005
       923     2.0223000000E+005
       924     2.0269000000E+005
       925     2.0415500000E+005
       926     2.0666500000E+005
       927     2.0642000000E+005
       928     2.0362000000E+005
       929     2.0309500000E+005
       930     2.0155500000E+005
       931     2.0130000000E+005
       932     2.0086500000E+005
       933     1.9963000000E+005
       934     1.9918500000E+005
       935     2.0022000000E+005
       936     2.0169500000E+005
       937     2.0209000000E+005
       938     2.0259500000E+005
       939     2.0380000000E+005
       940     2.0430500000E+005
       941     2.0656500000E+005
       942     2.0604000000E+005
       943     2.0309500000E+005
       944     2.0106500000E+005
       945     2.0044500000E+005
       946     1.9981000000E+005
       947     2.0067000000E+005
       948     2.0143000000E+005
       949     2.0175500000E+005
       950     2.0220000000E+005
       951     2.0261000000E+005
       952     2.0344000000E+005
       953     2.0419500000E+005
       954     2.0474500000E+005
       955     2.0614500000E+005
       956     2.0593500000E+005
       957     2.0289000000E+005
       958     2.0092500000E+005
       959     2.0034500000E+005
       960     2.0132000000E+005
       961     2.0187000000E+005
       962     2.0240000000E+005
       963     2.0333500000E+005
       964     2.0406500000E+005
       965     2.0543500000E+005
       966     2.0291000000E+005
       967     2.0077000000E+005
       968     2.0145000000E+005
       969     2.0225500000E+005
       970     2.0426500000E+005
       971     2.0500500000E+005
       972     2.0357000000E+005
       973     2.0454500000E+005
       974     2.0098500000E+005
       975     2.0179000000E+005
       976     2.0290500000E+005
       977     2.0417500000E+005
       978     2.0450500000E+005
       979     2.0470000000E+005
       980     2.0367000000E+005
       981     2.0423000000E+005
       982     2.0127500000E+005
       983     2.0389500000E+005
       984     2.0290000000E+005
       985     2.0332500000E+005
       986     2.0405500000E+005
       987     2.0426500000E+005
       988     2.0447000000E+005
       989     2.0353500000E+005
       990     2.0398000000E+005
       991     2.0236000000E+005
       992     2.0385000000E+005
       993     2.0358000000E+005
       994     2.0288500000E+005
       995     2.0380000000E+005
       996     2.0323500000E+005
       997     2.0360000000E+005
       998     2.0225000000E+005
       999     2.0357000000E+005
      1000     2.0333500000E+005
      1001     2.0359500000E+005
      1002     2.0266000000E+005
      1003     2.0321000000E+005
      1004     2.0312500000E+005
      1005     2.0221000000E+005
      1006     2.0193000000E+005
      1007     2.0357000000E+005
      1008     2.0361500000E+005
      1009     2.0329500000E+005
      1010     2.0312000000E+005
      1011     2.0265000000E+005
      1012     2.0266000000E+005
      1013     2.0201500000E+005
      1014     2.0157000000E+005
      1015     2.0321500000E+005
      1016     2.0113000000E+005
      1017     2.0272500000E+005
      1018     2.0218500000E+005
      1019     2.0231500000E+005
      1020     2.0154000000E+005
      1021     2.0283500000E+005
      1022     2.0072500000E+005
      1023     2.0227000000E+005
      1024     2.0187500000E+005
      1025     2.0132000000E+005
      1026     2.0207500000E+005
      1027     2.0267000000E+005
      1028     2.0086000000E+005
      1029     2.0156000000E+005
      1030     2.0176500000E+005
      1031     2.0227000000E+005
      1032     2.0105500000E+005
      1033     2.0136500000E+005
      1034     2.0182500000E+005
      1035     2.0076000000E+005
      1036     2.0133000000E+005
      1037     2.0045000000E+005
      1038     1.9986500000E+005
      1039     2.0015500000E+005
      1040     2.0111000000E+005
      1041     2.0015000000E+005
      1042     1.9973500000E+005
      1043     2.0047500000E+005
      1044     2.0090500000E+005
      1045     1.9962000000E+005
      1046     1.9949500000E+005
      1047     1.9957500000E+005
      1048     2.0046500000E+005
      1049     2.0016000000E+005
      1050     2.0088000000E+005
      1051     2.0009000000E+005
      1052     2.0003000000E+005
      1053     2.0071500000E+005
      1054     2.0055000000E+005
      1055     2.0126500000E+005
      1056     2.0053000000E+005
      1057     2.0103500000E+005
      1058     2.0081500000E+005
      1059     2.0120000000E+005
      1060     2.0130000000E+005
      1061     2.0165000000E+005
      1062     2.0186500000E+005
      1063     2.0203500000E+005
      1064     2.0233500000E+005
      1065     2.0247500000E+005
      1066     2.0288500000E+005
      1067     2.0303000000E+005
      1068     2.0345500000E+005
      1069     2.0354000000E+005
