  nc_newport_river_core_cr4_bath    v31.06 iterative         Albemarle-Pamlico Estuar
          1       1069  0.1000000E+001        1     1 FileFmtVersion:    1050624
     2.5920000000E+005          51840
         1     2.7981526852E+000
         2     3.5059833527E+000
         3     3.2914533615E+000
         4     3.8007018566E+000
         5     3.3365404606E+000
         6     4.3933267593E+000
         7     3.6029298306E+000
         8     4.7562322617E+000
         9     4.7090539932E+000
        10     3.4372110367E+000
        11     4.9832711220E+000
        12     4.6888861656E+000
        13     3.5920758247E+000
        14     4.9319663048E+000
        15     5.0477147102E+000
        16     3.8726372719E+000
        17     4.4236822128E+000
        18     3.9253742695E+000
        19     4.2849044800E+000
        20     3.0685865879E+000
        21     4.4736614227E+000
        22     3.8529031277E+000
        23     3.8475079536E+000
        24     3.2095072269E+000
        25     4.8563408852E+000
        26     4.0004806519E+000
        27     3.8000888824E+000
        28     2.9493818283E+000
        29     4.8562302589E+000
        30     4.5629081726E+000
        31     3.9893012047E+000
        32     4.3771538734E+000
        33     4.9074358940E+000
        34     4.5029706955E+000
        35     4.2404303551E+000
        36     4.3543825150E+000
        37     5.0202374458E+000
        38     4.1809363365E+000
        39     4.2447042465E+000
        40     4.2890753746E+000
        41     2.6149373055E+000
        42     4.5502424240E+000
        43     4.0226182938E+000
        44     4.2833008766E+000
        45     5.3047676086E+000
        46     4.7532243729E+000
        47     4.3774886131E+000
        48     4.9572019577E+000
        49     3.1196794510E+000
        50     3.7179760933E+000
        51     4.8895354271E+000
        52     4.6283907890E+000
        53     4.4287567139E+000
        54     4.4014625549E+000
        55     5.5747985840E+000
        56     4.4821376801E+000
        57     5.0357203484E+000
        58     4.2501788139E+000
        59     4.4929962158E+000
        60     4.1225967407E+000
        61     4.2859768867E+000
        62     4.1067209244E+000
        63     5.1432924271E+000
        64     4.3338866234E+000
        65     4.4691085815E+000
        66     5.4991016388E+000
        67     5.5443382263E+000
        68     4.5082573891E+000
        69     5.1598200798E+000
        70     4.5601086617E+000
        71     4.8986253738E+000
        72     4.8881702423E+000
        73     4.2325963974E+000
        74     4.8073387146E+000
        75     4.5441899300E+000
        76     4.8523583412E+000
        77     4.3223843575E+000
        78     3.7092759609E+000
        79     4.7394242287E+000
        80     5.5168128014E+000
        81     3.6602125168E+000
        82     5.5983586311E+000
        83     4.8980116844E+000
        84     5.1654877663E+000
        85     5.4352555275E+000
        86     4.4047412872E+000
        87     4.4326510429E+000
        88     4.2448348999E+000
        89     4.0191111565E+000
        90     4.0453214645E+000
        91     4.3925561905E+000
        92     5.6590452194E+000
        93     5.1512622833E+000
        94     4.0974268913E+000
        95     5.4353380203E+000
        96     4.7733550072E+000
        97     5.3480157852E+000
        98     4.3955802917E+000
        99     4.4263801575E+000
       100     2.4461596012E+000
       101     4.1907119751E+000
       102     4.9865665436E+000
       103     4.4374642372E+000
       104     3.8553993702E+000
       105     4.0706019402E+000
       106     3.9741261005E+000
       107     5.4558691978E+000
       108     5.3498911858E+000
       109     4.8964853287E+000
       110     3.9389691353E+000
       111     5.4628524780E+000
       112     5.6454944611E+000
       113     5.2689247131E+000
       114     4.5390281677E+000
       115     4.6807427406E+000
       116     4.3177118301E+000
       117     4.7791862488E+000
       118     2.5858476162E+000
       119     4.8302888870E+000
       120     4.6051006317E+000
       121     5.5003414154E+000
       122     4.5687880516E+000
       123     4.5760326385E+000
       124     2.8545572758E+000
       125     3.9115855694E+000
       126     3.8320124149E+000
       127     4.1807360649E+000
       128     4.9921865463E+000
       129     4.4010486603E+000
       130     5.4795680046E+000
       131     5.4786319733E+000
       132     5.2378101349E+000
       133     4.4478554726E+000
       134     3.9663414955E+000
       135     4.8611845970E+000
       136     4.9559941292E+000
       137     4.3077154160E+000
       138     4.4131455421E+000
       139     5.4648590088E+000
       140     4.9500122070E+000
       141     4.0881872177E+000
       142     4.3608036041E+000
       143     3.6519336700E+000
       144     3.6479172707E+000
       145     4.1082315445E+000
       146     3.6278932095E+000
       147     5.5144348145E+000
       148     5.0186934471E+000
       149     5.5372052193E+000
       150     3.8297271729E+000
       151     5.2010779381E+000
       152     3.9571397305E+000
       153     5.0596599579E+000
       154     4.3544249535E+000
       155     4.1470537186E+000
       156     4.4798216820E+000
       157     5.5614781380E+000
       158     5.1543669701E+000
       159     4.3140187263E+000
       160     4.6174235344E+000
       161     4.8284897804E+000
       162     3.9535603523E+000
       163     4.2157917023E+000
       164     4.9238018990E+000
       165     5.6853389740E+000
       166     4.6276512146E+000
       167     4.8969521523E+000
       168     4.1085515022E+000
       169     4.6493482590E+000
       170     4.8535661697E+000
       171     4.2926383018E+000
       172     3.1587767601E+000
       173     4.8363242149E+000
       174     5.5071496964E+000
       175     4.9010376930E+000
       176     3.9017248154E+000
       177     3.7599694729E+000
       178     5.0355529785E+000
       179     5.5451521873E+000
       180     5.4788041115E+000
       181     5.3853883743E+000
       182     4.0662193298E+000
       183     2.1460151672E+000
       184     3.1393110752E+000
       185     4.1833076477E+000
       186     3.2763528824E+000
       187     4.6126880646E+000
       188     4.7247018814E+000
       189     4.9382996559E+000
       190     5.1843829155E+000
       191     4.0758261681E+000
       192     4.4459552765E+000
       193     4.2785563469E+000
       194     4.4621334076E+000
       195     4.9328060150E+000
       196     3.5161211491E+000
       197     3.6310350895E+000
       198     3.8694462776E+000
       199     5.1540293694E+000
       200     5.3282456398E+000
       201     4.1196026802E+000
       202     4.7034564018E+000
       203     5.3389124870E+000
       204     5.2284855843E+000
       205     5.3207249641E+000
       206     5.5678639412E+000
       207     5.5321836472E+000
       208     5.2877345085E+000
       209     2.8342545033E+000
       210     3.6871564388E+000
       211     4.7222690582E+000
       212     5.0660290718E+000
       213     4.8909602165E+000
       214     4.8097386360E+000
       215     4.6396813393E+000
       216     4.6135344505E+000
       217     4.7877907753E+000
       218     4.7941145897E+000
       219     3.6901292801E+000
       220     4.9262976646E+000
       221     3.6756830215E+000
       222     5.0412673950E+000
       223     5.2699418068E+000
       224     5.2681531906E+000
       225     5.2752742767E+000
       226     5.4690423012E+000
       227     5.4844884872E+000
       228     5.3117690086E+000
       229     4.7481069565E+000
       230     2.8614313602E+000
       231     2.8131036758E+000
       232     3.6100490093E+000
       233     2.9949049950E+000
       234     5.0556917191E+000
       235     4.4248895645E+000
       236     4.8668670654E+000
       237     5.0624666214E+000
       238     3.3306117058E+000
       239     2.7269470692E+000
       240     2.4816641808E+000
       241     4.8737463951E+000
       242     5.2785573006E+000
       243     5.0246067047E+000
       244     4.8184862137E+000
       245     3.7538480759E+000
       246     4.5150237083E+000
       247     4.8138308525E+000
       248     5.1763277054E+000
       249     5.3434848785E+000
       250     5.2081670761E+000
       251     4.9836325645E+000
       252     4.7027125359E+000
       253     3.0293784142E+000
       254     2.9541313648E+000
       255     1.8481342793E+000
       256     2.8376033306E+000
       257     2.2080273628E+000
       258     3.5353612900E+000
       259     4.3715863228E+000
       260     3.3183307648E+000
       261     5.1426801682E+000
       262     4.8141503334E+000
       263     5.1514606476E+000
       264     2.5663423538E+000
       265     3.4553451538E+000
       266     2.3522562981E+000
       267     5.1630606651E+000
       268     5.1969804764E+000
       269     3.6710770130E+000
       270     3.7954685688E+000
       271     4.1909017563E+000
       272     4.5556302071E+000
       273     4.9339728355E+000
       274     4.9719228745E+000
       275     4.9239344597E+000
       276     4.9094209671E+000
       277     2.1426966190E+000
       278     2.8468406200E+000
       279     2.3643436432E+000
       280     2.5500545502E+000
       281     3.9304275513E+000
       282     4.5899887085E+000
       283     3.3868303299E+000
       284     5.1267976761E+000
       285     5.0488166809E+000
       286     5.0513186455E+000
       287     2.8779184818E+000
       288     3.4955387115E+000
       289     2.7999751568E+000
       290     4.9159669876E+000
       291     4.2779068947E+000
       292     3.8994278908E+000
       293     3.8945989609E+000
       294     4.1252255440E+000
       295     4.0739850998E+000
       296     3.7122867107E+000
       297     4.4976191521E+000
       298     4.8834991455E+000
       299     4.9137287140E+000
       300     2.1337273121E+000
       301     2.7263917923E+000
       302     2.1844527721E+000
       303     4.2374382019E+000
       304     4.6210656166E+000
       305     3.5804398060E+000
       306     4.9046206474E+000
       307     5.0166487694E+000
       308     4.9996910095E+000
       309     2.6192483902E+000
       310     2.6754927635E+000
       311     2.3763539791E+000
       312     2.7697579861E+000
       313     4.5090837479E+000
       314     4.3520245552E+000
       315     4.0220451355E+000
       316     4.0031156540E+000
       317     3.7147703171E+000
       318     4.5672969818E+000
       319     4.2352924347E+000
       320     4.8217663765E+000
       321     2.2051842213E+000
       322     2.5279879570E+000
       323     4.2956066132E+000
       324     4.3457503319E+000
       325     3.5013544559E+000
       326     4.8004894257E+000
       327     4.9227485657E+000
       328     4.4998221397E+000
       329     2.5745096207E+000
       330     2.4615068436E+000
       331     2.6972589493E+000
       332     2.1859698296E+000
       333     3.9445841312E+000
       334     3.0298409462E+000
       335     3.1770954132E+000
       336     4.4234848022E+000
       337     4.4854445457E+000
       338     4.5068502426E+000
       339     2.8647537231E+000
       340     3.2878134251E+000
       341     4.0486412048E+000
       342     4.6961607933E+000
       343     4.8232765198E+000
       344     4.7330384254E+000
       345     4.2570981979E+000
       346     1.9823929071E+000
       347     2.3760044575E+000
       348     2.7127020359E+000
       349     3.4691741467E+000
       350     3.5545415878E+000
       351     2.7746760845E+000
       352     4.2226476669E+000
       353     3.8072018623E+000
       354     3.4968822002E+000
       355     3.7368965149E+000
       356     2.6423454285E+000
       357     2.1873211861E+000
       358     1.8471084833E+000
       359     3.9490056038E+000
       360     4.4137444496E+000
       361     4.6549563408E+000
       362     3.9759857655E+000
       363     4.6676402092E+000
       364     4.7320923805E+000
       365     4.4633164406E+000
       366     2.1614789963E+000
       367     3.1599671841E+000
       368     3.7929592133E+000
       369     4.4552345276E+000
       370     2.5014591217E+000
       371     3.3890559673E+000
       372     3.1976137161E+000
       373     2.1165499687E+000
       374     2.1366264820E+000
       375     2.3114933968E+000
       376     3.5739185810E+000
       377     2.6309931278E+000
       378     3.8621010780E+000
       379     3.3986926079E+000
       380     2.5519139767E+000
       381     1.4953811169E+000
       382     1.8830617666E+000
       383     2.2523422241E+000
       384     2.4514186382E+000
       385     2.2444493771E+000
       386     2.9311754704E+000
       387     2.0676717758E+000
       388     3.6685996056E+000
       389     4.2564077377E+000
       390     4.8843774796E+000
       391     4.7011508942E+000
       392     4.4063315392E+000
       393     4.3563485146E+000
       394     3.8645384312E+000
       395     4.1949877739E+000
       396     4.6982011795E+000
       397     5.0102300644E+000
       398     3.5356183052E+000
       399     4.0508694649E+000
       400     3.8465383053E+000
       401     2.4823286533E+000
       402     3.6981422901E+000
       403     3.0014150143E+000
       404     3.7662460804E+000
       405     3.5229136944E+000
       406     3.8187310696E+000
       407     2.3108859062E+000
       408     2.5280132294E+000
       409     2.4686655998E+000
       410     2.5645921230E+000
       411     2.2378413677E+000
       412     2.2918536663E+000
       413     2.7074704170E+000
       414     3.2697062492E+000
       415     3.7874691486E+000
       416     3.9932444096E+000
       417     4.8722271919E+000
       418     4.7543330193E+000
       419     5.0221586227E+000
       420     4.3555903435E+000
       421     4.4491295815E+000
       422     4.9889326096E+000
       423     4.2365517616E+000
       424     4.4615583420E+000
       425     4.3506526947E+000
       426     3.7311129570E+000
       427     4.7141275406E+000
       428     4.2220277786E+000
       429     3.4722013474E+000
       430     3.0759665966E+000
       431     2.3411819935E+000
       432     2.1685125828E+000
       433     1.8951826096E+000
       434     2.4619767666E+000
       435     2.7692208290E+000
       436     3.0923297405E+000
       437     2.6105489731E+000
       438     3.8897542953E+000
       439     4.2363786697E+000
       440     4.5177102089E+000
       441     3.7647814751E+000
       442     4.4555006027E+000
       443     5.0235013962E+000
       444     5.0912027359E+000
       445     4.5757236481E+000
       446     5.0043697357E+000
       447     4.5727977753E+000
       448     4.6808462143E+000
       449     4.5153517723E+000
       450     4.6841564178E+000
       451     4.9941406250E+000
       452     3.7065966129E+000
       453     3.7368736267E+000
       454     2.7239282131E+000
       455     2.7315106392E+000
       456     2.7343859673E+000
       457     2.4894924164E+000
       458     2.7578532696E+000
       459     4.1218495369E+000
       460     3.7656638622E+000
       461     3.1067371368E+000
       462     4.6917004585E+000
       463     4.6708965302E+000
       464     4.8302497864E+000
       465     4.0296792984E+000
       466     4.6659970284E+000
       467     4.9701476097E+000
       468     5.0069818497E+000
       469     4.6809358597E+000
       470     4.7400693893E+000
       471     4.7560620308E+000
       472     4.6699008942E+000
       473     5.1996765137E+000
       474     4.8772230148E+000
       475     3.7247903347E+000
       476     2.8115284443E+000
       477     3.0138638020E+000
       478     2.8034567833E+000
       479     2.9729578495E+000
       480     2.4947040081E+000
       481     2.6513020992E+000
       482     2.8365423679E+000
       483     3.0642180443E+000
       484     3.9275803566E+000
       485     4.5127658844E+000
       486     4.7973651886E+000
       487     3.5078945160E+000
       488     4.9541244507E+000
       489     5.1013360023E+000
       490     4.5184202194E+000
       491     4.9390749931E+000
       492     4.9438233376E+000
       493     4.9787006378E+000
       494     4.7897791862E+000
       495     4.7448377609E+000
       496     4.7172884941E+000
       497     4.5783061981E+000
       498     3.7282967567E+000
       499     3.3925666809E+000
       500     3.6701533794E+000
       501     2.9147541523E+000
       502     2.8803091049E+000
       503     3.1532967091E+000
       504     3.1096358299E+000
       505     3.4769365788E+000
       506     3.4182553291E+000
       507     3.2647786140E+000
       508     4.5049157143E+000
       509     4.8449997902E+000
       510     5.0187640190E+000
       511     4.3090643883E+000
       512     5.2177915573E+000
       513     5.4145293236E+000
       514     4.3965206146E+000
       515     4.8709602356E+000
       516     4.8225469589E+000
       517     4.8533654213E+000
       518     4.7909064293E+000
       519     4.6707177162E+000
       520     4.7674078941E+000
       521     3.5169897079E+000
       522     2.8689022064E+000
       523     3.2983500957E+000
       524     3.0144171715E+000
       525     3.3173789978E+000
       526     3.6248726845E+000
       527     4.1130757332E+000
       528     4.4869670868E+000
       529     3.7866442204E+000
       530     3.5864787102E+000
       531     4.8307228088E+000
       532     5.1110072136E+000
       533     5.3411865234E+000
       534     4.9594855309E+000
       535     5.4750828743E+000
       536     5.5036582947E+000
       537     5.5432701111E+000
       538     3.4463698864E+000
       539     4.4311976433E+000
       540     4.6185946465E+000
       541     5.2456398010E+000
       542     4.6796255112E+000
       543     5.4946908951E+000
       544     3.4697456360E+000
       545     3.5633895397E+000
       546     3.9487068653E+000
       547     2.9905409813E+000
       548     4.2726535797E+000
       549     5.0396237373E+000
       550     4.5920867920E+000
       551     4.6885433197E+000
       552     4.8310546875E+000
       553     5.1377229691E+000
       554     4.6845874786E+000
       555     5.2342548370E+000
       556     5.4479784966E+000
       557     5.3111038208E+000
       558     5.4976191521E+000
       559     5.5501255989E+000
       560     5.4805040359E+000
       561     3.9302175045E+000
       562     4.5238580704E+000
       563     4.6027507782E+000
       564     5.1746773720E+000
       565     5.2741413116E+000
       566     4.3301906586E+000
       567     3.3659090996E+000
       568     3.0514867306E+000
       569     3.4418509007E+000
       570     3.1761357784E+000
       571     5.2039647102E+000
       572     4.5205788612E+000
       573     5.2076935768E+000
       574     5.4858579636E+000
       575     4.9435243607E+000
       576     5.0095958710E+000
       577     5.2769179344E+000
       578     5.4588494301E+000
       579     5.3726034164E+000
       580     5.4719433784E+000
       581     5.5536308289E+000
       582     5.4458169937E+000
       583     5.5340600014E+000
       584     5.3847227097E+000
       585     4.6352496147E+000
       586     4.7978072166E+000
       587     4.8084087372E+000
       588     5.1231265068E+000
       589     4.6513409615E+000
       590     3.1743345261E+000
       591     3.2025763988E+000
       592     4.7335557938E+000
       593     4.1988739967E+000
       594     3.6557080746E+000
       595     5.6251349449E+000
       596     5.3407874107E+000
       597     5.5274806023E+000
       598     5.6435089111E+000
       599     5.5998973846E+000
       600     5.4138984680E+000
       601     5.5831069946E+000
       602     5.6264967918E+000
       603     5.5360760689E+000
       604     5.6039328575E+000
       605     5.4293570518E+000
       606     5.4801359177E+000
       607     5.5264234543E+000
       608     5.1954498291E+000
       609     4.6253561974E+000
       610     4.7698612213E+000
       611     4.9423131943E+000
       612     3.3146100044E+000
       613     3.3293857574E+000
       614     3.2889554501E+000
       615     2.9356327057E+000
       616     3.0876498222E+000
       617     3.1876680851E+000
       618     3.1368710995E+000
       619     3.9182724953E+000
       620     5.0609498024E+000
       621     4.7040143013E+000
       622     4.8838334084E+000
       623     5.6940813065E+000
       624     5.4180698395E+000
       625     5.6310763359E+000
       626     5.7355089188E+000
       627     5.6094727516E+000
       628     5.6627569199E+000
       629     5.5639996529E+000
       630     5.3370113373E+000
       631     5.4202280045E+000
       632     5.5347218513E+000
       633     5.0651102066E+000
       634     4.8075475693E+000
       635     4.8559641838E+000
       636     4.8266229630E+000
       637     3.5639989376E+000
       638     3.7103979588E+000
       639     3.9789783955E+000
       640     4.1252403259E+000
       641     3.5629758835E+000
       642     4.0659708977E+000
       643     4.4788808823E+000
       644     5.3623371124E+000
       645     5.3292303085E+000
       646     5.1376590729E+000
       647     5.7263836861E+000
       648     5.1942019463E+000
       649     5.5832023621E+000
       650     5.7424101830E+000
       651     5.6546463966E+000
       652     5.7240920067E+000
       653     5.5569200516E+000
       654     5.1869440079E+000
       655     5.3441939354E+000
       656     5.4691462517E+000
       657     4.9234056473E+000
       658     4.7678694725E+000
       659     4.3202157021E+000
       660     3.4281418324E+000
       661     4.6055960655E+000
       662     4.7346124649E+000
       663     3.5428452492E+000
       664     3.7987773418E+000
       665     3.7051365376E+000
       666     3.7681436539E+000
       667     3.6313836575E+000
       668     3.4868957996E+000
       669     4.4750351906E+000
       670     5.2232742310E+000
       671     5.4957385063E+000
       672     5.4582104683E+000
       673     5.7422571182E+000
       674     5.5455069542E+000
       675     5.7146649361E+000
       676     5.6386814117E+000
       677     5.6870417595E+000
       678     5.5957894325E+000
       679     5.0782818794E+000
       680     5.2979540825E+000
       681     5.3745880127E+000
       682     4.7843794823E+000
       683     3.5961651802E+000
       684     3.5737402439E+000
       685     4.3394908905E+000
       686     3.3623318672E+000
       687     5.2683234215E+000
       688     3.4665639400E+000
       689     3.5113649368E+000
       690     3.6015655994E+000
       691     3.8281178474E+000
       692     4.2768907547E+000
       693     3.6477768421E+000
       694     3.5357315540E+000
       695     3.4324591160E+000
       696     4.7703237534E+000
       697     5.4267954826E+000
       698     5.4663047791E+000
       699     5.3948121071E+000
       700     5.7080712318E+000
       701     5.5309634209E+000
       702     5.6023988724E+000
       703     5.6155619621E+000
       704     5.4487810135E+000
       705     5.2976756096E+000
       706     5.0273633003E+000
       707     5.2215433121E+000
       708     4.6795406342E+000
       709     2.9821348190E+000
       710     4.0459532738E+000
       711     4.0293369293E+000
       712     5.1834120750E+000
       713     4.9142870903E+000
       714     3.6656837463E+000
       715     3.7895855904E+000
       716     3.5255296230E+000
       717     3.8011305332E+000
       718     3.5708129406E+000
       719     3.8938171864E+000
       720     3.5321135521E+000
       721     3.6244482994E+000
       722     4.2984642982E+000
       723     3.6497476101E+000
       724     3.4438092709E+000
       725     4.8849253654E+000
       726     5.2472519875E+000
       727     5.3685560226E+000
       728     5.2279386520E+000
       729     5.4138269424E+000
       730     5.1730008125E+000
       731     5.4280958176E+000
       732     5.1891121864E+000
       733     5.2453269958E+000
       734     5.0371594429E+000
       735     4.8496050835E+000
       736     4.2855024338E+000
       737     5.0758328438E+000
       738     4.3467125893E+000
       739     3.9381859303E+000
       740     4.3208632469E+000
       741     4.1232600212E+000
       742     3.7447578907E+000
       743     3.7714633942E+000
       744     4.0158262253E+000
       745     4.4813065529E+000
       746     3.9138116837E+000
       747     3.9202485085E+000
       748     4.8636608124E+000
       749     5.0898537636E+000
       750     5.0931520462E+000
       751     4.9160170555E+000
       752     4.8431253433E+000
       753     4.6535501480E+000
       754     4.1902132034E+000
       755     5.0153789520E+000
       756     3.7247719765E+000
       757     3.7930715084E+000
       758     3.4719748497E+000
       759     4.8218050003E+000
       760     3.6590704918E+000
       761     4.0444340706E+000
       762     4.5300593376E+000
       763     4.3880720139E+000
       764     5.0022659302E+000
       765     4.8809857368E+000
       766     4.7541446686E+000
       767     4.5706553459E+000
       768     4.3856129646E+000
       769     3.6940035820E+000
       770     4.8508763313E+000
       771     3.8006274700E+000
       772     3.9193711281E+000
       773     3.5898759365E+000
       774     3.4940123558E+000
       775     3.5848686695E+000
       776     5.0188279152E+000
       777     3.9752781391E+000
       778     4.5751976967E+000
       779     4.7863469124E+000
       780     4.9336237907E+000
       781     4.7693943977E+000
       782     4.5643882751E+000
       783     4.2078499794E+000
       784     3.4966955185E+000
       785     3.0649530888E+000
       786     4.9015989304E+000
       787     3.7210056782E+000
       788     3.5506560802E+000
       789     3.4661602974E+000
       790     2.5639193058E+000
       791     3.7186655998E+000
       792     4.8249998093E+000
       793     4.2740416527E+000
       794     4.7080359459E+000
       795     4.8156833649E+000
       796     4.6296620369E+000
       797     4.0984234810E+000
       798     3.4767391682E+000
       799     2.7535629272E+000
       800     3.1602191925E+000
       801     4.5982403755E+000
       802     3.2275724411E+000
       803     2.4840924740E+000
       804     4.1633105278E+000
       805     4.2004246712E+000
       806     4.2881031036E+000
       807     4.8500208855E+000
       808     4.7641882896E+000
       809     4.5127401352E+000
       810     4.0538163185E+000
       811     3.4277515411E+000
       812     4.1728405952E+000
       813     3.0656025410E+000
       814     2.6289815903E+000
       815     4.5620288849E+000
       816     4.4127264023E+000
       817     4.6124119759E+000
       818     4.4139113426E+000
       819     4.1768813133E+000
       820     4.5489492416E+000
       821     4.0640029907E+000
       822     3.0041551590E+000
       823     3.4237976074E+000
       824     3.4741117954E+000
       825     3.9666929245E+000
       826     4.5755567551E+000
       827     4.4572439194E+000
       828     4.1404204369E+000
       829     4.3034815788E+000
       830     4.1619734764E+000
       831     2.8232531548E+000
       832     3.8014001846E+000
       833     3.8176515102E+000
       834     4.0200567245E+000
       835     4.3444504738E+000
       836     4.2250728607E+000
       837     4.2729725838E+000
       838     4.1942734718E+000
       839     2.8822965622E+000
       840     3.8677575588E+000
       841     3.0637457371E+000
       842     3.4263026714E+000
       843     3.8422191143E+000
       844     4.4729561806E+000
       845     3.9176397324E+000
       846     4.3484668732E+000
       847     3.9407718182E+000
       848     3.2146413326E+000
       849     3.6955766678E+000
       850     3.1445262432E+000
       851     3.2969481945E+000
       852     3.7428491116E+000
       853     4.2881073952E+000
       854     4.1371226311E+000
       855     3.9670364857E+000
       856     3.1332674026E+000
       857     4.0600943565E+000
       858     4.1805148125E+000
       859     3.8151364326E+000
       860     3.1557970047E+000
       861     4.2869963646E+000
       862     4.1758551598E+000
       863     4.2597465515E+000
       864     2.5400803089E+000
       865     4.2829566002E+000
       866     4.0610218048E+000
       867     3.8342726231E+000
       868     3.2616610527E+000
       869     3.4960737228E+000
       870     3.2156100273E+000
       871     4.4583907127E+000
       872     3.4156260490E+000
       873     3.3251328468E+000
       874     4.7189736366E+000
       875     4.6102838516E+000
       876     3.1110570431E+000
       877     3.9874799252E+000
       878     2.5378932953E+000
       879     4.3724150658E+000
       880     4.9771761894E+000
       881     3.7055540085E+000
       882     3.8050718307E+000
       883     3.4201595783E+000
       884     3.2210497856E+000
       885     5.0126075745E+000
       886     3.0405523777E+000
       887     4.1683034897E+000
       888     5.1638684273E+000
       889     3.3763940334E+000
       890     3.4194643497E+000
       891     4.5628304482E+000
       892     4.9130325317E+000
       893     3.4350640774E+000
       894     3.3766880035E+000
       895     5.1285214424E+000
       896     4.2147674561E+000
       897     5.4171752930E+000
       898     5.2579827309E+000
       899     3.9071061611E+000
       900     3.2664074898E+000
       901     3.2152895927E+000
       902     4.6019058228E+000
       903     5.3611435890E+000
       904     5.1155710220E+000
       905     3.5516901016E+000
       906     3.4820532799E+000
       907     3.9358897209E+000
       908     3.2730493546E+000
       909     5.1569375992E+000
       910     4.4101796150E+000
       911     5.3855509758E+000
       912     5.2819995880E+000
       913     4.0739951134E+000
       914     4.0739059448E+000
       915     4.4289841652E+000
       916     5.1001734734E+000
       917     5.4371514320E+000
       918     3.9823091030E+000
       919     3.4533400536E+000
       920     3.6757249832E+000
       921     3.9572601318E+000
       922     5.1023292542E+000
       923     5.1954126358E+000
       924     5.4643068314E+000
       925     3.9009187222E+000
       926     3.8812351227E+000
       927     3.3754000664E+000
       928     4.9094643593E+000
       929     5.4415788651E+000
       930     4.5755753517E+000
       931     3.6073660851E+000
       932     3.5320293903E+000
       933     3.3371276855E+000
       934     3.1069576740E+000
       935     2.8290023804E+000
       936     5.0243697166E+000
       937     5.2279601097E+000
       938     5.4248304367E+000
       939     4.5571055412E+000
       940     3.4543988705E+000
       941     3.4617660046E+000
       942     3.6578726768E+000
       943     5.3638620377E+000
       944     4.0771007538E+000
       945     4.1097297668E+000
       946     3.5811665058E+000
       947     4.0904183388E+000
       948     4.9373884201E+000
       949     5.1645445824E+000
       950     5.3208355904E+000
       951     5.4688992500E+000
       952     5.0645189285E+000
       953     3.8014080524E+000
       954     3.2259488106E+000
       955     2.5536656380E+000
       956     3.1442401409E+000
       957     5.4292016029E+000
       958     4.1254734993E+000
       959     3.3502221107E+000
       960     4.5695776939E+000
       961     5.1628174782E+000
       962     5.3943395615E+000
       963     5.1996293068E+000
       964     4.0305266380E+000
       965     2.9861345291E+000
       966     5.4267439842E+000
       967     3.6532495022E+000
       968     4.8717308044E+000
       969     4.7204666138E+000
       970     4.6317405701E+000
       971     2.4675529003E+000
       972     4.9502015114E+000
       973     3.5380635262E+000
       974     3.2003929615E+000
       975     4.5441031456E+000
       976     4.7906827927E+000
       977     4.7944860458E+000
       978     3.6601510048E+000
       979     2.9310281277E+000
       980     5.0218348503E+000
       981     3.6637582779E+000
       982     3.4199759960E+000
       983     3.7495548725E+000
       984     4.6376738548E+000
       985     4.9211602211E+000
       986     4.7779984474E+000
       987     3.5514049530E+000
       988     2.9532985687E+000
       989     5.1143956184E+000
       990     4.0419502258E+000
       991     2.8191752434E+000
       992     4.1871666908E+000
       993     3.9544858932E+000
       994     4.7343149185E+000
       995     4.4716868401E+000
       996     5.1345105171E+000
       997     3.2998700142E+000
       998     3.1786270142E+000
       999     4.5073609352E+000
      1000     3.9639432430E+000
      1001     3.6635301113E+000
      1002     5.1029324532E+000
      1003     5.1205668449E+000
      1004     5.1865873337E+000
      1005     5.0388345718E+000
      1006     3.3896832466E+000
      1007     4.0235905647E+000
      1008     4.8024158478E+000
      1009     3.7522988319E+000
      1010     4.9336113930E+000
      1011     5.3368625641E+000
      1012     5.4082269669E+000
      1013     5.3212804794E+000
      1014     3.3436260223E+000
      1015     4.4806637764E+000
      1016     3.6547267437E+000
      1017     5.3534693718E+000
      1018     5.4344182014E+000
      1019     5.5714740753E+000
      1020     5.3449492455E+000
      1021     4.8836574554E+000
      1022     4.3653793335E+000
      1023     5.6233739853E+000
      1024     5.5009784698E+000
      1025     5.4664697647E+000
      1026     5.6403198242E+000
      1027     4.7785391808E+000
      1028     4.8320441246E+000
      1029     5.5078687668E+000
      1030     5.6896963120E+000
      1031     4.7974905968E+000
      1032     4.4462575912E+000
      1033     5.6548318863E+000
      1034     4.9205212593E+000
      1035     4.5263524055E+000
      1036     4.3951940536E+000
      1037     4.9888586998E+000
      1038     4.9744338989E+000
      1039     4.3546371460E+000
      1040     3.9724338055E+000
      1041     5.7930459976E+000
      1042     5.1419415474E+000
      1043     5.5277132988E+000
      1044     4.2311253548E+000
      1045     4.9240303040E+000
      1046     5.3630318642E+000
      1047     5.7329726219E+000
      1048     5.6078557968E+000
      1049     5.8538584709E+000
      1050     3.9687736034E+000
      1051     5.8937721252E+000
      1052     5.8570885658E+000
      1053     5.1782479286E+000
      1054     5.6697902679E+000
      1055     3.6511640549E+000
      1056     5.2804555893E+000
      1057     4.6997299194E+000
      1058     4.5409960747E+000
      1059     3.6907997131E+000
      1060     4.9231786728E+000
      1061     3.6608855724E+000
      1062     5.1733436584E+000
      1063     3.7902896404E+000
      1064     4.2208747864E+000
      1065     4.0226478577E+000
      1066     4.8843193054E+000
      1067     4.0645933151E+000
      1068     3.4634552002E+000
      1069     3.2791635990E+000
