  nc_newport_river_core_cr4_bath    v31.06 iterative         Albemarle-Pamlico Estuar
          1       1069  0.1000000E+001        1     1 FileFmtVersion:    1050624
     2.5920000000E+005          51840
         1     3.1186337471E+000
         2     4.4155006409E+000
         3     4.4158592224E+000
         4     4.7601070404E+000
         5     4.7009491920E+000
         6     4.4820423126E+000
         7     4.3420538902E+000
         8     5.0448484421E+000
         9     4.9776926041E+000
        10     4.1170730591E+000
        11     5.2383852005E+000
        12     4.8164591789E+000
        13     4.0171709061E+000
        14     5.3514776230E+000
        15     5.3634586334E+000
        16     4.4569330215E+000
        17     4.6998333931E+000
        18     4.7584252357E+000
        19     4.7533507347E+000
        20     3.5249855518E+000
        21     4.7790846825E+000
        22     4.8819260597E+000
        23     4.5418195724E+000
        24     3.5637323856E+000
        25     5.1863183975E+000
        26     5.0776734352E+000
        27     4.4981217384E+000
        28     3.2608807087E+000
        29     5.1878643036E+000
        30     5.1071152687E+000
        31     4.7839689255E+000
        32     4.7683906555E+000
        33     5.2422394753E+000
        34     4.6668763161E+000
        35     4.8511242867E+000
        36     4.8581748009E+000
        37     5.2171730995E+000
        38     5.1675643921E+000
        39     6.1716804504E+000
        40     4.7672252655E+000
        41     2.9059247971E+000
        42     4.7675113678E+000
        43     4.2988181114E+000
        44     5.0014252663E+000
        45     6.4520668983E+000
        46     6.2735090256E+000
        47     5.5127482414E+000
        48     5.2471857071E+000
        49     3.2208580971E+000
        50     4.0050086975E+000
        51     5.0806827545E+000
        52     5.0366425514E+000
        53     4.9103994370E+000
        54     6.3179993629E+000
        55     6.3530144691E+000
        56     6.2934741974E+000
        57     5.2731881142E+000
        58     5.5645837784E+000
        59     5.4897737503E+000
        60     4.2946009636E+000
        61     3.3975276947E+000
        62     2.8410367966E+000
        63     4.8824057579E+000
        64     4.5014662743E+000
        65     5.6739220619E+000
        66     6.1526370049E+000
        67     6.3263635635E+000
        68     6.2886734009E+000
        69     5.6346416473E+000
        70     5.7288489342E+000
        71     5.9352498055E+000
        72     4.6249084473E+000
        73     3.1523652077E+000
        74     4.2904038429E+000
        75     4.6744589806E+000
        76     5.0039525032E+000
        77     4.3569612503E+000
        78     3.9142227173E+000
        79     4.8296170235E+000
        80     6.0021419525E+000
        81     5.9782180786E+000
        82     6.2534852028E+000
        83     6.1203250885E+000
        84     5.8430900574E+000
        85     6.0493941307E+000
        86     5.7103443146E+000
        87     5.6994376183E+000
        88     4.3074436188E+000
        89     4.0276408195E+000
        90     3.8407709599E+000
        91     4.4301023483E+000
        92     5.9771909714E+000
        93     5.6034045219E+000
        94     5.3642420769E+000
        95     6.2603645325E+000
        96     6.2882447243E+000
        97     5.9492440224E+000
        98     5.6746754646E+000
        99     5.9307713509E+000
       100     2.8960881233E+000
       101     4.2621703148E+000
       102     6.1778397560E+000
       103     4.5606765747E+000
       104     6.2868332863E+000
       105     4.2559561729E+000
       106     4.5774121284E+000
       107     5.9122018814E+000
       108     5.6494927406E+000
       109     5.1313915253E+000
       110     4.7236285210E+000
       111     6.3127546310E+000
       112     6.2524299622E+000
       113     6.0640711784E+000
       114     6.0520448685E+000
       115     5.9187607765E+000
       116     4.6191315651E+000
       117     5.6005916595E+000
       118     3.0774824619E+000
       119     5.1320905685E+000
       120     4.9070959091E+000
       121     6.1919660568E+000
       122     5.4645857811E+000
       123     6.2058830261E+000
       124     3.3946802616E+000
       125     3.8373548985E+000
       126     4.0886120796E+000
       127     4.5643224716E+000
       128     5.4011840820E+000
       129     5.0917639732E+000
       130     6.1471319199E+000
       131     6.3022828102E+000
       132     5.9853401184E+000
       133     5.8961300850E+000
       134     5.4879341125E+000
       135     5.9405241013E+000
       136     5.7030773163E+000
       137     4.0152359009E+000
       138     4.9414439201E+000
       139     6.1760315895E+000
       140     5.5749349594E+000
       141     4.5948891640E+000
       142     4.7272720337E+000
       143     3.9341564178E+000
       144     3.8603968620E+000
       145     4.7545542717E+000
       146     3.5410473347E+000
       147     6.2676720619E+000
       148     6.2377548218E+000
       149     6.3206305504E+000
       150     6.1902055740E+000
       151     5.8806915283E+000
       152     5.7184929848E+000
       153     5.8175277710E+000
       154     5.5625529289E+000
       155     5.2109298706E+000
       156     5.6644592285E+000
       157     6.2058057785E+000
       158     5.7381663322E+000
       159     4.7784271240E+000
       160     4.7947058678E+000
       161     4.7755742073E+000
       162     4.2737417221E+000
       163     6.2139391899E+000
       164     6.2477164268E+000
       165     6.2701244354E+000
       166     6.2610487938E+000
       167     5.7698926926E+000
       168     5.7769660950E+000
       169     5.8098764420E+000
       170     5.9287748337E+000
       171     5.7664103508E+000
       172     3.8142375946E+000
       173     5.7825646400E+000
       174     6.1153612137E+000
       175     5.5773673058E+000
       176     6.0588746071E+000
       177     6.1507797241E+000
       178     6.1340026855E+000
       179     6.2297730446E+000
       180     6.1306996346E+000
       181     6.1671228409E+000
       182     6.0125732422E+000
       183     2.3604798317E+000
       184     5.8164920807E+000
       185     5.7845745087E+000
       186     4.5221557617E+000
       187     5.7296710014E+000
       188     5.8277902603E+000
       189     5.8674983978E+000
       190     5.8608818054E+000
       191     5.7740669250E+000
       192     5.7836241722E+000
       193     5.9352693558E+000
       194     4.3250412941E+000
       195     5.8205618858E+000
       196     4.0486412048E+000
       197     3.5036690235E+000
       198     4.0454602242E+000
       199     5.9574928284E+000
       200     5.8913736343E+000
       201     5.8332586288E+000
       202     6.0119218826E+000
       203     5.9227485657E+000
       204     5.9858384132E+000
       205     6.1387338638E+000
       206     6.1192064285E+000
       207     6.0622305870E+000
       208     5.8119754791E+000
       209     2.6244282722E+000
       210     5.7739348412E+000
       211     5.7370252609E+000
       212     5.5723752975E+000
       213     5.7497019768E+000
       214     5.7390527725E+000
       215     5.8975868225E+000
       216     5.8820328712E+000
       217     5.7438631058E+000
       218     5.7766041756E+000
       219     3.6462905407E+000
       220     5.7295670509E+000
       221     3.7353067398E+000
       222     5.7437696457E+000
       223     5.8876500130E+000
       224     5.8893861771E+000
       225     5.8741269112E+000
       226     5.9223880768E+000
       227     5.9291505814E+000
       228     5.7752494812E+000
       229     5.7151961327E+000
       230     2.7955377102E+000
       231     2.8325088024E+000
       232     5.7780227661E+000
       233     2.9688396454E+000
       234     5.5620203018E+000
       235     5.8799495697E+000
       236     5.8866405487E+000
       237     5.9030075073E+000
       238     3.5135536194E+000
       239     2.6019387245E+000
       240     2.5569162369E+000
       241     5.8077535629E+000
       242     5.8104515076E+000
       243     5.8283534050E+000
       244     5.6710252762E+000
       245     4.1598815918E+000
       246     5.3604035378E+000
       247     5.6545562744E+000
       248     5.7678160667E+000
       249     5.7941269875E+000
       250     5.6915550232E+000
       251     5.7541837692E+000
       252     5.7554469109E+000
       253     2.9549438953E+000
       254     3.1293036938E+000
       255     2.3809998035E+000
       256     3.4782996178E+000
       257     3.5375964642E+000
       258     5.7701797485E+000
       259     5.7660684586E+000
       260     3.4020152092E+000
       261     6.1370954514E+000
       262     6.1226134300E+000
       263     6.1912112236E+000
       264     3.7180216312E+000
       265     3.2370641232E+000
       266     2.6992235184E+000
       267     5.7169690132E+000
       268     5.7211632729E+000
       269     4.6494002342E+000
       270     4.7799930573E+000
       271     5.2025680542E+000
       272     5.4376854897E+000
       273     5.5272264481E+000
       274     5.6897368431E+000
       275     5.6672534943E+000
       276     5.6541380882E+000
       277     2.8786916733E+000
       278     3.2130715847E+000
       279     3.1671540737E+000
       280     3.2276813984E+000
       281     5.8757209778E+000
       282     6.0988616943E+000
       283     6.0145292282E+000
       284     6.1264457703E+000
       285     6.1588916779E+000
       286     6.0651049614E+000
       287     3.3711135387E+000
       288     2.9446289539E+000
       289     3.0725736618E+000
       290     5.5004253387E+000
       291     5.3676309586E+000
       292     4.3529510498E+000
       293     4.7403082848E+000
       294     5.1016187668E+000
       295     3.9770121574E+000
       296     4.4759759903E+000
       297     5.1992940903E+000
       298     5.8287272453E+000
       299     5.4871859550E+000
       300     2.7230083942E+000
       301     6.0520086288E+000
       302     2.8161845207E+000
       303     6.0648827553E+000
       304     6.1650719643E+000
       305     6.1250462532E+000
       306     5.9854135513E+000
       307     6.1357607841E+000
       308     6.1633186340E+000
       309     3.3106255531E+000
       310     2.4970729351E+000
       311     3.1031351089E+000
       312     3.1978523731E+000
       313     5.3225450516E+000
       314     5.1079716682E+000
       315     4.2994875908E+000
       316     4.6896390915E+000
       317     4.2504458427E+000
       318     5.2717108727E+000
       319     5.7252750397E+000
       320     5.8864269257E+000
       321     2.6286962032E+000
       322     6.1588702202E+000
       323     6.1275405884E+000
       324     6.1964569092E+000
       325     6.2184538841E+000
       326     6.0484619141E+000
       327     6.2505869865E+000
       328     6.2028179169E+000
       329     2.7686991692E+000
       330     2.7953188419E+000
       331     3.2376770973E+000
       332     2.3600544930E+000
       333     5.0775122643E+000
       334     4.7460999489E+000
       335     3.7252705097E+000
       336     5.0871739388E+000
       337     5.1586227417E+000
       338     5.3695473671E+000
       339     6.0550985336E+000
       340     6.1525955200E+000
       341     5.9845986366E+000
       342     5.3009548187E+000
       343     6.2114391327E+000
       344     6.3193287849E+000
       345     6.2195672989E+000
       346     2.4749586582E+000
       347     3.1532711983E+000
       348     2.9058878422E+000
       349     4.3491234779E+000
       350     4.5195841789E+000
       351     2.8795635700E+000
       352     4.7367892265E+000
       353     4.6961841583E+000
       354     3.8017385006E+000
       355     3.7632622719E+000
       356     2.3452532291E+000
       357     2.4545907974E+000
       358     2.0493164062E+000
       359     4.6520094872E+000
       360     5.7056331635E+000
       361     5.8098845482E+000
       362     6.1756973267E+000
       363     6.0547647476E+000
       364     6.3231077194E+000
       365     6.3769631386E+000
       366     2.2887606621E+000
       367     5.0368781090E+000
       368     5.0484662056E+000
       369     5.7479362488E+000
       370     5.2574119568E+000
       371     5.3118000031E+000
       372     5.5277843475E+000
       373     2.2188994884E+000
       374     2.0362551212E+000
       375     2.1157529354E+000
       376     5.5460705757E+000
       377     5.6576123238E+000
       378     4.4628844261E+000
       379     4.1975903511E+000
       380     2.4962773323E+000
       381     2.7018721104E+000
       382     2.4199728966E+000
       383     2.6504099369E+000
       384     2.4667305946E+000
       385     2.7839667797E+000
       386     2.9847631454E+000
       387     1.8953956366E+000
       388     4.2302284241E+000
       389     5.8239603043E+000
       390     5.8650765419E+000
       391     6.0229473114E+000
       392     6.2325949669E+000
       393     6.4067697525E+000
       394     5.2701916695E+000
       395     5.3913908005E+000
       396     5.6706380844E+000
       397     5.8451042175E+000
       398     5.3615746498E+000
       399     5.5400023460E+000
       400     5.1955938339E+000
       401     5.7639083862E+000
       402     5.4160475731E+000
       403     5.7134103775E+000
       404     5.6824865341E+000
       405     4.0457534790E+000
       406     4.3229699135E+000
       407     2.4481358528E+000
       408     2.6879122257E+000
       409     2.7605473995E+000
       410     2.9487595558E+000
       411     2.3762495518E+000
       412     2.1051800251E+000
       413     5.7774477005E+000
       414     5.7585010529E+000
       415     4.2077403069E+000
       416     5.6689534187E+000
       417     6.0169744492E+000
       418     6.1133327484E+000
       419     5.9102091789E+000
       420     5.6509075165E+000
       421     5.6723518372E+000
       422     5.8186349869E+000
       423     5.4893283844E+000
       424     5.7377266884E+000
       425     5.5464119911E+000
       426     5.7265639305E+000
       427     5.7316627502E+000
       428     5.7250847816E+000
       429     3.6602284908E+000
       430     3.4909071922E+000
       431     2.8967447281E+000
       432     2.5399186611E+000
       433     1.8108817339E+000
       434     2.6238858700E+000
       435     5.7646412849E+000
       436     5.7584156990E+000
       437     2.9465734959E+000
       438     5.7948160172E+000
       439     5.7741770744E+000
       440     5.7003412247E+000
       441     5.6562228203E+000
       442     5.9782247543E+000
       443     5.9267673492E+000
       444     5.8106870651E+000
       445     5.7839879990E+000
       446     5.7700204849E+000
       447     5.7329607010E+000
       448     5.8618354797E+000
       449     5.8137917519E+000
       450     5.7195363045E+000
       451     5.7748703957E+000
       452     3.6905348301E+000
       453     3.8122782707E+000
       454     3.0724306107E+000
       455     3.1305344105E+000
       456     3.0691678524E+000
       457     2.9266054630E+000
       458     5.7284197807E+000
       459     5.6766452789E+000
       460     5.8034009933E+000
       461     5.8112792969E+000
       462     5.7015180588E+000
       463     5.6918473244E+000
       464     5.7310051918E+000
       465     5.6438364983E+000
       466     5.9487648010E+000
       467     5.8343472481E+000
       468     5.7809329033E+000
       469     5.8636579514E+000
       470     5.9230189323E+000
       471     5.9298639297E+000
       472     6.0297245979E+000
       473     5.8578739166E+000
       474     5.7753529549E+000
       475     5.5569801331E+000
       476     2.0926156044E+000
       477     3.2885024548E+000
       478     3.2353365421E+000
       479     3.3948297501E+000
       480     3.1319205761E+000
       481     3.8708164692E+000
       482     3.4233772755E+000
       483     3.3988254070E+000
       484     5.8217082024E+000
       485     5.8240170479E+000
       486     5.7949104309E+000
       487     5.9231624603E+000
       488     5.8248958588E+000
       489     5.8975734711E+000
       490     5.7393879890E+000
       491     5.7592744827E+000
       492     5.7525753975E+000
       493     5.7372431755E+000
       494     6.0535421371E+000
       495     5.9480271339E+000
       496     6.1024355888E+000
       497     6.0047602654E+000
       498     5.3873558044E+000
       499     3.0633141994E+000
       500     3.5017819405E+000
       501     3.3395774364E+000
       502     3.2196533680E+000
       503     3.4709444046E+000
       504     5.8695082664E+000
       505     3.9213144779E+000
       506     3.9404125214E+000
       507     3.7836999893E+000
       508     5.9139308929E+000
       509     5.8143806458E+000
       510     5.9480524063E+000
       511     6.0073413849E+000
       512     5.9637575150E+000
       513     5.9211668968E+000
       514     5.3437318802E+000
       515     5.6505732536E+000
       516     5.7046847343E+000
       517     5.6779007912E+000
       518     6.0955204964E+000
       519     5.9503588676E+000
       520     6.1337513924E+000
       521     3.2012257576E+000
       522     2.5141203403E+000
       523     3.5576176643E+000
       524     3.0877985954E+000
       525     3.2741622925E+000
       526     3.7042732239E+000
       527     5.7610621452E+000
       528     5.8082203865E+000
       529     5.7414922714E+000
       530     3.6439197063E+000
       531     5.8425817490E+000
       532     6.0128469467E+000
       533     5.9859676361E+000
       534     5.8928570747E+000
       535     5.9838323593E+000
       536     5.9426369667E+000
       537     5.9087486267E+000
       538     5.3308258057E+000
       539     5.6433343887E+000
       540     5.6773858070E+000
       541     5.6927986145E+000
       542     6.0032277107E+000
       543     5.8538947105E+000
       544     3.3020634651E+000
       545     5.1054563522E+000
       546     6.0165157318E+000
       547     2.9315855503E+000
       548     6.1478614807E+000
       549     6.1439838409E+000
       550     5.5982074738E+000
       551     5.7717270851E+000
       552     5.8473172188E+000
       553     5.9429059029E+000
       554     5.8889150620E+000
       555     5.9934530258E+000
       556     6.0323848724E+000
       557     6.0165843964E+000
       558     5.9454798698E+000
       559     5.9962482452E+000
       560     5.9055433273E+000
       561     5.6781139374E+000
       562     5.6383948326E+000
       563     5.4925112724E+000
       564     5.6947965622E+000
       565     5.7916460037E+000
       566     4.9201807976E+000
       567     5.0817937851E+000
       568     2.9508218765E+000
       569     6.1564421654E+000
       570     3.1237912178E+000
       571     6.1663565636E+000
       572     6.2468442917E+000
       573     6.2372527122E+000
       574     6.2151908875E+000
       575     6.0133175850E+000
       576     6.0227684975E+000
       577     6.0841112137E+000
       578     6.1033124924E+000
       579     6.1529932022E+000
       580     6.0391058922E+000
       581     6.0794816017E+000
       582     5.9489431381E+000
       583     6.0255341530E+000
       584     5.8288979530E+000
       585     5.5696902275E+000
       586     5.5914936066E+000
       587     5.6511445045E+000
       588     5.6678338051E+000
       589     4.8872361183E+000
       590     2.3978400230E+000
       591     3.1282267570E+000
       592     6.2319827080E+000
       593     6.1602816582E+000
       594     6.2513127327E+000
       595     6.2195019722E+000
       596     6.1734991074E+000
       597     6.2624554634E+000
       598     6.2566599846E+000
       599     6.1132864952E+000
       600     5.9307141304E+000
       601     6.1321482658E+000
       602     6.1724195480E+000
       603     6.0734529495E+000
       604     6.1204719543E+000
       605     5.8414053917E+000
       606     5.9040102959E+000
       607     6.0005121231E+000
       608     5.6791434288E+000
       609     5.2578792572E+000
       610     5.6490373611E+000
       611     5.3763909340E+000
       612     5.3600463867E+000
       613     5.0551700592E+000
       614     3.2274291515E+000
       615     3.0674850941E+000
       616     5.9034733772E+000
       617     5.6420674324E+000
       618     5.6153368950E+000
       619     6.1640934944E+000
       620     6.3340072632E+000
       621     6.3084955215E+000
       622     6.2108697891E+000
       623     6.2455406189E+000
       624     6.2770004272E+000
       625     6.2548246384E+000
       626     6.2409195900E+000
       627     6.1705031395E+000
       628     6.1978669167E+000
       629     6.1118845940E+000
       630     5.7509336472E+000
       631     5.8722662926E+000
       632     5.9573974609E+000
       633     5.5337691307E+000
       634     5.2263731956E+000
       635     5.2416973114E+000
       636     4.8990235329E+000
       637     5.0961365700E+000
       638     6.1401238441E+000
       639     6.0101504326E+000
       640     5.7171301842E+000
       641     3.3848898411E+000
       642     5.6618008614E+000
       643     6.2131147385E+000
       644     6.2704801559E+000
       645     6.2072768211E+000
       646     6.2351503372E+000
       647     6.2322196960E+000
       648     6.1305398941E+000
       649     6.2977466583E+000
       650     6.2484307289E+000
       651     6.1729478836E+000
       652     6.1914415359E+000
       653     6.0577678680E+000
       654     5.6170592308E+000
       655     5.7349214554E+000
       656     5.8588542938E+000
       657     5.3058447838E+000
       658     5.1268596649E+000
       659     5.0302424431E+000
       660     5.0450348854E+000
       661     6.1147584915E+000
       662     5.6980323792E+000
       663     3.4905598164E+000
       664     5.7230906487E+000
       665     3.8226768970E+000
       666     3.9607989788E+000
       667     3.7725176811E+000
       668     3.5830481052E+000
       669     5.8094239235E+000
       670     6.1235790253E+000
       671     6.1981539726E+000
       672     6.1422181129E+000
       673     6.2295761108E+000
       674     6.1929564476E+000
       675     6.2217822075E+000
       676     6.1355738640E+000
       677     6.1698298454E+000
       678     5.9505863190E+000
       679     5.5650987625E+000
       680     5.7038655281E+000
       681     5.7932753563E+000
       682     5.2240333557E+000
       683     2.8873815536E+000
       684     3.7346394062E+000
       685     4.9766292572E+000
       686     4.7503590584E+000
       687     5.8127217293E+000
       688     3.6048943996E+000
       689     3.6401507854E+000
       690     3.7178034782E+000
       691     3.6224687099E+000
       692     5.6314105988E+000
       693     3.6365847588E+000
       694     3.6016085148E+000
       695     3.6093144417E+000
       696     5.7943811417E+000
       697     5.9533324242E+000
       698     6.1769890785E+000
       699     6.0681786537E+000
       700     6.1413064003E+000
       701     6.1426548958E+000
       702     6.0517072678E+000
       703     6.0486478806E+000
       704     5.8989377022E+000
       705     5.7900533676E+000
       706     5.5321125984E+000
       707     5.6915206909E+000
       708     5.2576885223E+000
       709     2.5466821194E+000
       710     4.6349487305E+000
       711     5.2752490044E+000
       712     5.8159065247E+000
       713     3.3368201256E+000
       714     4.1051177979E+000
       715     4.5365304947E+000
       716     4.4690256119E+000
       717     4.1881160736E+000
       718     3.5455837250E+000
       719     4.0373816490E+000
       720     3.8696329594E+000
       721     5.6382102966E+000
       722     5.7029552460E+000
       723     3.4703459740E+000
       724     3.4105541706E+000
       725     5.7303724289E+000
       726     5.8633065224E+000
       727     6.0469822884E+000
       728     5.8592958450E+000
       729     6.0416359901E+000
       730     5.9239144325E+000
       731     5.8980398178E+000
       732     5.9677371979E+000
       733     5.7786211967E+000
       734     5.6828012466E+000
       735     5.5330567360E+000
       736     5.1900138855E+000
       737     5.7510695457E+000
       738     3.6243727207E+000
       739     4.6929636002E+000
       740     3.6675763130E+000
       741     4.3536028862E+000
       742     3.7869420052E+000
       743     3.9101839066E+000
       744     5.5127472878E+000
       745     5.6427893639E+000
       746     5.3034214973E+000
       747     5.1201643944E+000
       748     5.6696925163E+000
       749     5.7034959793E+000
       750     5.6506934166E+000
       751     5.5926408768E+000
       752     5.7820672989E+000
       753     5.7301368713E+000
       754     5.6744608879E+000
       755     5.6218581200E+000
       756     3.6397018433E+000
       757     3.9116618633E+000
       758     3.7901122570E+000
       759     5.5641579628E+000
       760     3.6202101707E+000
       761     5.0276284218E+000
       762     5.4598116875E+000
       763     5.1978135109E+000
       764     5.5563173294E+000
       765     5.4966597557E+000
       766     5.3760690689E+000
       767     5.2108650208E+000
       768     5.2072019577E+000
       769     5.7788701057E+000
       770     5.4118118286E+000
       771     3.7583231926E+000
       772     3.9708757401E+000
       773     3.7662563324E+000
       774     3.6298673153E+000
       775     3.5978920460E+000
       776     5.3934636116E+000
       777     5.0814208984E+000
       778     5.1143283844E+000
       779     5.2923107147E+000
       780     5.3903937340E+000
       781     5.2334733009E+000
       782     5.0429754257E+000
       783     4.6779756546E+000
       784     3.6575276852E+000
       785     2.8246138096E+000
       786     5.2604923248E+000
       787     3.8978857994E+000
       788     3.7982184887E+000
       789     3.4912004471E+000
       790     3.2832951546E+000
       791     4.9851069450E+000
       792     5.3221750259E+000
       793     5.1889624596E+000
       794     5.2433309555E+000
       795     5.2593417168E+000
       796     4.9699029922E+000
       797     4.6314830780E+000
       798     3.9235563278E+000
       799     2.2513420582E+000
       800     3.4445064068E+000
       801     5.0804419518E+000
       802     3.3531727791E+000
       803     3.4125764370E+000
       804     4.6870665550E+000
       805     4.7475290298E+000
       806     5.1816124916E+000
       807     5.2342824936E+000
       808     5.2299489975E+000
       809     5.0150761604E+000
       810     4.5535097122E+000
       811     3.5717520714E+000
       812     4.5756468773E+000
       813     3.2533793449E+000
       814     3.4390635490E+000
       815     4.9508285522E+000
       816     4.7942152023E+000
       817     5.0954275131E+000
       818     4.7479796410E+000
       819     4.6653709412E+000
       820     4.9623131752E+000
       821     4.3595857620E+000
       822     3.2927918434E+000
       823     3.5825924873E+000
       824     3.8291869164E+000
       825     4.5816221237E+000
       826     4.7770209312E+000
       827     4.8051648140E+000
       828     4.7340078354E+000
       829     4.6659770012E+000
       830     4.5959782600E+000
       831     4.5774817467E+000
       832     3.9697251320E+000
       833     4.0528903008E+000
       834     4.2636280060E+000
       835     4.6594986916E+000
       836     4.6181807518E+000
       837     4.7027058601E+000
       838     4.6647133827E+000
       839     3.9624631405E+000
       840     4.4964718819E+000
       841     3.1723303795E+000
       842     3.1702775955E+000
       843     4.5351085663E+000
       844     4.6296472549E+000
       845     4.3454236984E+000
       846     4.4670419693E+000
       847     4.2702465057E+000
       848     4.7986407280E+000
       849     4.2256441116E+000
       850     3.2489912510E+000
       851     2.9042148590E+000
       852     4.3986682892E+000
       853     4.5068774223E+000
       854     4.4833703041E+000
       855     4.3827695847E+000
       856     3.8162324429E+000
       857     4.4465756416E+000
       858     4.3885922432E+000
       859     4.1698126793E+000
       860     2.9402251244E+000
       861     5.3261442184E+000
       862     4.3457260132E+000
       863     5.2568702698E+000
       864     2.4737157822E+000
       865     5.1761913300E+000
       866     4.3736858368E+000
       867     4.0498375893E+000
       868     3.5160923004E+000
       869     3.8199293613E+000
       870     3.4568769932E+000
       871     5.5847382545E+000
       872     3.7458500862E+000
       873     3.3428664207E+000
       874     5.6349401474E+000
       875     5.4447674751E+000
       876     3.4309444427E+000
       877     4.2312784195E+000
       878     3.3635852337E+000
       879     5.8402109146E+000
       880     5.7299799919E+000
       881     3.9390876293E+000
       882     3.8171617985E+000
       883     3.7825443745E+000
       884     2.9259772301E+000
       885     5.6747565269E+000
       886     3.5413644314E+000
       887     5.9445753098E+000
       888     5.8193945885E+000
       889     3.5870974064E+000
       890     3.1276972294E+000
       891     5.9102377892E+000
       892     5.8101677895E+000
       893     3.8513572216E+000
       894     3.1891763210E+000
       895     5.7694077492E+000
       896     5.7778983116E+000
       897     5.8726806641E+000
       898     5.8724102974E+000
       899     5.5241413116E+000
       900     3.3581640720E+000
       901     2.9131515026E+000
       902     5.0902190208E+000
       903     5.9173240662E+000
       904     5.6602396965E+000
       905     3.8447949886E+000
       906     3.3993108273E+000
       907     3.8671476841E+000
       908     3.8405928612E+000
       909     5.7738180161E+000
       910     5.8176550865E+000
       911     5.9612479210E+000
       912     5.8270401955E+000
       913     5.8142375946E+000
       914     4.2411441803E+000
       915     4.7233266830E+000
       916     5.7814059258E+000
       917     5.8786163330E+000
       918     5.6638970375E+000
       919     3.8843395710E+000
       920     3.6772387028E+000
       921     3.9301474094E+000
       922     5.7626342773E+000
       923     5.8603072166E+000
       924     5.8502502441E+000
       925     5.7648491859E+000
       926     4.1521105766E+000
       927     3.4852523804E+000
       928     5.7008161545E+000
       929     5.8429489136E+000
       930     5.3021245003E+000
       931     4.8144359589E+000
       932     4.2178707123E+000
       933     3.7869501114E+000
       934     2.5461599827E+000
       935     2.8521325588E+000
       936     5.6490592957E+000
       937     5.8105564117E+000
       938     5.8428292274E+000
       939     5.6485300064E+000
       940     5.7463388443E+000
       941     3.9213981628E+000
       942     3.5556764603E+000
       943     5.7986292839E+000
       944     4.6028356552E+000
       945     4.2540388107E+000
       946     3.1178488731E+000
       947     4.7890086174E+000
       948     5.6845560074E+000
       949     5.7586936951E+000
       950     5.8199753761E+000
       951     5.8025550842E+000
       952     5.6854400635E+000
       953     4.0046386719E+000
       954     3.3831703663E+000
       955     2.4118013382E+000
       956     2.8606619835E+000
       957     5.8052959442E+000
       958     5.1358342171E+000
       959     4.0808291435E+000
       960     5.5544948578E+000
       961     5.7658920288E+000
       962     5.7931470871E+000
       963     5.6722126007E+000
       964     5.6554279327E+000
       965     2.4722547531E+000
       966     5.7774167061E+000
       967     5.0771098137E+000
       968     5.6395797729E+000
       969     5.7581839561E+000
       970     5.2367877960E+000
       971     5.0831680298E+000
       972     5.4931154251E+000
       973     3.8890511990E+000
       974     4.9854373932E+000
       975     5.2912225723E+000
       976     5.5669088364E+000
       977     5.5153837204E+000
       978     4.3200430870E+000
       979     5.3481435776E+000
       980     5.6233668327E+000
       981     3.5832934380E+000
       982     5.0363488197E+000
       983     4.2389388084E+000
       984     5.5118298531E+000
       985     5.6343812943E+000
       986     5.5824575424E+000
       987     3.4851515293E+000
       988     5.6697926521E+000
       989     5.7014045715E+000
       990     5.5156359673E+000
       991     5.6759428978E+000
       992     4.5211911201E+000
       993     4.2836313248E+000
       994     5.5770692825E+000
       995     5.6190485954E+000
       996     5.7319936752E+000
       997     5.7279543877E+000
       998     5.6813039780E+000
       999     4.5718607903E+000
      1000     4.2910408974E+000
      1001     5.5750122070E+000
      1002     5.7057228088E+000
      1003     5.7868752480E+000
      1004     5.8142037392E+000
      1005     5.7673945427E+000
      1006     5.7424507141E+000
      1007     4.6574802399E+000
      1008     4.9872312546E+000
      1009     3.7190368176E+000
      1010     5.7761683464E+000
      1011     5.8702664375E+000
      1012     6.0270729065E+000
      1013     5.8089861870E+000
      1014     6.0598917007E+000
      1015     5.6593918800E+000
      1016     6.7396998405E+000
      1017     6.0958876610E+000
      1018     6.0570888519E+000
      1019     6.0709071159E+000
      1020     5.9195170403E+000
      1021     6.2451004982E+000
      1022     6.0943493843E+000
      1023     6.1772441864E+000
      1024     6.1978983879E+000
      1025     6.0661287308E+000
      1026     6.2792797089E+000
      1027     6.1809253693E+000
      1028     6.1124768257E+000
      1029     6.2136454582E+000
      1030     6.2900104523E+000
      1031     6.3188090324E+000
      1032     6.3005089760E+000
      1033     6.3758001328E+000
      1034     6.3270044327E+000
      1035     6.4126973152E+000
      1036     6.4598774910E+000
      1037     4.5022902489E+000
      1038     6.0322551727E+000
      1039     4.8645310402E+000
      1040     4.0297288895E+000
      1041     6.1919980049E+000
      1042     6.2806830406E+000
      1043     5.7937836647E+000
      1044     5.1420054436E+000
      1045     6.2089033127E+000
      1046     5.9641728401E+000
      1047     6.1182136536E+000
      1048     6.0736374855E+000
      1049     6.2351865768E+000
      1050     4.7733583450E+000
      1051     6.2370738983E+000
      1052     6.2072615623E+000
      1053     5.4649996758E+000
      1054     5.8465647697E+000
      1055     4.0392680168E+000
      1056     5.9831547737E+000
      1057     5.9763035774E+000
      1058     5.5907754898E+000
      1059     4.8350567818E+000
      1060     5.3898258209E+000
      1061     4.7320389748E+000
      1062     5.5011720657E+000
      1063     4.6880617142E+000
      1064     4.8112492561E+000
      1065     4.9810600281E+000
      1066     5.1454939842E+000
      1067     4.8261137009E+000
      1068     3.8272550106E+000
      1069     3.6922919750E+000
