  nc_newport_river_core_cr4_bath    v31.06 iterative         Albemarle-Pamlico Estuar
          1       1069  0.1000000E+001        1     1 FileFmtVersion:    1050624
     2.5920000000E+005          51840
         1     2.5587651730E+000
         2     3.0538897514E+000
         3     2.7109799385E+000
         4     3.3229150772E+000
         5     2.7760062218E+000
         6     3.7475178242E+000
         7     3.1666047573E+000
         8     4.0174121857E+000
         9     4.0565943718E+000
        10     2.9305579662E+000
        11     4.2508411407E+000
        12     4.0606017113E+000
        13     3.1221511364E+000
        14     4.2280616760E+000
        15     4.4335412979E+000
        16     3.3286180496E+000
        17     3.7871041298E+000
        18     3.3858292103E+000
        19     3.7079386711E+000
        20     2.7870821953E+000
        21     3.8570249081E+000
        22     3.3399710655E+000
        23     3.1590454578E+000
        24     2.8147275448E+000
        25     4.1509180069E+000
        26     3.2834191322E+000
        27     3.0346918106E+000
        28     2.4856443405E+000
        29     4.1176967621E+000
        30     4.1158108711E+000
        31     3.2014627457E+000
        32     3.8920698166E+000
        33     4.2345161438E+000
        34     3.9441790581E+000
        35     3.5096824169E+000
        36     3.8870077133E+000
        37     4.3218688965E+000
        38     3.5533146858E+000
        39     3.2936534882E+000
        40     3.5033168793E+000
        41     2.3504414558E+000
        42     3.7685666084E+000
        43     3.6501572132E+000
        44     3.7559802532E+000
        45     4.1865348816E+000
        46     3.7157428265E+000
        47     3.7039074898E+000
        48     4.1766891479E+000
        49     2.5812678337E+000
        50     3.3130688667E+000
        51     4.0737180710E+000
        52     4.0677809715E+000
        53     3.7830498219E+000
        54     3.0895168781E+000
        55     4.8155798912E+000
        56     3.1802587509E+000
        57     4.4028806686E+000
        58     3.3957540989E+000
        59     3.6441950798E+000
        60     3.4519650936E+000
        61     3.0864684582E+000
        62     2.8237426281E+000
        63     4.5067372322E+000
        64     3.4954481125E+000
        65     3.9067935944E+000
        66     4.7973980904E+000
        67     4.7860102654E+000
        68     2.9857437611E+000
        69     4.2607727051E+000
        70     3.9569878578E+000
        71     3.6925640106E+000
        72     4.0966205597E+000
        73     3.1653392315E+000
        74     4.0679092407E+000
        75     3.9490692616E+000
        76     4.0627131462E+000
        77     3.5624217987E+000
        78     3.3494937420E+000
        79     4.1256632805E+000
        80     4.8630313873E+000
        81     2.3707349300E+000
        82     4.8152470589E+000
        83     3.8749938011E+000
        84     4.4888935089E+000
        85     4.7330174446E+000
        86     3.6923511028E+000
        87     3.4944753647E+000
        88     3.3622057438E+000
        89     3.0624158382E+000
        90     3.0589823723E+000
        91     3.7556920052E+000
        92     5.0324001312E+000
        93     4.5189652443E+000
        94     3.3754694462E+000
        95     4.5973443985E+000
        96     3.3369910717E+000
        97     4.6963734627E+000
        98     3.8352866173E+000
        99     3.3579816818E+000
       100     1.9874476194E+000
       101     3.3412117958E+000
       102     3.3657453060E+000
       103     3.5669157505E+000
       104     2.4454140663E+000
       105     3.3694057465E+000
       106     3.4478240013E+000
       107     4.8057765961E+000
       108     4.7792506218E+000
       109     4.3370242119E+000
       110     3.1303157806E+000
       111     4.6812710762E+000
       112     4.8945746422E+000
       113     4.5661616325E+000
       114     3.6925134659E+000
       115     3.6803841591E+000
       116     3.6700394154E+000
       117     3.6391837597E+000
       118     2.2083647251E+000
       119     4.1122212410E+000
       120     3.8908507824E+000
       121     4.6941814423E+000
       122     3.3820919991E+000
       123     3.1085503101E+000
       124     2.5162494183E+000
       125     3.0029380322E+000
       126     2.9195737839E+000
       127     3.2531445026E+000
       128     4.3806004524E+000
       129     3.3128683567E+000
       130     4.7896943092E+000
       131     4.6790037155E+000
       132     4.5292763710E+000
       133     3.2975397110E+000
       134     3.0330696106E+000
       135     3.8978166580E+000
       136     4.2547268867E+000
       137     3.5503466129E+000
       138     3.4104900360E+000
       139     4.6744699478E+000
       140     4.0619421005E+000
       141     3.2643427849E+000
       142     3.4659712315E+000
       143     2.9502062798E+000
       144     3.1789317131E+000
       145     3.0088038445E+000
       146     2.5697534084E+000
       147     4.7200374603E+000
       148     4.1367974281E+000
       149     4.7758488655E+000
       150     2.5859701633E+000
       151     4.5144019127E+000
       152     2.9227695465E+000
       153     4.3616642952E+000
       154     3.7648208141E+000
       155     2.9966132641E+000
       156     3.4427950382E+000
       157     4.7955107689E+000
       158     4.3529253006E+000
       159     3.4760630131E+000
       160     3.9650714397E+000
       161     4.1816878319E+000
       162     3.3952355385E+000
       163     2.9524924755E+000
       164     3.9200828075E+000
       165     4.9809856415E+000
       166     3.3130071163E+000
       167     4.1855854988E+000
       168     3.0307877064E+000
       169     3.1327431202E+000
       170     4.1115932465E+000
       171     3.5325798988E+000
       172     2.7765500546E+000
       173     3.7811999321E+000
       174     4.7672176361E+000
       175     4.1394100189E+000
       176     2.5185565948E+000
       177     2.2951934338E+000
       178     4.0687789917E+000
       179     4.8441061974E+000
       180     4.7601995468E+000
       181     4.5997190475E+000
       182     2.7009150982E+000
       183     1.8014084101E+000
       184     2.0365095139E+000
       185     3.0151140690E+000
       186     2.3402087688E+000
       187     3.7200572491E+000
       188     3.9044449329E+000
       189     4.2019438744E+000
       190     4.2278299332E+000
       191     2.7495241165E+000
       192     3.2164807320E+000
       193     2.9932465553E+000
       194     3.6966376305E+000
       195     4.1468052864E+000
       196     2.9113883972E+000
       197     2.7448141575E+000
       198     3.3109695911E+000
       199     4.2606081963E+000
       200     4.5759515762E+000
       201     2.9809401035E+000
       202     3.6765167713E+000
       203     4.5824122429E+000
       204     4.4777526855E+000
       205     4.5408349037E+000
       206     4.9037175179E+000
       207     4.8666210175E+000
       208     4.6511154175E+000
       209     1.9674201012E+000
       210     2.3723421097E+000
       211     4.0962491035E+000
       212     4.4805355072E+000
       213     4.3628563881E+000
       214     4.0371904373E+000
       215     3.6671843529E+000
       216     3.6364083290E+000
       217     4.0088720322E+000
       218     3.8791620731E+000
       219     2.7389316559E+000
       220     4.2125506401E+000
       221     3.1723165512E+000
       222     4.3109798431E+000
       223     4.5115213394E+000
       224     4.5243873596E+000
       225     4.5372233391E+000
       226     4.8217229843E+000
       227     4.8351144791E+000
       228     4.7088570595E+000
       229     3.9478297234E+000
       230     2.0217330456E+000
       231     1.9837529659E+000
       232     2.6258180141E+000
       233     2.2200138569E+000
       234     4.4504151344E+000
       235     3.4968252182E+000
       236     4.2103190422E+000
       237     4.5324263573E+000
       238     2.9966330528E+000
       239     2.3264229298E+000
       240     2.1622977257E+000
       241     4.0525541306E+000
       242     4.5723190308E+000
       243     4.2730998993E+000
       244     4.1380496025E+000
       245     3.2806832790E+000
       246     3.7783756256E+000
       247     4.0460624695E+000
       248     4.4332237244E+000
       249     4.7130646706E+000
       250     4.5978527069E+000
       251     4.2898182869E+000
       252     3.8181204796E+000
       253     2.4867112637E+000
       254     2.1846156120E+000
       255     1.4150317907E+000
       256     2.1644823551E+000
       257     1.3625757694E+000
       258     2.4818813801E+000
       259     3.6238586903E+000
       260     2.4671845436E+000
       261     4.6083874702E+000
       262     3.9813015461E+000
       263     4.5679898262E+000
       264     1.7155051231E+000
       265     3.2476007938E+000
       266     1.8462930918E+000
       267     4.4741969109E+000
       268     4.5141730309E+000
       269     2.8127686977E+000
       270     2.8976976871E+000
       271     3.2923123837E+000
       272     3.7383954525E+000
       273     4.3179159164E+000
       274     4.2992997169E+000
       275     4.2576136589E+000
       276     4.2351775169E+000
       277     1.4377003908E+000
       278     1.9847931862E+000
       279     1.7200108767E+000
       280     1.8419642448E+000
       281     2.8739762306E+000
       282     3.7824971676E+000
       283     2.2956430912E+000
       284     4.5797185898E+000
       285     4.4272618294E+000
       286     4.5159668922E+000
       287     2.3021023273E+000
       288     2.6698391438E+000
       289     2.3409967422E+000
       290     4.2452473640E+000
       291     3.3316242695E+000
       292     2.9543089867E+000
       293     3.0116126537E+000
       294     3.2598690987E+000
       295     3.1573405266E+000
       296     3.1669523716E+000
       297     3.7559981346E+000
       298     4.3563947678E+000
       299     4.2504439354E+000
       300     1.4932670593E+000
       301     1.8339352608E+000
       302     1.4158588648E+000
       303     3.3632028103E+000
       304     3.6804060936E+000
       305     2.4624173641E+000
       306     4.3606157303E+000
       307     4.3888406754E+000
       308     4.4245753288E+000
       309     1.9712620974E+000
       310     1.8444622755E+000
       311     1.6214690208E+000
       312     2.2822246552E+000
       313     3.7433080673E+000
       314     3.6236598492E+000
       315     3.1724188328E+000
       316     3.2357118130E+000
       317     3.0275201797E+000
       318     3.8723955154E+000
       319     3.3540010452E+000
       320     4.2761363983E+000
       321     1.5519398451E+000
       322     1.4849407673E+000
       323     3.5376565456E+000
       324     3.1464979649E+000
       325     2.3304288387E+000
       326     4.2370977402E+000
       327     4.3311419487E+000
       328     3.5046172142E+000
       329     1.9472935200E+000
       330     1.7799367905E+000
       331     2.1028916836E+000
       332     1.3831722736E+000
       333     3.0032832623E+000
       334     1.9775059223E+000
       335     2.2795372009E+000
       336     3.7285926342E+000
       337     3.7920246124E+000
       338     3.7007248402E+000
       339     1.9577345848E+000
       340     1.9642264843E+000
       341     3.0793616772E+000
       342     4.0544915199E+000
       343     4.2412180901E+000
       344     4.0578474998E+000
       345     3.4316470623E+000
       346     1.3243024349E+000
       347     1.7177138329E+000
       348     1.8535133600E+000
       349     2.7030537128E+000
       350     2.8603475094E+000
       351     2.0830965042E+000
       352     3.5126016140E+000
       353     2.8914189339E+000
       354     2.5878221989E+000
       355     3.1556932926E+000
       356     2.1313831806E+000
       357     1.6741303205E+000
       358     1.3449578285E+000
       359     3.1718611717E+000
       360     3.8025507927E+000
       361     3.9836397171E+000
       362     3.2175862789E+000
       363     4.0758752823E+000
       364     4.0693783760E+000
       365     3.7110764980E+000
       366     1.3839550018E+000
       367     2.1149039268E+000
       368     3.1564152241E+000
       369     3.7828140259E+000
       370     1.5353997946E+000
       371     2.3137092590E+000
       372     1.7652549744E+000
       373     1.6426149607E+000
       374     1.4472661018E+000
       375     1.6074961424E+000
       376     2.1152427197E+000
       377     1.6423187256E+000
       378     3.1544446945E+000
       379     2.4365179539E+000
       380     2.2392694950E+000
       381     1.0319585800E+000
       382     1.5304130316E+000
       383     1.8232359886E+000
       384     2.1649677753E+000
       385     1.6848222017E+000
       386     2.5116009712E+000
       387     1.3294750452E+000
       388     2.8453869820E+000
       389     3.5156333447E+000
       390     4.2956404686E+000
       391     3.9269349575E+000
       392     3.6402974129E+000
       393     3.5091290474E+000
       394     3.1989562511E+000
       395     3.6419682503E+000
       396     4.1378450394E+000
       397     4.4772944450E+000
       398     2.7885704041E+000
       399     3.3917896748E+000
       400     3.1653728485E+000
       401     1.5286138058E+000
       402     2.8154551983E+000
       403     1.9805848598E+000
       404     2.6006362438E+000
       405     2.7092781067E+000
       406     3.2537205219E+000
       407     1.8490682840E+000
       408     2.1109881401E+000
       409     1.9587393999E+000
       410     2.1589293480E+000
       411     1.8952772617E+000
       412     1.4554897547E+000
       413     1.7211656570E+000
       414     2.1193923950E+000
       415     2.9664030075E+000
       416     3.0612637997E+000
       417     4.1939816475E+000
       418     3.9336569309E+000
       419     4.4433736801E+000
       420     3.7942013741E+000
       421     3.9280829430E+000
       422     4.4512944221E+000
       423     3.6521675587E+000
       424     3.8919525146E+000
       425     3.7602336407E+000
       426     2.7489628792E+000
       427     4.0389709473E+000
       428     3.3441319466E+000
       429     2.5680284500E+000
       430     2.1176276207E+000
       431     1.7499614954E+000
       432     1.5935913324E+000
       433     1.5342049599E+000
       434     1.8795092106E+000
       435     1.7679313421E+000
       436     1.8967033625E+000
       437     2.1754622459E+000
       438     2.7879021168E+000
       439     3.2743752003E+000
       440     3.8827373981E+000
       441     2.8008139133E+000
       442     3.5181090832E+000
       443     4.4014911652E+000
       444     4.5559349060E+000
       445     4.0539369583E+000
       446     4.4791011810E+000
       447     4.0163502693E+000
       448     4.1497712135E+000
       449     3.8989708424E+000
       450     4.0836629868E+000
       451     4.4189786911E+000
       452     2.8110229969E+000
       453     2.9792075157E+000
       454     2.2103586197E+000
       455     2.2296469212E+000
       456     2.3425843716E+000
       457     2.1129908562E+000
       458     1.9455233812E+000
       459     3.3449721336E+000
       460     2.5862886906E+000
       461     2.2220220566E+000
       462     4.0847535133E+000
       463     4.0894656181E+000
       464     4.2782835960E+000
       465     3.0238273144E+000
       466     3.8016564846E+000
       467     4.3557357788E+000
       468     4.4511656761E+000
       469     4.1514902115E+000
       470     4.1851835251E+000
       471     4.2243785858E+000
       472     4.0470433235E+000
       473     4.6443881989E+000
       474     4.3141379356E+000
       475     2.7095055580E+000
       476     1.6422947645E+000
       477     2.5229024887E+000
       478     2.2586505413E+000
       479     2.5939903259E+000
       480     1.9900228977E+000
       481     1.9721919298E+000
       482     2.4107739925E+000
       483     2.7667629719E+000
       484     3.0107681751E+000
       485     3.6798765659E+000
       486     4.1907558441E+000
       487     2.2966601849E+000
       488     4.3549761772E+000
       489     4.5260553360E+000
       490     3.6130733490E+000
       491     4.3157591820E+000
       492     4.3476872444E+000
       493     4.4313888550E+000
       494     4.2369275093E+000
       495     4.2027215958E+000
       496     4.1174130440E+000
       497     3.9370810986E+000
       498     2.6063098907E+000
       499     2.4416797161E+000
       500     2.8524620533E+000
       501     2.3627533913E+000
       502     2.2109885216E+000
       503     2.6979990005E+000
       504     2.2454407215E+000
       505     3.1025156975E+000
       506     2.9444625378E+000
       507     2.7680919170E+000
       508     3.6533467770E+000
       509     4.2480621338E+000
       510     4.4064502716E+000
       511     3.3072884083E+000
       512     4.6472311020E+000
       513     4.9044947624E+000
       514     3.3393003941E+000
       515     4.1914834976E+000
       516     4.2223052979E+000
       517     4.2844157219E+000
       518     4.2290339470E+000
       519     4.0978608131E+000
       520     4.1803488731E+000
       521     2.6003735065E+000
       522     1.8285020590E+000
       523     2.6956303120E+000
       524     2.3674988747E+000
       525     2.5272665024E+000
       526     2.9147768021E+000
       527     3.3627002239E+000
       528     3.7975747585E+000
       529     2.7265770435E+000
       530     2.8828198910E+000
       531     4.2202892303E+000
       532     4.4994053841E+000
       533     4.8014230728E+000
       534     4.3733315468E+000
       535     4.9805970192E+000
       536     5.0190038681E+000
       537     5.0739440918E+000
       538     2.2135291100E+000
       539     3.6755218506E+000
       540     3.9505002499E+000
       541     4.7745361328E+000
       542     4.0997104645E+000
       543     5.0302429199E+000
       544     2.5469970703E+000
       545     2.2293343544E+000
       546     2.6818666458E+000
       547     2.2312080860E+000
       548     2.9445171356E+000
       549     4.2415704727E+000
       550     4.0138211250E+000
       551     4.0709271431E+000
       552     4.2231869698E+000
       553     4.5890221596E+000
       554     3.9224448204E+000
       555     4.6815528870E+000
       556     4.9301099777E+000
       557     4.7924499512E+000
       558     5.0161752701E+000
       559     5.0710449219E+000
       560     4.9988751411E+000
       561     2.8323853016E+000
       562     3.7898569107E+000
       563     3.8969542980E+000
       564     4.6851305962E+000
       565     4.7887678146E+000
       566     3.4904181957E+000
       567     1.9430310726E+000
       568     2.2723200321E+000
       569     2.5098009109E+000
       570     2.3271090984E+000
       571     4.5814480782E+000
       572     3.0234129429E+000
       573     4.4740576744E+000
       574     4.9012751579E+000
       575     4.3208250999E+000
       576     4.4087791443E+000
       577     4.7110009193E+000
       578     4.9392609596E+000
       579     4.8117542267E+000
       580     4.9769234657E+000
       581     5.0588541031E+000
       582     4.9539284706E+000
       583     5.0519771576E+000
       584     4.9036321640E+000
       585     3.8526189327E+000
       586     4.1308360100E+000
       587     4.1677789688E+000
       588     4.6487860680E+000
       589     3.8642506599E+000
       590     2.0666451454E+000
       591     2.4333622456E+000
       592     3.3745276928E+000
       593     3.2743985653E+000
       594     2.5670387745E+000
       595     5.0850524902E+000
       596     4.6958031654E+000
       597     4.9051070213E+000
       598     5.0746021271E+000
       599     5.1078057289E+000
       600     4.8892421722E+000
       601     5.0829491615E+000
       602     5.1161050797E+000
       603     5.0465030670E+000
       604     5.1115703583E+000
       605     4.9508857727E+000
       606     5.0010232925E+000
       607     5.0426878929E+000
       608     4.7437086105E+000
       609     3.8172731400E+000
       610     4.0883779526E+000
       611     4.5142655373E+000
       612     2.0183441639E+000
       613     2.0403511524E+000
       614     2.5611898899E+000
       615     2.3203816414E+000
       616     2.3762900829E+000
       617     2.4630475044E+000
       618     2.4789299965E+000
       619     2.7875874043E+000
       620     3.9249391556E+000
       621     3.4405391216E+000
       622     3.9099521637E+000
       623     5.1689448357E+000
       624     4.7621593475E+000
       625     5.0430831909E+000
       626     5.1927795410E+000
       627     5.1077752113E+000
       628     5.1595335007E+000
       629     5.0705204010E+000
       630     4.8726191521E+000
       631     4.9413781166E+000
       632     5.0485849380E+000
       633     4.6187062263E+000
       634     4.0417733192E+000
       635     4.1531939507E+000
       636     4.0832266808E+000
       637     2.4414842129E+000
       638     2.8003692627E+000
       639     3.1538798809E+000
       640     3.2330067158E+000
       641     2.8037333488E+000
       642     3.1487767696E+000
       643     3.3281917572E+000
       644     4.6870007515E+000
       645     4.6741738319E+000
       646     4.3258991241E+000
       647     5.2046208382E+000
       648     4.6041312218E+000
       649     4.9220490456E+000
       650     5.2055702209E+000
       651     5.1551780701E+000
       652     5.2213358879E+000
       653     5.0630269051E+000
       654     4.7386274338E+000
       655     4.8844347000E+000
       656     4.9880723953E+000
       657     4.4956641197E+000
       658     4.0383524895E+000
       659     3.4854774475E+000
       660     2.2212617397E+000
       661     3.6227135658E+000
       662     3.9681036472E+000
       663     2.8546609879E+000
       664     2.8918681145E+000
       665     3.1089980602E+000
       666     3.2471597195E+000
       667     3.0434257984E+000
       668     2.8862876892E+000
       669     3.4837229252E+000
       670     4.5289325714E+000
       671     4.9199876785E+000
       672     4.8738679886E+000
       673     5.2138910294E+000
       674     4.9664583206E+000
       675     5.1382212639E+000
       676     5.1342926025E+000
       677     5.1717095375E+000
       678     5.1090116501E+000
       679     4.6303701401E+000
       680     4.8372011185E+000
       681     4.8927416801E+000
       682     4.3526144028E+000
       683     2.4725251198E+000
       684     3.0188333988E+000
       685     3.5526535511E+000
       686     2.1359243393E+000
       687     4.6187086105E+000
       688     2.8546767235E+000
       689     2.9220142365E+000
       690     2.9542148113E+000
       691     3.0890419483E+000
       692     3.4343001842E+000
       693     3.0843825340E+000
       694     2.9335010052E+000
       695     2.8404569626E+000
       696     3.8568794727E+000
       697     4.8652267456E+000
       698     4.8765096664E+000
       699     4.8103265762E+000
       700     5.1701931953E+000
       701     4.9519233704E+000
       702     5.1005382538E+000
       703     5.0825352669E+000
       704     4.9512715340E+000
       705     4.7928576469E+000
       706     4.5687766075E+000
       707     4.7390108109E+000
       708     4.2089743614E+000
       709     1.9140998125E+000
       710     3.2132446766E+000
       711     3.2919352055E+000
       712     4.5552825928E+000
       713     4.4133172035E+000
       714     2.9958217144E+000
       715     2.9731950760E+000
       716     2.9095776081E+000
       717     3.1902005672E+000
       718     2.9420378208E+000
       719     3.2797772884E+000
       720     2.8734743595E+000
       721     2.7011306286E+000
       722     3.3084218502E+000
       723     2.8855230808E+000
       724     2.6849043369E+000
       725     4.1179952621E+000
       726     4.6778831482E+000
       727     4.7965559959E+000
       728     4.6605825424E+000
       729     4.7895736694E+000
       730     4.5714139938E+000
       731     4.8841061592E+000
       732     4.4759216309E+000
       733     4.6878738403E+000
       734     4.5195131302E+000
       735     4.3383879662E+000
       736     3.5566318035E+000
       737     4.4870672226E+000
       738     3.5939776897E+000
       739     3.2655248642E+000
       740     3.9145371914E+000
       741     3.7262854576E+000
       742     3.0802040100E+000
       743     3.1454288960E+000
       744     3.1343300343E+000
       745     3.5779008865E+000
       746     2.9951119423E+000
       747     3.1173276901E+000
       748     4.1802573204E+000
       749     4.5260639191E+000
       750     4.5466456413E+000
       751     4.3532004356E+000
       752     4.0772719383E+000
       753     3.8519649506E+000
       754     3.2396745682E+000
       755     4.4777369499E+000
       756     3.1383368969E+000
       757     3.1915009022E+000
       758     2.8177371025E+000
       759     4.1373190880E+000
       760     2.9394154549E+000
       761     3.2558093071E+000
       762     3.7364580631E+000
       763     3.6215817928E+000
       764     4.4572315216E+000
       765     4.3306331635E+000
       766     4.2145090103E+000
       767     4.0412869453E+000
       768     3.7773256302E+000
       769     2.8331656456E+000
       770     4.3383860588E+000
       771     3.2977452278E+000
       772     3.4326660633E+000
       773     2.9885807037E+000
       774     2.9183692932E+000
       775     2.9218630791E+000
       776     4.4480466843E+000
       777     3.1636357307E+000
       778     3.9109854698E+000
       779     4.1482543945E+000
       780     4.4288163185E+000
       781     4.2596459389E+000
       782     4.0665316582E+000
       783     3.7130205631E+000
       784     2.8432326317E+000
       785     2.2961621284E+000
       786     4.4231686592E+000
       787     3.0849466324E+000
       788     2.8979415894E+000
       789     2.8546528816E+000
       790     2.1978132725E+000
       791     2.9457511902E+000
       792     4.2801494598E+000
       793     3.4485127926E+000
       794     4.0704879761E+000
       795     4.3306112289E+000
       796     4.1643548012E+000
       797     3.6068627834E+000
       798     2.9418492317E+000
       799     1.8084419966E+000
       800     2.7767884731E+000
       801     4.1037497520E+000
       802     2.7656230927E+000
       803     2.1425464153E+000
       804     3.4536044598E+000
       805     3.6686718464E+000
       806     3.4499855042E+000
       807     4.3928790092E+000
       808     4.2376441956E+000
       809     4.0411539078E+000
       810     3.5422649384E+000
       811     2.9756393433E+000
       812     3.6986584663E+000
       813     2.5897066593E+000
       814     2.2658989429E+000
       815     4.0007719994E+000
       816     3.8679027557E+000
       817     4.1102676392E+000
       818     3.9507617950E+000
       819     3.4760313034E+000
       820     4.0934739113E+000
       821     3.6448407173E+000
       822     2.5238466263E+000
       823     2.9086966515E+000
       824     2.9139420986E+000
       825     3.3253226280E+000
       826     4.1269025803E+000
       827     4.0104055405E+000
       828     3.5853199959E+000
       829     3.8760926723E+000
       830     3.7250282764E+000
       831     1.9940311909E+000
       832     3.2893900871E+000
       833     3.3503029346E+000
       834     3.5254449844E+000
       835     3.8880569935E+000
       836     3.7836201191E+000
       837     3.8502411842E+000
       838     3.7645664215E+000
       839     1.9265280962E+000
       840     3.1569674015E+000
       841     2.5965795517E+000
       842     2.5963613987E+000
       843     3.1211485863E+000
       844     4.0146274567E+000
       845     3.2809836864E+000
       846     3.9628715515E+000
       847     3.5318868160E+000
       848     2.3680255413E+000
       849     2.9857704639E+000
       850     2.6809790134E+000
       851     2.5154812336E+000
       852     2.6785180569E+000
       853     3.7473299503E+000
       854     3.5133059025E+000
       855     3.4956505299E+000
       856     2.4273433685E+000
       857     3.3666210175E+000
       858     3.5814418793E+000
       859     3.3569409847E+000
       860     2.3548803329E+000
       861     3.5344643593E+000
       862     3.7794730663E+000
       863     3.5343315601E+000
       864     1.6885116100E+000
       865     3.5890622139E+000
       866     3.3933970928E+000
       867     3.1350860596E+000
       868     2.6660068035E+000
       869     3.0371389389E+000
       870     2.8924801350E+000
       871     3.7075285912E+000
       872     3.0206630230E+000
       873     2.5320942402E+000
       874     3.9886970520E+000
       875     4.0046434402E+000
       876     2.2161507607E+000
       877     3.3447222710E+000
       878     2.1313471794E+000
       879     3.2579388618E+000
       880     4.2695722580E+000
       881     3.2513716221E+000
       882     3.0914933681E+000
       883     3.0622794628E+000
       884     2.2788856030E+000
       885     4.4045977592E+000
       886     2.4401566982E+000
       887     2.9512264729E+000
       888     4.5303282738E+000
       889     2.9261474609E+000
       890     2.5542478561E+000
       891     3.2416150570E+000
       892     3.8097989559E+000
       893     3.0661256313E+000
       894     2.4406702518E+000
       895     4.5556788445E+000
       896     3.3182983398E+000
       897     4.8688750267E+000
       898     4.6748523712E+000
       899     2.9712677002E+000
       900     2.7140927315E+000
       901     2.3940889835E+000
       902     4.0908083916E+000
       903     4.7976083755E+000
       904     4.5950303078E+000
       905     3.1910073757E+000
       906     2.6020390987E+000
       907     3.1074938774E+000
       908     2.1596591473E+000
       909     4.5940461159E+000
       910     3.5315937996E+000
       911     4.8299732208E+000
       912     4.7332291603E+000
       913     3.0201945305E+000
       914     3.6953411102E+000
       915     3.7917041779E+000
       916     4.5525655746E+000
       917     4.9072127342E+000
       918     2.5373973846E+000
       919     3.0518543720E+000
       920     2.8057050705E+000
       921     3.0945608616E+000
       922     4.5691051483E+000
       923     4.6451978683E+000
       924     4.9454779625E+000
       925     2.8497917652E+000
       926     3.3927493095E+000
       927     2.6139278412E+000
       928     4.3199014664E+000
       929     4.9088020325E+000
       930     4.0273475647E+000
       931     2.4893691540E+000
       932     2.8173677921E+000
       933     2.7773716450E+000
       934     2.0520780087E+000
       935     2.1862847805E+000
       936     4.5246510506E+000
       937     4.7062387466E+000
       938     4.9072022438E+000
       939     3.8888139725E+000
       940     2.3180160522E+000
       941     3.0841569901E+000
       942     2.8946039677E+000
       943     4.8370671272E+000
       944     3.5076251030E+000
       945     3.6526184082E+000
       946     2.5374040604E+000
       947     3.5749015808E+000
       948     4.4154582024E+000
       949     4.6445112228E+000
       950     4.8052797318E+000
       951     4.9685764313E+000
       952     4.5158476830E+000
       953     3.1932864189E+000
       954     2.6619482040E+000
       955     1.9838488102E+000
       956     2.3876364231E+000
       957     4.9161162376E+000
       958     3.6211099625E+000
       959     2.2846524715E+000
       960     4.0540137291E+000
       961     4.6422152519E+000
       962     4.8918685913E+000
       963     4.6839365959E+000
       964     3.0530810356E+000
       965     1.9471229315E+000
       966     4.9262671471E+000
       967     2.5207147598E+000
       968     4.3206839561E+000
       969     3.9951751232E+000
       970     3.8800039291E+000
       971     1.2682843208E+000
       972     4.2339158058E+000
       973     3.1169319153E+000
       974     2.3997159004E+000
       975     3.8211934566E+000
       976     4.0731968880E+000
       977     4.0544886589E+000
       978     3.2377555370E+000
       979     1.6189553738E+000
       980     4.3119468689E+000
       981     2.8793361187E+000
       982     2.6226150990E+000
       983     3.2740941048E+000
       984     3.9053919315E+000
       985     4.2277064323E+000
       986     4.0233111382E+000
       987     2.6753962040E+000
       988     1.7628502846E+000
       989     4.4208145142E+000
       990     2.7845408916E+000
       991     1.7519257069E+000
       992     3.8204333782E+000
       993     3.2707750797E+000
       994     4.0125360489E+000
       995     3.5350985527E+000
       996     4.4558310509E+000
       997     2.0400011539E+000
       998     2.2464659214E+000
       999     4.0929665565E+000
      1000     3.2740342617E+000
      1001     2.8442649841E+000
      1002     4.4556307793E+000
      1003     4.4430847168E+000
      1004     4.5128617287E+000
      1005     4.3803062439E+000
      1006     2.5033786297E+000
      1007     3.3468604088E+000
      1008     4.2625236511E+000
      1009     2.8623664379E+000
      1010     4.0877895355E+000
      1011     4.6780695915E+000
      1012     4.7370562553E+000
      1013     4.6914348602E+000
      1014     2.3339898586E+000
      1015     3.4131298065E+000
      1016     2.7397818565E+000
      1017     4.6513514519E+000
      1018     4.7689933777E+000
      1019     4.9218525887E+000
      1020     4.7086873055E+000
      1021     3.7339129448E+000
      1022     3.6947429180E+000
      1023     4.9667534828E+000
      1024     4.8153958321E+000
      1025     4.7956843376E+000
      1026     4.9458808899E+000
      1027     3.9197897911E+000
      1028     3.8529965878E+000
      1029     4.7790784836E+000
      1030     5.0314936638E+000
      1031     3.6740059853E+000
      1032     3.2089121342E+000
      1033     4.9804377556E+000
      1034     3.7872982025E+000
      1035     3.5539591312E+000
      1036     2.9530434608E+000
      1037     4.1875786781E+000
      1038     4.2214226723E+000
      1039     3.6035306454E+000
      1040     3.1422717571E+000
      1041     5.2133135796E+000
      1042     4.1918854713E+000
      1043     5.0125241280E+000
      1044     3.4678308964E+000
      1045     3.9712805748E+000
      1046     4.5648612976E+000
      1047     4.9856410027E+000
      1048     5.0196022987E+000
      1049     5.2255463600E+000
      1050     3.3423168659E+000
      1051     5.1928844452E+000
      1052     5.0819272995E+000
      1053     4.6001472473E+000
      1054     5.0905413628E+000
      1055     3.2911288738E+000
      1056     4.3672471046E+000
      1057     3.7431468964E+000
      1058     3.5918574333E+000
      1059     3.1251096725E+000
      1060     4.2326445580E+000
      1061     3.0824441910E+000
      1062     4.6544885635E+000
      1063     3.2499129772E+000
      1064     3.4846394062E+000
      1065     3.4844636917E+000
      1066     4.3928947449E+000
      1067     3.4838175774E+000
      1068     3.1434240341E+000
      1069     2.9857258797E+000
