  nc_newport_river_core_cr4_bath    v31.06 iterative         Albemarle-Pamlico Estuar
          1       1069  0.1000000E+001        1     1 FileFmtVersion:    1050624
     2.5920000000E+005          51840
         1     2.3277909756E+000
         2     3.2177348137E+000
         3     2.8321216106E+000
         4     3.5074729919E+000
         5     2.7929241657E+000
         6     3.3650076389E+000
         7     2.9565815926E+000
         8     3.5389466286E+000
         9     3.6525528431E+000
        10     2.4810650349E+000
        11     3.7764260769E+000
        12     3.6813547611E+000
        13     2.6924424171E+000
        14     3.7395093441E+000
        15     4.0490093231E+000
        16     2.9259138107E+000
        17     3.3539936543E+000
        18     2.9100906849E+000
        19     3.2686123848E+000
        20     2.6062967777E+000
        21     3.4604728222E+000
        22     2.8644201756E+000
        23     2.5890462399E+000
        24     2.5164773464E+000
        25     3.7048494816E+000
        26     2.6609115601E+000
        27     2.4250288010E+000
        28     2.1685550213E+000
        29     3.6394965649E+000
        30     3.7695345879E+000
        31     2.5254635811E+000
        32     3.4852588177E+000
        33     3.7852921486E+000
        34     3.5377211571E+000
        35     2.9075963497E+000
        36     3.5522801876E+000
        37     3.8962476254E+000
        38     2.9567451477E+000
        39     2.5009357929E+000
        40     2.8934164047E+000
        41     2.1251101494E+000
        42     3.2983670235E+000
        43     3.3440163136E+000
        44     3.4819712639E+000
        45     3.2634270191E+000
        46     2.8578426838E+000
        47     3.0248703957E+000
        48     3.6727387905E+000
        49     2.2312428951E+000
        50     3.0033516884E+000
        51     3.5386993885E+000
        52     3.6619458199E+000
        53     3.3351521492E+000
        54     2.0627732277E+000
        55     4.2466945648E+000
        56     2.3098261356E+000
        57     4.0134325027E+000
        58     2.6217045784E+000
        59     3.0618660450E+000
        60     3.1378147602E+000
        61     2.4859685898E+000
        62     2.2717828751E+000
        63     4.1442894936E+000
        64     2.9753699303E+000
        65     3.4445431232E+000
        66     4.3082318306E+000
        67     4.2414560318E+000
        68     2.0037946701E+000
        69     3.6861412525E+000
        70     3.4429547787E+000
        71     2.8679871559E+000
        72     3.6427974701E+000
        73     2.6854045391E+000
        74     3.7101583481E+000
        75     3.5699348450E+000
        76     3.5395121574E+000
        77     3.0847797394E+000
        78     3.0958738327E+000
        79     3.6861412525E+000
        80     4.4250226021E+000
        81     1.5768704414E+000
        82     4.2623453140E+000
        83     3.1426005363E+000
        84     4.0272331238E+000
        85     4.2422676086E+000
        86     3.0456819534E+000
        87     2.8268241882E+000
        88     2.8287274837E+000
        89     2.5393121243E+000
        90     2.8058109283E+000
        91     3.3505747318E+000
        92     4.6396632195E+000
        93     4.0914044380E+000
        94     2.7532680035E+000
        95     3.9764628410E+000
        96     2.3583083153E+000
        97     4.2489476204E+000
        98     3.4086577892E+000
        99     2.5696713924E+000
       100     1.6410887241E+000
       101     2.8355522156E+000
       102     2.4761283398E+000
       103     3.0276985168E+000
       104     1.7264214754E+000
       105     2.9802560806E+000
       106     3.0526597500E+000
       107     4.3898773193E+000
       108     4.4346127510E+000
       109     3.9665272236E+000
       110     2.5382466316E+000
       111     4.1145720482E+000
       112     4.3905544281E+000
       113     4.0908231735E+000
       114     2.6916170120E+000
       115     2.9374530315E+000
       116     3.2466888428E+000
       117     2.9249598980E+000
       118     1.9027708769E+000
       119     3.6644966602E+000
       120     3.3817787170E+000
       121     4.1283230782E+000
       122     2.7348098755E+000
       123     2.1072039604E+000
       124     2.3042788506E+000
       125     2.5193994045E+000
       126     2.3787679672E+000
       127     2.7106337547E+000
       128     3.9546225071E+000
       129     2.4171943665E+000
       130     4.3407859802E+000
       131     4.0840611458E+000
       132     4.0206499100E+000
       133     2.4508416653E+000
       134     2.3526806831E+000
       135     3.1112768650E+000
       136     3.7682647705E+000
       137     3.0515642166E+000
       138     2.7143661976E+000
       139     4.1242594719E+000
       140     3.4622306824E+000
       141     2.6968622208E+000
       142     2.9036400318E+000
       143     2.4679281712E+000
       144     2.8061232567E+000
       145     2.4119596481E+000
       146     1.9482871294E+000
       147     4.1332025528E+000
       148     3.4678168297E+000
       149     4.2192163467E+000
       150     1.9130684137E+000
       151     4.0407161713E+000
       152     2.1484889984E+000
       153     3.8682100773E+000
       154     3.2799730301E+000
       155     2.2500348091E+000
       156     2.8398690224E+000
       157     4.2646169662E+000
       158     3.7923555374E+000
       159     2.9271736145E+000
       160     3.5660443306E+000
       161     3.8187146187E+000
       162     3.0024883747E+000
       163     2.2145569324E+000
       164     3.0896835327E+000
       165     4.4952826500E+000
       166     2.3403897285E+000
       167     3.6660199165E+000
       168     2.2632427216E+000
       169     2.3356359005E+000
       170     3.5398771763E+000
       171     2.8438022137E+000
       172     2.5249321461E+000
       173     3.0815107822E+000
       174     4.2722802162E+000
       175     3.6168911457E+000
       176     1.7240276337E+000
       177     1.6311860085E+000
       178     3.3055710793E+000
       179     4.3447012901E+000
       180     4.2668228149E+000
       181     3.9948508739E+000
       182     1.8388452530E+000
       183     1.5529011488E+000
       184     1.4180982113E+000
       185     1.9969518185E+000
       186     1.7211476564E+000
       187     3.0437874794E+000
       188     3.2570798397E+000
       189     3.6471796036E+000
       190     3.5237057209E+000
       191     1.8511748314E+000
       192     2.4346380234E+000
       193     2.1091692448E+000
       194     3.2113742828E+000
       195     3.5483219624E+000
       196     2.4158570766E+000
       197     2.2837352753E+000
       198     2.8914053440E+000
       199     3.5824520588E+000
       200     4.0406236649E+000
       201     2.1847076416E+000
       202     2.8754951954E+000
       203     4.0427818298E+000
       204     3.9168529510E+000
       205     3.9361393452E+000
       206     4.4502954483E+000
       207     4.3982400894E+000
       208     4.1844711304E+000
       209     1.5332317352E+000
       210     1.6476980448E+000
       211     3.5870904922E+000
       212     4.0825362206E+000
       213     3.9637057781E+000
       214     3.5131294727E+000
       215     2.8765611649E+000
       216     2.8596777916E+000
       217     3.4178977013E+000
       218     3.1867430210E+000
       219     2.2148270607E+000
       220     3.6932539940E+000
       221     2.8594160080E+000
       222     3.8228712082E+000
       223     3.9654800892E+000
       224     3.9897797108E+000
       225     4.0084104538E+000
       226     4.3725252151E+000
       227     4.3961186409E+000
       228     4.2907977104E+000
       229     3.3615691662E+000
       230     1.5806016922E+000
       231     1.5170857906E+000
       232     2.0260603428E+000
       233     1.7569468021E+000
       234     4.0288958549E+000
       235     2.7252669334E+000
       236     3.6483397484E+000
       237     4.1293067932E+000
       238     2.7589004040E+000
       239     2.0548174381E+000
       240     1.9018493891E+000
       241     3.4154543877E+000
       242     4.0783371925E+000
       243     3.6903660297E+000
       244     3.6692042351E+000
       245     2.9608008862E+000
       246     3.2699391842E+000
       247     3.5469591618E+000
       248     3.9031243324E+000
       249     4.2745280266E+000
       250     4.1810398102E+000
       251     3.7709901333E+000
       252     3.0948910713E+000
       253     2.1707005501E+000
       254     1.6945390701E+000
       255     1.1366524696E+000
       256     1.6603699923E+000
       257     9.2967867851E-001
       258     1.8254036903E+000
       259     3.0981826782E+000
       260     1.8990201950E+000
       261     4.2038245201E+000
       262     3.2236337662E+000
       263     4.1135458946E+000
       264     1.0025123358E+000
       265     3.1024439335E+000
       266     1.5431280136E+000
       267     3.9904365540E+000
       268     4.0391736031E+000
       269     2.1510090828E+000
       270     2.2211599350E+000
       271     2.6226420403E+000
       272     3.1346802711E+000
       273     3.8849904537E+000
       274     3.7983326912E+000
       275     3.7709195614E+000
       276     3.7386040688E+000
       277     1.0727561712E+000
       278     1.4691454172E+000
       279     1.2797782421E+000
       280     1.3711764812E+000
       281     2.1119785309E+000
       282     3.1104526520E+000
       283     1.6407613754E+000
       284     4.1774806976E+000
       285     3.9372847080E+000
       286     4.1035695076E+000
       287     1.8856031895E+000
       288     2.2259721756E+000
       289     2.0331842899E+000
       290     3.7819039822E+000
       291     2.5973203182E+000
       292     2.2937493324E+000
       293     2.3734338284E+000
       294     2.6093587875E+000
       295     2.6567056179E+000
       296     2.7782328129E+000
       297     3.2190461159E+000
       298     3.9453432560E+000
       299     3.7794816494E+000
       300     1.1182516813E+000
       301     1.3202614784E+000
       302     1.0208853483E+000
       303     2.7000281811E+000
       304     2.7836835384E+000
       305     1.7048839331E+000
       306     3.9290795326E+000
       307     3.8681132793E+000
       308     3.9577929974E+000
       309     1.5618890524E+000
       310     1.3526400328E+000
       311     1.2227972746E+000
       312     1.9450429678E+000
       313     3.1598882675E+000
       314     3.0979771614E+000
       315     2.6362109184E+000
       316     2.7569448948E+000
       317     2.4827420712E+000
       318     3.3721673489E+000
       319     3.2484822273E+000
       320     3.8310458660E+000
       321     1.1771582365E+000
       322     1.0256611109E+000
       323     2.9249272346E+000
       324     2.1463127136E+000
       325     1.5734763145E+000
       326     3.7683086395E+000
       327     3.8488950729E+000
       328     2.4818758965E+000
       329     1.5483505726E+000
       330     1.3695521355E+000
       331     1.6811296940E+000
       332     1.0202721357E+000
       333     2.2934064865E+000
       334     1.4053118229E+000
       335     1.6597167253E+000
       336     3.2420463562E+000
       337     3.3023245335E+000
       338     3.0832650661E+000
       339     1.4138083458E+000
       340     1.2924706936E+000
       341     2.3274481297E+000
       342     3.6013503075E+000
       343     3.7750680447E+000
       344     3.4439723492E+000
       345     2.7087697983E+000
       346     9.8551023006E-001
       347     1.3346540928E+000
       348     1.3464670181E+000
       349     2.0994200706E+000
       350     2.3066792488E+000
       351     1.3156386614E+000
       352     3.0129694939E+000
       353     2.2400140762E+000
       354     2.0234999657E+000
       355     2.7526671886E+000
       356     1.7557737827E+000
       357     1.3632788658E+000
       358     1.0612636805E+000
       359     2.6107537746E+000
       360     3.2848634720E+000
       361     3.4384315014E+000
       362     2.5463376045E+000
       363     3.5907607079E+000
       364     3.4956388474E+000
       365     3.0012004375E+000
       366     1.0019627810E+000
       367     1.4868718386E+000
       368     2.6107647419E+000
       369     3.3678512573E+000
       370     1.1596608162E+000
       371     1.7074995041E+000
       372     1.3052973747E+000
       373     1.3948104382E+000
       374     1.1343700886E+000
       375     1.2767512798E+000
       376     1.3661588430E+000
       377     1.2461470366E+000
       378     2.6582241058E+000
       379     1.7181781530E+000
       380     2.0156757832E+000
       381     7.5515961647E-001
       382     1.2566871643E+000
       383     1.5453153849E+000
       384     1.9325332642E+000
       385     1.3252542019E+000
       386     2.1111516953E+000
       387     1.0289268494E+000
       388     2.2720024586E+000
       389     2.8183200359E+000
       390     3.8329465389E+000
       391     3.2217237949E+000
       392     2.8911387920E+000
       393     2.6593387127E+000
       394     2.6425838470E+000
       395     3.2087254524E+000
       396     3.7829685211E+000
       397     4.0789227486E+000
       398     2.2462444305E+000
       399     2.8290789127E+000
       400     2.6351940632E+000
       401     1.1541675329E+000
       402     2.1776552200E+000
       403     1.4751496315E+000
       404     1.9066462517E+000
       405     2.1502306461E+000
       406     2.8979582787E+000
       407     1.5363960266E+000
       408     1.8324507475E+000
       409     1.6176073551E+000
       410     1.8633345366E+000
       411     1.6557574272E+000
       412     1.0894155502E+000
       413     1.2910318375E+000
       414     1.5134634972E+000
       415     2.3936169147E+000
       416     2.4259614944E+000
       417     3.7236845493E+000
       418     3.1651959419E+000
       419     3.9908444881E+000
       420     3.3418068886E+000
       421     3.5219881535E+000
       422     4.1410403252E+000
       423     3.1923463345E+000
       424     3.4264805317E+000
       425     3.2911460400E+000
       426     2.1310040951E+000
       427     3.4581537247E+000
       428     2.6784470081E+000
       429     1.9907151461E+000
       430     1.5608315468E+000
       431     1.3858696222E+000
       432     1.2156050205E+000
       433     1.2815041542E+000
       434     1.5010777712E+000
       435     1.3086733818E+000
       436     1.3497110605E+000
       437     1.8679578304E+000
       438     2.0451364517E+000
       439     2.5181498528E+000
       440     3.4066793919E+000
       441     2.1821393967E+000
       442     2.7205772400E+000
       443     3.9744148254E+000
       444     4.0998229980E+000
       445     3.6542243958E+000
       446     4.1762328148E+000
       447     3.5816392899E+000
       448     3.7352638245E+000
       449     3.3926599026E+000
       450     3.7004272938E+000
       451     4.0053277016E+000
       452     2.2651066780E+000
       453     2.5570406914E+000
       454     1.8483269215E+000
       455     1.8870681524E+000
       456     2.0562374592E+000
       457     1.8455345631E+000
       458     1.4950901270E+000
       459     2.7415623665E+000
       460     1.8147547245E+000
       461     1.7038109303E+000
       462     3.6101436615E+000
       463     3.6819086075E+000
       464     3.9170298576E+000
       465     2.3709833622E+000
       466     3.0129587650E+000
       467     3.8769986629E+000
       468     4.0258688927E+000
       469     3.7358484268E+000
       470     3.7378809452E+000
       471     3.8129420280E+000
       472     3.5156590939E+000
       473     4.2474946976E+000
       474     4.0190825462E+000
       475     2.1569149494E+000
       476     1.1937589645E+000
       477     2.1979300976E+000
       478     1.8778616190E+000
       479     2.3147056103E+000
       480     1.5902035236E+000
       481     1.5094525814E+000
       482     2.0727565289E+000
       483     2.5665075779E+000
       484     2.3310995102E+000
       485     2.9591214657E+000
       486     3.7646477222E+000
       487     1.6369521618E+000
       488     3.8870115280E+000
       489     4.1316928864E+000
       490     2.8111851215E+000
       491     3.7895104885E+000
       492     3.8908896446E+000
       493     4.0212326050E+000
       494     3.7937641144E+000
       495     3.7821915150E+000
       496     3.6239676476E+000
       497     3.4204893112E+000
       498     2.0812954903E+000
       499     1.9578658342E+000
       500     2.3978292942E+000
       501     1.9603701830E+000
       502     1.7567681074E+000
       503     2.3696777821E+000
       504     1.7359530926E+000
       505     2.8569772243E+000
       506     2.5781800747E+000
       507     2.4481391907E+000
       508     2.8685526848E+000
       509     3.8476369381E+000
       510     3.9826214314E+000
       511     2.5180492401E+000
       512     4.2567234039E+000
       513     4.5587038994E+000
       514     2.6519246101E+000
       515     3.6884932518E+000
       516     3.7581148148E+000
       517     3.7993075848E+000
       518     3.7860848904E+000
       519     3.6366086006E+000
       520     3.7126460075E+000
       521     2.1279783249E+000
       522     1.3830354214E+000
       523     2.3023533821E+000
       524     1.9548952579E+000
       525     2.0803225040E+000
       526     2.3988871574E+000
       527     2.7999119759E+000
       528     3.3366603851E+000
       529     2.0108909607E+000
       530     2.3656182289E+000
       531     3.8213567734E+000
       532     4.0593032837E+000
       533     4.4200906754E+000
       534     3.9694120884E+000
       535     4.6541862488E+000
       536     4.6944637299E+000
       537     4.7563338280E+000
       538     1.5842686892E+000
       539     3.0566589832E+000
       540     3.4158678055E+000
       541     4.4728512764E+000
       542     3.6465704441E+000
       543     4.7375783920E+000
       544     2.0257375240E+000
       545     1.6553968191E+000
       546     1.8912476301E+000
       547     1.7823624611E+000
       548     2.1233317852E+000
       549     3.6030981541E+000
       550     3.5803472996E+000
       551     3.5872030258E+000
       552     3.8172528744E+000
       553     4.2155890465E+000
       554     3.3002481461E+000
       555     4.3198456764E+000
       556     4.5830488205E+000
       557     4.4431653023E+000
       558     4.7539300919E+000
       559     4.7012739182E+000
       560     4.6890816689E+000
       561     2.0773861408E+000
       562     3.2067394257E+000
       563     4.1171503067E+000
       564     4.3520078659E+000
       565     4.4699964523E+000
       566     2.9715600014E+000
       567     1.4310203791E+000
       568     1.8196920156E+000
       569     2.0112802982E+000
       570     1.8325667381E+000
       571     4.1419606209E+000
       572     2.0637698174E+000
       573     3.8935129642E+000
       574     4.5064067841E+000
       575     3.8893492222E+000
       576     4.0141463280E+000
       577     4.3216681480E+000
       578     4.5902509689E+000
       579     4.4354963303E+000
       580     4.6613273621E+000
       581     4.6856203079E+000
       582     4.6365079880E+000
       583     4.7477121353E+000
       584     4.6035923958E+000
       585     3.2786352634E+000
       586     3.6452939510E+000
       587     3.6851332188E+000
       588     4.3636956215E+000
       589     3.4273438454E+000
       590     1.6375992298E+000
       591     1.9710897207E+000
       592     2.4033420086E+000
       593     2.7456433773E+000
       594     1.9466546774E+000
       595     4.7270698547E+000
       596     4.1809086800E+000
       597     4.3979887962E+000
       598     4.6899709702E+000
       599     4.8022465706E+000
       600     4.2573542595E+000
       601     4.7596592903E+000
       602     4.7788128853E+000
       603     4.7303957939E+000
       604     4.7964138985E+000
       605     4.6551074982E+000
       606     4.6878027916E+000
       607     4.7308745384E+000
       608     4.5255355835E+000
       609     3.2891054153E+000
       610     3.5709185600E+000
       611     4.2899966240E+000
       612     1.4386179447E+000
       613     1.5694347620E+000
       614     2.1216509342E+000
       615     2.0812859535E+000
       616     2.1026439667E+000
       617     2.1869432926E+000
       618     2.2358450890E+000
       619     2.1346561909E+000
       620     2.9484736919E+000
       621     2.4783737659E+000
       622     3.1961352825E+000
       623     4.8249101639E+000
       624     4.2554187775E+000
       625     4.6439623833E+000
       626     4.8412332535E+000
       627     4.8689341545E+000
       628     4.8410673141E+000
       629     4.8389854431E+000
       630     4.5917630196E+000
       631     4.6851139069E+000
       632     4.7462453842E+000
       633     4.3421921730E+000
       634     3.5713877678E+000
       635     3.8686482906E+000
       636     3.6813731194E+000
       637     1.9016435146E+000
       638     2.2111339569E+000
       639     2.6192195415E+000
       640     2.6473293304E+000
       641     2.3388676643E+000
       642     2.5733897686E+000
       643     2.5437474251E+000
       644     4.1741089821E+000
       645     4.2065496445E+000
       646     3.6796953678E+000
       647     4.7945580482E+000
       648     4.2098493576E+000
       649     4.4435091019E+000
       650     4.8463778496E+000
       651     4.8101449013E+000
       652     4.8883442879E+000
       653     4.7524795532E+000
       654     4.4639081955E+000
       655     4.5943841934E+000
       656     4.6844143867E+000
       657     4.2408618927E+000
       658     3.5916366577E+000
       659     2.9341955185E+000
       660     1.6607224941E+000
       661     2.9106492996E+000
       662     3.4773089886E+000
       663     2.4204070568E+000
       664     2.3432638645E+000
       665     2.7532732487E+000
       666     2.9240472317E+000
       667     2.6917765141E+000
       668     2.4831073284E+000
       669     2.7972874641E+000
       670     4.0277428627E+000
       671     4.5384130478E+000
       672     4.5065975189E+000
       673     4.8724517822E+000
       674     4.5910816193E+000
       675     4.7574887276E+000
       676     4.8084821701E+000
       677     4.8371086121E+000
       678     4.8023047447E+000
       679     4.3880143166E+000
       680     4.5449461937E+000
       681     4.5756196976E+000
       682     4.0615057945E+000
       683     1.9751491547E+000
       684     2.6573786736E+000
       685     3.1647896767E+000
       686     1.6183009148E+000
       687     4.1902174950E+000
       688     2.4546771049E+000
       689     2.5348782539E+000
       690     2.5388872623E+000
       691     2.6358518600E+000
       692     2.9231958389E+000
       693     2.7533590794E+000
       694     2.5691144466E+000
       695     2.4676108360E+000
       696     3.1849329472E+000
       697     4.4975733757E+000
       698     4.4869394302E+000
       699     4.4216890335E+000
       700     4.8238444328E+000
       701     4.5687270164E+000
       702     4.7918634415E+000
       703     4.7491273880E+000
       704     4.6766552925E+000
       705     4.4548401833E+000
       706     4.2568159103E+000
       707     4.4218883514E+000
       708     3.8808755875E+000
       709     1.4701648951E+000
       710     2.6903860569E+000
       711     2.7706274986E+000
       712     4.1291079521E+000
       713     3.6575262547E+000
       714     2.5092549324E+000
       715     2.3839292526E+000
       716     2.2575235367E+000
       717     2.7871437073E+000
       718     2.5625679493E+000
       719     2.8839125633E+000
       720     2.4131841660E+000
       721     2.1401641369E+000
       722     2.6367998123E+000
       723     2.4065353870E+000
       724     2.2210040092E+000
       725     3.5429110527E+000
       726     4.3011131287E+000
       727     4.4236292839E+000
       728     4.3021240234E+000
       729     4.2873687744E+000
       730     4.1747951508E+000
       731     4.5348467827E+000
       732     3.9680678844E+000
       733     4.3023681641E+000
       734     4.1741738319E+000
       735     3.9876022339E+000
       736     2.9970626831E+000
       737     4.1046304703E+000
       738     3.1848392487E+000
       739     2.7251694202E+000
       740     3.7131259441E+000
       741     3.4888024330E+000
       742     2.6505751610E+000
       743     2.7376844883E+000
       744     2.5605752468E+000
       745     2.9084057808E+000
       746     2.3945596218E+000
       747     2.5969221592E+000
       748     3.6702885628E+000
       749     4.1727018356E+000
       750     4.1933307648E+000
       751     3.9902253151E+000
       752     3.5040106773E+000
       753     3.2004213333E+000
       754     2.3871536255E+000
       755     4.1288571358E+000
       756     2.7713956833E+000
       757     2.7944571972E+000
       758     2.4279408455E+000
       759     3.6236751080E+000
       760     2.4884722233E+000
       761     2.7502932549E+000
       762     3.1512613297E+000
       763     3.0884270668E+000
       764     4.1012287140E+000
       765     3.9695367813E+000
       766     3.8731575012E+000
       767     3.8139121532E+000
       768     3.3870303631E+000
       769     2.2118017673E+000
       770     4.0672821999E+000
       771     3.0132613182E+000
       772     3.1461946964E+000
       773     2.5981717110E+000
       774     2.5493221283E+000
       775     2.5043213367E+000
       776     4.0748367310E+000
       777     2.6344642639E+000
       778     3.4837012291E+000
       779     3.7050793171E+000
       780     4.1114530563E+000
       781     3.9293191433E+000
       782     3.7616300583E+000
       783     3.4049026966E+000
       784     2.3538565636E+000
       785     1.9049985409E+000
       786     4.1251959801E+000
       787     2.6847319603E+000
       788     2.4740772247E+000
       789     2.4577960968E+000
       790     1.8913559914E+000
       791     2.4451940060E+000
       792     3.9257390499E+000
       793     2.8410782814E+000
       794     3.6049492359E+000
       795     4.0259070396E+000
       796     3.8777263165E+000
       797     3.2839372158E+000
       798     2.3776605129E+000
       799     1.4524356127E+000
       800     2.4734830856E+000
       801     3.7904748917E+000
       802     2.4497997761E+000
       803     1.8504718542E+000
       804     2.9941997528E+000
       805     3.2598571777E+000
       806     2.7887437344E+000
       807     4.1076569557E+000
       808     3.8759539127E+000
       809     3.7448446751E+000
       810     3.2068004608E+000
       811     2.6794960499E+000
       812     3.3958604336E+000
       813     2.2737352848E+000
       814     1.8366206884E+000
       815     3.6136581898E+000
       816     3.4894206524E+000
       817     3.7716479301E+000
       818     3.6460032463E+000
       819     3.1848523617E+000
       820     3.7986803055E+000
       821     3.3686859608E+000
       822     2.1227507591E+000
       823     2.5527403355E+000
       824     2.4504034519E+000
       825     2.8395724297E+000
       826     3.8439290524E+000
       827     3.7159321308E+000
       828     3.1481041908E+000
       829     3.5981655121E+000
       830     3.4398322105E+000
       831     1.5344995260E+000
       832     2.9653408527E+000
       833     2.9927835464E+000
       834     3.1692097187E+000
       835     3.5837676525E+000
       836     3.4801928997E+000
       837     3.5703856945E+000
       838     3.4721171856E+000
       839     1.4820226431E+000
       840     2.6625487804E+000
       841     2.2973752022E+000
       842     2.1823937893E+000
       843     2.5647194386E+000
       844     3.7396607399E+000
       845     2.7843883038E+000
       846     3.7256193161E+000
       847     3.2577338219E+000
       848     1.7419357300E+000
       849     2.4941771030E+000
       850     2.3789355755E+000
       851     2.1427009106E+000
       852     1.9501806498E+000
       853     3.3779695034E+000
       854     3.0896708965E+000
       855     3.1677861214E+000
       856     1.9182235003E+000
       857     2.8765540123E+000
       858     3.1338107586E+000
       859     3.0488109589E+000
       860     1.9564138651E+000
       861     3.0105683804E+000
       862     3.5235857964E+000
       863     3.0174570084E+000
       864     1.2523932457E+000
       865     3.1251852512E+000
       866     2.9426925182E+000
       867     2.6312003136E+000
       868     2.2679467201E+000
       869     2.7509744167E+000
       870     2.6415483952E+000
       871     3.1877155304E+000
       872     2.7081851959E+000
       873     2.1007626057E+000
       874     3.4960558414E+000
       875     3.5972070694E+000
       876     1.7025369406E+000
       877     2.9219386578E+000
       878     1.7782350779E+000
       879     2.4682514668E+000
       880     3.7723460197E+000
       881     2.8715567589E+000
       882     2.6617853642E+000
       883     2.7926449776E+000
       884     1.8615471125E+000
       885     3.9916589260E+000
       886     1.9477326870E+000
       887     2.1230225563E+000
       888     4.0848941803E+000
       889     2.6532530785E+000
       890     2.1493947506E+000
       891     2.3215661049E+000
       892     2.9287459850E+000
       893     2.8105728626E+000
       894     1.9887768030E+000
       895     4.1571369171E+000
       896     2.5717592239E+000
       897     4.5171065331E+000
       898     4.2835164070E+000
       899     2.4059906006E+000
       900     2.3573625088E+000
       901     1.9874526262E+000
       902     3.6928641796E+000
       903     4.4077153206E+000
       904     4.2445168495E+000
       905     2.9346139431E+000
       906     2.1291038990E+000
       907     2.6632611752E+000
       908     1.6739033461E+000
       909     4.2077918053E+000
       910     2.7628200054E+000
       911     4.4662127495E+000
       912     4.3878159523E+000
       913     2.3235483170E+000
       914     3.4193274975E+000
       915     3.3498249054E+000
       916     4.2280945778E+000
       917     4.5639944077E+000
       918     1.6240763664E+000
       919     2.7535359859E+000
       920     2.3165478706E+000
       921     2.6180050373E+000
       922     4.2085976601E+000
       923     4.3516654968E+000
       924     4.5425810814E+000
       925     2.1255218983E+000
       926     3.0322575569E+000
       927     2.1884295940E+000
       928     3.9154436588E+000
       929     4.5687818527E+000
       930     3.6337089539E+000
       931     1.8353871107E+000
       932     2.3177819252E+000
       933     2.7655951977E+000
       934     1.6224256754E+000
       935     1.7954642773E+000
       936     4.1930489540E+000
       937     4.4529509544E+000
       938     4.5837740898E+000
       939     3.3823199272E+000
       940     1.7129505873E+000
       941     2.7823662758E+000
       942     2.4566884041E+000
       943     4.4978585243E+000
       944     3.0869545937E+000
       945     3.3673758507E+000
       946     1.9568082094E+000
       947     3.2077324390E+000
       948     4.0698976517E+000
       949     4.2974057198E+000
       950     4.4807834625E+000
       951     4.6426305771E+000
       952     4.1663799286E+000
       953     2.7768881321E+000
       954     2.2835474014E+000
       955     1.6752263308E+000
       956     2.0043396950E+000
       957     4.5751533508E+000
       958     3.2704575062E+000
       959     1.7715824842E+000
       960     3.6748731136E+000
       961     4.3711681366E+000
       962     4.5540037155E+000
       963     4.3433079720E+000
       964     2.3406836987E+000
       965     1.4982942343E+000
       966     4.6092395782E+000
       967     1.7830336094E+000
       968     3.5438969135E+000
       969     4.4998569489E+000
       970     3.3474109173E+000
       971     8.9967125654E-001
       972     3.7469780445E+000
       973     2.9073808193E+000
       974     1.7758910656E+000
       975     3.2492640018E+000
       976     3.5499339104E+000
       977     3.5183622837E+000
       978     2.9221146107E+000
       979     1.0861521959E+000
       980     3.8177199364E+000
       981     2.4364345074E+000
       982     1.9914318323E+000
       983     3.0056653023E+000
       984     3.3621549606E+000
       985     3.7293784618E+000
       986     3.4655911922E+000
       987     2.1456093788E+000
       988     1.2217100859E+000
       989     3.9375381470E+000
       990     2.1397542953E+000
       991     1.2210885286E+000
       992     3.5423691273E+000
       993     2.8021204472E+000
       994     3.4734127522E+000
       995     2.8151335716E+000
       996     3.9806098938E+000
       997     1.4025447369E+000
       998     1.6495617628E+000
       999     3.8268504143E+000
      1000     2.7978494167E+000
      1001     2.2454383373E+000
      1002     3.9999849796E+000
      1003     3.9537973404E+000
      1004     4.0352258682E+000
      1005     3.8978950977E+000
      1006     1.8429369926E+000
      1007     2.8018071651E+000
      1008     3.9053471088E+000
      1009     2.3242325783E+000
      1010     3.4387700558E+000
      1011     4.2214369774E+000
      1012     4.2711100578E+000
      1013     4.2600364685E+000
      1014     1.7966715097E+000
      1015     2.7704839706E+000
      1016     2.0892260075E+000
      1017     4.1333246231E+000
      1018     4.3037757874E+000
      1019     4.4943232536E+000
      1020     4.2657098770E+000
      1021     2.7731180191E+000
      1022     3.2175140381E+000
      1023     4.5511760712E+000
      1024     4.3317203522E+000
      1025     4.3302073479E+000
      1026     4.4525551796E+000
      1027     3.2401592731E+000
      1028     3.0672364235E+000
      1029     4.2605004311E+000
      1030     4.5765957832E+000
      1031     2.7837903500E+000
      1032     2.2841191292E+000
      1033     4.4904766083E+000
      1034     2.8780202866E+000
      1035     2.6800489426E+000
      1036     1.9325962067E+000
      1037     3.6988875866E+000
      1038     3.5963015556E+000
      1039     2.9977471828E+000
      1040     2.5400471687E+000
      1041     4.8412389755E+000
      1042     3.3842470646E+000
      1043     4.6891441345E+000
      1044     2.8114078045E+000
      1045     3.2171030045E+000
      1046     3.9935655594E+000
      1047     4.4328398705E+000
      1048     4.6210041046E+000
      1049     4.8174271584E+000
      1050     2.8141856194E+000
      1051     4.7416291237E+000
      1052     4.5636096001E+000
      1053     4.2384896278E+000
      1054     4.7416577339E+000
      1055     3.0181639194E+000
      1056     3.7228190899E+000
      1057     2.9406368732E+000
      1058     2.9985923767E+000
      1059     2.6156311035E+000
      1060     3.7459123135E+000
      1061     2.5715532303E+000
      1062     4.3226809502E+000
      1063     2.7811167240E+000
      1064     2.9755933285E+000
      1065     3.0149941444E+000
      1066     4.0619921684E+000
      1067     2.9974277020E+000
      1068     2.9003279209E+000
      1069     2.7403984070E+000
