  nc_newport_river_core_cr4_bath    v31.06 iterative         Albemarle-Pamlico Estuar
          1       1069  0.1000000E+001        1     1 FileFmtVersion:    1050624
     2.5920000000E+005          51840
         1     1.1146455383E+002
         2     2.2347518921E+002
         3     3.1225082397E+002
         4     2.2314413452E+002
         5     3.1116876221E+002
         6     2.1262068176E+002
         7     3.4493310547E+002
         8     2.1093617249E+002
         9     2.0980123901E+002
        10     9.5348644257E+000
        11     2.1413081360E+002
        12     2.1343115234E+002
        13     1.3397236355E-002
        14     2.2277281189E+002
        15     2.0943165588E+002
        16     3.2913088989E+002
        17     2.1394731140E+002
        18     3.4245062256E+002
        19     2.1311938477E+002
        20     1.5255895996E+002
        21     2.2556140137E+002
        22     3.5198205566E+002
        23     2.0485440063E+002
        24     1.4516539574E+001
        25     2.2513035583E+002
        26     1.7609362793E+002
        27     2.1154331970E+002
        28     1.2637993813E+001
        29     2.2458161926E+002
        30     2.4704382324E+002
        31     1.7991406250E+002
        32     1.5199635315E+002
        33     2.1408654785E+002
        34     2.9162902832E+002
        35     1.7085125732E+002
        36     1.5049029541E+002
        37     2.1811065674E+002
        38     2.3273638916E+002
        39     1.7938673401E+002
        40     1.8279866028E+002
        41     6.0413692474E+001
        42     2.1080140686E+002
        43     4.2968593597E+001
        44     2.2221429443E+002
        45     2.1724995422E+002
        46     1.7446343994E+002
        47     1.4477914429E+002
        48     2.1769346619E+002
        49     3.2374969482E+002
        50     4.5098873138E+001
        51     1.8986001587E+002
        52     2.3694964600E+002
        53     1.4712689209E+002
        54     2.0744157410E+002
        55     1.9181794739E+002
        56     1.6897871399E+002
        57     2.0730432129E+002
        58     1.5617463684E+002
        59     1.7614399719E+002
        60     2.1647525024E+002
        61     2.2468582153E+002
        62     1.6298056030E+002
        63     2.1262585449E+002
        64     1.7609068298E+002
        65     2.3825325012E+002
        66     1.9439028931E+002
        67     1.8945806885E+002
        68     1.7727291870E+002
        69     2.0777397156E+002
        70     1.4264480591E+002
        71     1.9571556091E+002
        72     2.1543115234E+002
        73     2.0484197998E+002
        74     1.5773397827E+002
        75     1.3726139832E+002
        76     1.7220431519E+002
        77     1.9929417419E+002
        78     3.0471597290E+002
        79     1.4301333618E+002
        80     1.8794377136E+002
        81     2.1629409790E+002
        82     1.8296697998E+002
        83     1.6947854614E+002
        84     1.8496028137E+002
        85     1.8478523254E+002
        86     1.4493312073E+002
        87     2.1353021240E+002
        88     2.0374975586E+002
        89     1.9300006104E+002
        90     1.7989123535E+002
        91     1.2878553772E+002
        92     1.8504786682E+002
        93     1.8706486511E+002
        94     2.2815068054E+002
        95     1.8183500671E+002
        96     1.7734785461E+002
        97     1.7731562805E+002
        98     1.3456791687E+002
        99     1.9341021729E+002
       100     3.3618038940E+002
       101     1.8790904236E+002
       102     1.8090820312E+002
       103     1.7916418457E+002
       104     1.6992268372E+002
       105     1.8575067139E+002
       106     2.3704885864E+002
       107     1.8261489868E+002
       108     1.8302319336E+002
       109     1.8419476318E+002
       110     3.3349157715E+002
       111     1.8232135010E+002
       112     1.7827511597E+002
       113     1.7872766113E+002
       114     1.4152214050E+002
       115     1.8865406799E+002
       116     2.1570252991E+002
       117     1.7083267212E+002
       118     3.1934487915E+002
       119     1.8680090332E+002
       120     1.3668132019E+002
       121     1.7702278137E+002
       122     1.7414157104E+002
       123     1.7218414307E+002
       124     3.0153656006E+002
       125     1.8700242615E+002
       126     1.9404206848E+002
       127     1.8232690430E+002
       128     1.8429711914E+002
       129     3.5115139771E+002
       130     1.8279220581E+002
       131     1.7802008057E+002
       132     1.7635632324E+002
       133     1.7044639587E+002
       134     2.0969439697E+002
       135     1.6777531433E+002
       136     1.6383514404E+002
       137     1.5119823456E+001
       138     1.5021421814E+002
       139     1.7195350647E+002
       140     1.7221331787E+002
       141     1.9401715088E+002
       142     1.8299081421E+002
       143     2.0807833862E+002
       144     3.3458419800E+002
       145     1.8004441833E+002
       146     1.9288722229E+002
       147     1.7416293335E+002
       148     1.8306205750E+002
       149     1.7888253784E+002
       150     1.8771228027E+002
       151     1.7456645203E+002
       152     1.9531452942E+002
       153     1.6365602112E+002
       154     1.1640296936E+002
       155     1.7281048584E+002
       156     1.7480757141E+002
       157     1.7076661682E+002
       158     1.7134486389E+002
       159     1.7297189331E+002
       160     1.7553588867E+002
       161     1.7328640747E+002
       162     5.9578747749E+000
       163     1.8683819580E+002
       164     1.8651637268E+002
       165     1.7310856628E+002
       166     1.8641644287E+002
       167     1.7339193726E+002
       168     1.9440463257E+002
       169     1.7422431946E+002
       170     1.6353996277E+002
       171     1.2078810120E+002
       172     6.5095077515E+001
       173     1.7826544189E+002
       174     1.6934841919E+002
       175     1.7175706482E+002
       176     1.7556402588E+002
       177     1.9424699402E+002
       178     1.8602874756E+002
       179     1.7848095703E+002
       180     1.7245710754E+002
       181     1.8240246582E+002
       182     2.0480368042E+002
       183     2.3966705322E+002
       184     3.2392880249E+002
       185     2.1162075806E+002
       186     2.0533520508E+002
       187     1.7571244812E+002
       188     1.7653111267E+002
       189     1.6817155457E+002
       190     1.7148033142E+002
       191     1.7892330933E+002
       192     1.7608457947E+002
       193     1.5982841492E+002
       194     1.3796099854E+002
       195     1.6125099182E+002
       196     1.1234447479E+002
       197     1.6997932434E+002
       198     3.4258352661E+002
       199     1.7010063171E+002
       200     1.6849308777E+002
       201     1.7497944641E+002
       202     1.7814405823E+002
       203     1.6800338745E+002
       204     1.8525186157E+002
       205     1.8040373230E+002
       206     1.7581237793E+002
       207     1.8116610718E+002
       208     1.8232902527E+002
       209     3.5590942383E+002
       210     3.5294711304E+002
       211     3.5042517090E+002
       212     1.7992704773E+002
       213     3.5164184570E+002
       214     1.7962910461E+002
       215     1.8079031372E+002
       216     1.7803512573E+002
       217     1.7068177795E+002
       218     1.7000094604E+002
       219     1.6798207092E+002
       220     1.5996331787E+002
       221     3.4522680664E+002
       222     1.6697785950E+002
       223     1.6705308533E+002
       224     1.6855557251E+002
       225     1.6631297302E+002
       226     1.7987931824E+002
       227     1.7600035095E+002
       228     1.8355754089E+002
       229     1.7812716675E+002
       230     1.2034808397E+000
       231     3.0351710320E+000
       232     3.3099415302E+000
       233     2.9066009521E+000
       234     1.8316734314E+002
       235     3.5899288940E+002
       236     3.5807077026E+002
       237     3.5711114502E+002
       238     3.5732366943E+002
       239     2.3878701782E+002
       240     2.1927395630E+002
       241     1.7648756409E+002
       242     1.6598129272E+002
       243     1.7695063782E+002
       244     1.6511613464E+002
       245     1.4084539795E+002
       246     1.6374061584E+002
       247     1.6470904541E+002
       248     1.6350558472E+002
       249     1.8183493042E+002
       250     1.8152281189E+002
       251     1.7973030090E+002
       252     1.7790618896E+002
       253     1.8493974304E+002
       254     6.6235914230E+000
       255     3.2187527466E+002
       256     9.1671104431E+000
       257     3.5390814209E+002
       258     5.3025374413E+000
       259     4.7463665009E+000
       260     1.0103484154E+001
       261     1.2900291681E+000
       262     8.9251726866E-001
       263     1.0122977495E+000
       264     3.5264599609E+002
       265     7.0198356628E+001
       266     7.8632898331E+000
       267     1.6285951233E+002
       268     1.6359997559E+002
       269     1.5754357910E+002
       270     1.6533668518E+002
       271     1.6380508423E+002
       272     1.6174800110E+002
       273     1.8234861755E+002
       274     1.8215861511E+002
       275     1.7558300781E+002
       276     1.7968736267E+002
       277     1.4744494438E+001
       278     1.4423783302E+001
       279     1.4932456970E+001
       280     1.9562662125E+001
       281     7.4867906570E+000
       282     4.1562118530E+000
       283     9.4810504913E+000
       284     7.2375407219E+000
       285     6.2368021011E+000
       286     8.6956005096E+000
       287     1.3149359703E+001
       288     2.6838790894E+001
       289     2.3437177658E+001
       290     1.6092077637E+002
       291     1.6203115845E+002
       292     1.5963629150E+002
       293     1.6178837585E+002
       294     1.6398612976E+002
       295     1.5931353760E+002
       296     1.0714701843E+002
       297     1.5927828979E+002
       298     8.3074340820E+000
       299     1.6009880066E+002
       300     2.2421060562E+001
       301     1.5130772591E+001
       302     2.1056505203E+001
       303     7.3776636124E+000
       304     9.5098285675E+000
       305     8.8499813080E+000
       306     1.1520631790E+001
       307     8.7007017136E+000
       308     8.7085695267E+000
       309     1.6567491531E+001
       310     1.8716259003E+001
       311     2.1317365646E+001
       312     2.2304521561E+001
       313     1.6197175598E+002
       314     1.6066870117E+002
       315     1.5755180359E+002
       316     1.5677944946E+002
       317     1.1702045441E+002
       318     1.5820106506E+002
       319     1.5899496460E+002
       320     1.1841565132E+001
       321     2.2997833252E+001
       322     1.4571011543E+001
       323     1.1291439056E+001
       324     1.0169222832E+001
       325     1.2623252869E+001
       326     1.5499164581E+001
       327     1.1159785271E+001
       328     9.0544052124E+000
       329     1.8290435791E+001
       330     2.0796365738E+001
       331     2.3956186295E+001
       332     1.8924165726E+001
       333     1.5799214172E+002
       334     1.6167636108E+002
       335     1.4588053894E+002
       336     1.5531266785E+002
       337     1.5611987305E+002
       338     1.5714659119E+002
       339     9.5959053040E+000
       340     1.3037438393E+001
       341     1.9516404724E+002
       342     1.5932778931E+002
       343     1.7173465729E+001
       344     9.5004720688E+000
       345     2.9512302876E+000
       346     2.1207424164E+001
       347     1.8236070633E+001
       348     1.1697817802E+001
       349     2.7597281933E+000
       350     3.3712301254E+000
       351     3.4118539429E+002
       352     1.5675302124E+002
       353     1.5596049500E+002
       354     1.5288160706E+002
       355     1.1762631989E+002
       356     2.1347492981E+002
       357     3.5659588623E+002
       358     3.0542769432E+000
       359     1.5361706543E+002
       360     1.8969396591E+001
       361     1.9793505859E+002
       362     4.0031876564E+000
       363     2.2089893341E+001
       364     1.4829135895E+001
       365     1.2216470718E+001
       366     1.6235271454E+001
       367     4.4860672951E+000
       368     3.5865261555E+000
       369     1.9543615723E+002
       370     3.3965155029E+002
       371     3.5793176270E+002
       372     3.5533139038E+002
       373     3.4237930298E+002
       374     3.5372091675E+002
       375     3.4807849121E+002
       376     3.4979336548E+002
       377     3.5182257080E+002
       378     1.5454393005E+002
       379     1.5074569702E+002
       380     3.3904766846E+002
       381     3.4953637695E+002
       382     4.8311166763E+000
       383     6.3235521317E+000
       384     3.2754302979E+002
       385     7.1679053307E+000
       386     1.7371157837E+002
       387     1.1781559944E+001
       388     1.5368589783E+002
       389     2.8502569199E+001
       390     1.9117985535E+002
       391     1.9034419250E+002
       392     2.3814586639E+001
       393     1.6445442200E+001
       394     3.6277186871E+000
       395     6.6065602303E+000
       396     1.8944406128E+002
       397     1.9014532471E+002
       398     1.0157510757E+001
       399     7.5001850128E+000
       400     9.5250492096E+000
       401     8.6142883301E+000
       402     1.0991471291E+001
       403     7.2694945335E+000
       404     4.5246706009E+000
       405     1.5045381165E+002
       406     1.1275697327E+002
       407     1.2823326111E+001
       408     2.6045932770E+001
       409     1.8430364609E+001
       410     1.1328773499E+001
       411     3.1360266113E+002
       412     1.1215533257E+001
       413     7.0420622826E+000
       414     3.6411323547E+000
       415     1.5214891052E+002
       416     1.5257229614E+002
       417     1.8448617554E+002
       418     1.8327989197E+002
       419     1.8376617432E+002
       420     1.0426731110E+001
       421     1.2770067215E+001
       422     1.8658491516E+002
       423     9.6076717377E+000
       424     1.2259301186E+001
       425     1.0980914116E+001
       426     5.7176566124E+000
       427     7.0332751274E+000
       428     6.7339272499E+000
       429     1.4905024719E+002
       430     1.4886459351E+002
       431     1.3037635803E+001
       432     3.5862246704E+002
       433     2.2871659851E+002
       434     2.0980518341E+001
       435     7.7781100273E+000
       436     7.0266313553E+000
       437     1.9136541367E+001
       438     3.9553484917E+000
       439     3.9626557827E+000
       440     7.2958087921E+000
       441     1.5161102295E+002
       442     1.7500163269E+002
       443     1.7860487366E+002
       444     1.8297023010E+002
       445     1.6313507080E+001
       446     1.8434671021E+002
       447     1.2622194290E+001
       448     1.7511915207E+001
       449     1.4187340736E+001
       450     9.4988069534E+000
       451     1.0502305031E+001
       452     1.4981259155E+002
       453     1.4405456543E+002
       454     1.9799615860E+001
       455     1.7024925232E+001
       456     1.5850992203E+001
       457     3.5196862793E+002
       458     1.4623303413E+001
       459     5.6703920364E+000
       460     7.7247371674E+000
       461     1.2765960693E+001
       462     1.1270881653E+001
       463     1.0147727013E+001
       464     1.2223584175E+001
       465     1.5244497681E+002
       466     1.7720983887E+002
       467     1.7686509705E+002
       468     1.8009970093E+002
       469     2.1886602402E+001
       470     1.7979316711E+001
       471     2.2033842087E+001
       472     1.8137851715E+001
       473     1.4841144562E+001
       474     1.3628351212E+001
       475     1.5100048828E+002
       476     1.4929530334E+002
       477     2.1738424301E+001
       478     1.8788110733E+001
       479     2.2296796799E+001
       480     5.4560394287E+000
       481     6.3929147720E+000
       482     3.3844381714E+002
       483     3.4002456665E+002
       484     1.0662384033E+001
       485     1.1605515480E+001
       486     1.4238259315E+001
       487     1.2680191040E+001
       488     1.3631496429E+001
       489     1.4655553818E+001
       490     1.7255474854E+002
       491     1.7512861633E+002
       492     1.7635098267E+002
       493     1.7903713989E+002
       494     2.1250867844E+001
       495     2.6385055542E+001
       496     1.9892709732E+001
       497     1.8721567154E+001
       498     1.5210050964E+002
       499     1.5423983765E+002
       500     1.3577186584E+002
       501     2.0614734650E+001
       502     2.2925228119E+001
       503     1.8768501282E+001
       504     1.7079023361E+001
       505     2.2533006668E+001
       506     2.0879730225E+001
       507     2.1602203369E+001
       508     1.1733357430E+001
       509     1.6101865768E+001
       510     1.6363914490E+001
       511     1.1929761887E+001
       512     1.7618820190E+001
       513     1.9335874557E+001
       514     1.4914328003E+002
       515     1.5701034546E+002
       516     1.7494667053E+002
       517     1.7768061829E+002
       518     2.5381767273E+001
       519     2.8519126892E+001
       520     2.4071573257E+001
       521     1.5122233582E+002
       522     1.4984400940E+002
       523     2.0773115158E+001
       524     1.6868965149E+001
       525     2.2070022583E+001
       526     1.5758305550E+001
       527     1.2121346474E+001
       528     1.3631782532E+001
       529     1.3023164749E+001
       530     1.8130016327E+001
       531     1.7661949158E+001
       532     1.7695989609E+001
       533     1.9210361481E+001
       534     1.7790279388E+001
       535     2.2552551270E+001
       536     2.1791389465E+001
       537     2.3882066727E+001
       538     1.4882467651E+002
       539     1.7117118835E+002
       540     1.7332322693E+002
       541     2.9329219818E+001
       542     3.0053203583E+001
       543     2.5855884552E+001
       544     1.5245550537E+002
       545     1.5572627258E+002
       546     1.5512264252E+001
       547     2.5548274994E+001
       548     1.6764968872E+001
       549     1.5833824158E+001
       550     1.3645856857E+001
       551     1.6306934357E+001
       552     1.5585697174E+001
       553     1.8540302277E+001
       554     1.5496037483E+001
       555     1.9042020798E+001
       556     2.0354103088E+001
       557     2.0705558777E+001
       558     2.4465574265E+001
       559     2.4323358536E+001
       560     2.6570774078E+001
       561     1.7063687134E+002
       562     1.7155918884E+002
       563     1.7330781555E+002
       564     3.0324935913E+001
       565     2.9294897079E+001
       566     1.5580899048E+002
       567     1.5660035706E+002
       568     2.6121952057E+001
       569     2.2288299561E+001
       570     2.8924148560E+001
       571     1.9065158844E+001
       572     1.7868471146E+001
       573     1.9916486740E+001
       574     2.2626831055E+001
       575     1.7414373398E+001
       576     1.7963434219E+001
       577     1.9955091476E+001
       578     2.2168865204E+001
       579     2.0592550278E+001
       580     2.2725870132E+001
       581     2.3719068527E+001
       582     2.6863824844E+001
       583     2.6501337051E+001
       584     2.9056127548E+001
       585     1.7063624573E+002
       586     1.7024148560E+002
       587     1.7152915955E+002
       588     2.9969547272E+001
       589     1.5769351196E+002
       590     1.5249961853E+002
       591     2.6151342392E+001
       592     2.1227453232E+001
       593     2.5310453415E+001
       594     2.6632635117E+001
       595     2.3010301590E+001
       596     2.2991109848E+001
       597     2.4888389587E+001
       598     2.5641010284E+001
       599     2.4884302139E+001
       600     2.1485897064E+001
       601     2.3299274445E+001
       602     2.3480100632E+001
       603     2.6197294235E+001
       604     2.6042377472E+001
       605     2.8758838654E+001
       606     2.8413629532E+001
       607     2.8258657455E+001
       608     2.9860588074E+001
       609     1.5613536072E+002
       610     1.7000659180E+002
       611     3.0234951019E+001
       612     1.5597691345E+002
       613     1.5312223816E+002
       614     2.2171388626E+001
       615     2.9759962082E+001
       616     3.0220970154E+001
       617     3.3267162323E+001
       618     3.4140083313E+001
       619     2.5914989471E+001
       620     2.5216899872E+001
       621     2.4800830841E+001
       622     2.4959630966E+001
       623     2.5557458878E+001
       624     2.6880950928E+001
       625     2.7997905731E+001
       626     2.7190828323E+001
       627     2.6227134705E+001
       628     2.5571104050E+001
       629     2.7927677155E+001
       630     3.0239301682E+001
       631     2.9474800110E+001
       632     2.9319087982E+001
       633     3.1387531281E+001
       634     1.5208044434E+002
       635     1.5516340637E+002
       636     1.5436758423E+002
       637     1.4825920105E+002
       638     2.8123294830E+001
       639     2.8696615219E+001
       640     3.0261926651E+001
       641     3.3451148987E+001
       642     3.3897846222E+001
       643     2.7949630737E+001
       644     2.8827844620E+001
       645     3.0082715988E+001
       646     3.1050743103E+001
       647     2.7556228638E+001
       648     3.2621604919E+001
       649     2.9216487885E+001
       650     2.8901906967E+001
       651     2.8112831116E+001
       652     2.8619237900E+001
       653     2.9469665527E+001
       654     3.1034023285E+001
       655     3.1483524323E+001
       656     3.0162374496E+001
       657     3.1598915100E+001
       658     1.5431082153E+002
       659     1.5467999268E+002
       660     1.4968704224E+002
       661     2.9165985107E+001
       662     3.0721330643E+001
       663     3.1120389938E+001
       664     3.4004352570E+001
       665     3.4210609436E+001
       666     3.4603172302E+001
       667     3.6896968842E+001
       668     3.2089859009E+001
       669     3.5170570374E+001
       670     3.2786201477E+001
       671     3.2262794495E+001
       672     3.4834949493E+001
       673     2.9748840332E+001
       674     3.1523845673E+001
       675     3.1328718185E+001
       676     2.9497356415E+001
       677     2.9903238297E+001
       678     3.0242036819E+001
       679     3.1553272247E+001
       680     3.1352113724E+001
       681     3.0981752396E+001
       682     3.2066371918E+001
       683     1.5494132996E+002
       684     9.8574707031E+001
       685     1.5356069946E+002
       686     1.4916217041E+002
       687     3.4057430267E+001
       688     3.3048545837E+001
       689     2.7919595718E+001
       690     3.4274467468E+001
       691     3.4796127319E+001
       692     3.4694057465E+001
       693     3.4607494354E+001
       694     3.4119293213E+001
       695     3.3342903137E+001
       696     3.5053848267E+001
       697     3.5593414307E+001
       698     3.3405006409E+001
       699     3.4908462524E+001
       700     3.1847238541E+001
       701     3.3876693726E+001
       702     3.0804431915E+001
       703     3.1904996872E+001
       704     3.0668313980E+001
       705     3.1881498337E+001
       706     3.2208953857E+001
       707     3.1840677261E+001
       708     3.4343399048E+001
       709     1.4056771851E+002
       710     1.4806657410E+002
       711     4.4779460907E+001
       712     3.5239997864E+001
       713     7.7636299133E+001
       714     2.1203155518E+001
       715     3.9229446411E+001
       716     3.9759281158E+001
       717     5.5427402496E+001
       718     3.2308155060E+001
       719     2.7928056717E+001
       720     2.9950269699E+001
       721     3.2870651245E+001
       722     3.4173286438E+001
       723     3.1926403046E+001
       724     3.2236625671E+001
       725     3.5533939362E+001
       726     3.5403892517E+001
       727     3.5244262695E+001
       728     3.6449192047E+001
       729     3.4554691315E+001
       730     3.5283397675E+001
       731     3.2137649536E+001
       732     3.4188102722E+001
       733     3.2581703186E+001
       734     3.2679958344E+001
       735     3.4259414673E+001
       736     3.9359619141E+001
       737     3.5945781708E+001
       738     3.3722110748E+001
       739     4.2773410797E+001
       740     5.2834197998E+001
       741     4.1646110535E+001
       742     3.2651866913E+001
       743     3.1207330704E+001
       744     3.2143913269E+001
       745     3.4428977966E+001
       746     3.2852184296E+001
       747     3.2366294861E+001
       748     3.5858188629E+001
       749     3.7216506958E+001
       750     3.6275459290E+001
       751     3.6165000916E+001
       752     3.6852691650E+001
       753     3.7844852448E+001
       754     4.8801334381E+001
       755     3.7250652313E+001
       756     3.5377849579E+001
       757     3.5828533173E+001
       758     3.9400878906E+001
       759     3.5901859283E+001
       760     3.3739738464E+001
       761     3.4090015411E+001
       762     3.4082996368E+001
       763     3.4836006165E+001
       764     3.8269973755E+001
       765     3.7686996460E+001
       766     3.7385967255E+001
       767     3.7539009094E+001
       768     3.6563365936E+001
       769     6.7666442871E+001
       770     3.8516029358E+001
       771     3.4146862030E+001
       772     3.1731554031E+001
       773     3.3935840607E+001
       774     3.3966884613E+001
       775     3.3131065369E+001
       776     3.7551952362E+001
       777     3.4743503571E+001
       778     3.6139537811E+001
       779     3.7443622589E+001
       780     3.8553138733E+001
       781     3.9840667725E+001
       782     4.1127365112E+001
       783     4.3776519775E+001
       784     6.2523742676E+001
       785     1.5265089417E+002
       786     4.0050090790E+001
       787     3.0429740906E+001
       788     3.5412799835E+001
       789     4.4636882782E+001
       790     1.1608264160E+002
       791     3.3101184845E+001
       792     3.8846725464E+001
       793     3.4472988129E+001
       794     3.7420883179E+001
       795     4.1385864258E+001
       796     4.0640548706E+001
       797     4.3534767151E+001
       798     1.7382899475E+002
       799     1.7867526245E+002
       800     6.6500000000E+001
       801     4.1694522858E+001
       802     3.4068923950E+001
       803     1.3107002258E+002
       804     2.9076101303E+001
       805     7.0392295837E+001
       806     3.5811943054E+001
       807     4.1133327484E+001
       808     3.9378433228E+001
       809     4.1908355713E+001
       810     4.0228546143E+001
       811     2.9470279694E+001
       812     4.2641223907E+001
       813     2.8416311264E+001
       814     1.4175024414E+002
       815     3.6426445007E+001
       816     3.5464473724E+001
       817     3.8810398102E+001
       818     3.5780799866E+001
       819     3.2869750977E+001
       820     3.9698509216E+001
       821     3.8852874756E+001
       822     9.2548515320E+001
       823     2.0967195511E+001
       824     3.1451278687E+002
       825     2.3820037842E+001
       826     3.7079059601E+001
       827     3.8473670959E+001
       828     3.5639045715E+001
       829     3.3219131470E+001
       830     3.8552227020E+001
       831     1.4490127563E+002
       832     2.1005727768E+001
       833     1.0670432281E+002
       834     3.3092285156E+002
       835     2.9923440933E+001
       836     3.2148563385E+001
       837     3.9942447662E+001
       838     3.8098152161E+001
       839     1.4933027649E+002
       840     2.5699525833E+001
       841     1.4342500687E+001
       842     1.7106515503E+002
       843     1.2270281792E+001
       844     1.8553323746E+001
       845     3.0961160660E+001
       846     2.7551118851E+001
       847     3.1212928772E+001
       848     1.2292531586E+002
       849     2.2327981949E+001
       850     1.6720441818E+001
       851     1.5854048157E+002
       852     2.3755277634E+001
       853     1.9035701752E+001
       854     1.4043984413E+001
       855     2.2156841278E+001
       856     1.5562695312E+002
       857     1.3507820129E+001
       858     1.1176200867E+001
       859     1.9071855545E+001
       860     1.6455151367E+002
       861     9.6371574402E+000
       862     2.2682270050E+001
       863     5.9555420876E+000
       864     1.6017814636E+002
       865     1.2958951950E+001
       866     1.7213726044E+001
       867     1.7291664124E+001
       868     2.2177316666E+001
       869     1.5369740486E+001
       870     1.5823620605E+002
       871     1.1331494331E+001
       872     3.2671023560E+002
       873     2.0039907837E+002
       874     6.0017642975E+000
       875     1.3910828829E+000
       876     1.6634585571E+002
       877     1.6303304672E+001
       878     8.6923927307E+001
       879     1.0890685081E+001
       880     5.2727079391E+000
       881     3.6948825836E+001
       882     1.4601127625E+002
       883     1.3016553879E+001
       884     1.7494956970E+002
       885     3.5953067017E+002
       886     3.0449505615E+002
       887     1.4937492371E+001
       888     5.8744325638E+000
       889     1.6059965134E+001
       890     1.7041294861E+002
       891     1.6224660873E+001
       892     1.5741309166E+001
       893     1.4284106255E+001
       894     1.7171554565E+002
       895     1.8016158342E+000
       896     3.3616632080E+002
       897     7.8766479492E+000
       898     5.3129267693E+000
       899     1.8867204666E+001
       900     1.3398170471E+001
       901     1.8270718384E+002
       902     1.3707693481E+002
       903     9.9976701736E+000
       904     1.1586692810E+001
       905     2.8009233475E+001
       906     1.6607557678E+002
       907     1.6963475037E+002
       908     1.7228601074E+002
       909     3.8395864964E+000
       910     3.4180529785E+002
       911     6.1658525467E+000
       912     4.3872256279E+000
       913     2.3518362045E+001
       914     1.0643846130E+002
       915     1.8744830322E+002
       916     1.2871051788E+001
       917     9.2930984497E+000
       918     3.5416253662E+002
       919     1.3098607063E+001
       920     1.6647874451E+002
       921     1.6740055847E+002
       922     3.2416262627E+000
       923     1.8028852940E+000
       924     6.4336080551E+000
       925     2.6388355255E+001
       926     1.2464082336E+002
       927     1.7033982849E+002
       928     1.4264686584E+001
       929     1.0141495705E+001
       930     3.4840798950E+002
       931     3.5388442993E+002
       932     3.5132470703E+002
       933     2.0866384506E+001
       934     1.6408818054E+002
       935     9.4302463531E+000
       936     3.5937677002E+002
       937     1.8200131655E+000
       938     6.6820492744E+000
       939     1.7817764282E+001
       940     2.9713211060E+001
       941     1.0621155548E+002
       942     1.8692419434E+002
       943     1.1439008713E+001
       944     2.5846819878E+000
       945     4.1050705910E+000
       946     1.6779512024E+002
       947     3.4282742310E+002
       948     3.5862933350E+002
       949     7.7514845133E-001
       950     4.3428087234E+000
       951     8.2256422043E+000
       952     1.5458189011E+001
       953     1.5979166985E+001
       954     1.8115224838E+001
       955     7.9817781448E+000
       956     1.7038247681E+002
       957     1.0276594162E+001
       958     3.3897146606E+002
       959     1.8199165344E+002
       960     3.4227337646E+002
       961     2.3001532555E+000
       962     6.3719258308E+000
       963     1.0948247910E+001
       964     1.8180442810E+001
       965     1.7024461365E+002
       966     9.7269344330E+000
       967     1.8822508240E+002
       968     3.5669653320E+002
       969     1.7604118347E+002
       970     1.7064913940E+002
       971     1.6662500000E+002
       972     1.7191755676E+002
       973     1.3723768616E+002
       974     3.1849063110E+002
       975     1.8041629028E+002
       976     1.7840914917E+002
       977     1.7231262207E+002
       978     1.1025086212E+002
       979     1.6017242432E+002
       980     1.7452667236E+002
       981     1.7873583984E+002
       982     3.1588513184E+002
       983     1.3967153931E+002
       984     1.7939703369E+002
       985     1.7754252625E+002
       986     1.7353526306E+002
       987     1.4849530029E+002
       988     1.5021142578E+002
       989     1.7472991943E+002
       990     1.7049703979E+002
       991     2.0670008850E+002
       992     1.1134534454E+002
       993     1.8243115234E+002
       994     1.7886906433E+002
       995     1.7330311584E+002
       996     1.7730384827E+002
       997     1.7037390137E+002
       998     2.1222918701E+002
       999     1.3348045349E+002
      1000     1.9295469666E+002
      1001     1.3692265320E+002
      1002     1.7922454834E+002
      1003     1.7613029480E+002
      1004     1.7407733154E+002
      1005     1.8531124878E+002
      1006     2.1685661316E+002
      1007     1.3882380676E+002
      1008     1.2524031067E+002
      1009     1.8798739624E+002
      1010     1.7260923767E+002
      1011     1.7828591919E+002
      1012     1.7742167664E+002
      1013     1.8307026672E+002
      1014     2.2230648804E+002
      1015     1.7252745056E+002
      1016     2.2833488464E+002
      1017     1.7354699707E+002
      1018     1.8129600525E+002
      1019     1.8021728516E+002
      1020     1.8797412109E+002
      1021     1.7199533081E+002
      1022     2.2858145142E+002
      1023     1.8120634460E+002
      1024     1.8297834778E+002
      1025     1.8760920715E+002
      1026     1.8170277405E+002
      1027     1.5232516479E+002
      1028     1.9590733337E+002
      1029     1.8425462341E+002
      1030     1.8530952454E+002
      1031     1.6669515991E+002
      1032     1.9176559448E+002
      1033     1.8686218262E+002
      1034     1.7270378113E+002
      1035     2.2523796082E+002
      1036     1.7988117981E+002
      1037     2.2742025757E+002
      1038     2.3323471069E+002
      1039     2.2850378418E+002
      1040     1.6528298950E+002
      1041     2.0976086426E+002
      1042     2.2634780884E+002
      1043     2.1071469116E+002
      1044     1.6756105042E+002
      1045     2.2244558716E+002
      1046     2.2526606750E+002
      1047     2.0534451294E+002
      1048     1.9854435730E+002
      1049     2.0075482178E+002
      1050     1.5164067078E+002
      1051     2.0179759216E+002
      1052     1.9706881714E+002
      1053     1.9559020996E+002
      1054     1.9816882324E+002
      1055     4.1588329315E+001
      1056     1.9540682983E+002
      1057     1.7317143250E+002
      1058     2.2028343201E+002
      1059     3.1030130005E+002
      1060     2.2996502686E+002
      1061     3.1025582886E+002
      1062     2.3660816956E+002
      1063     3.0979861450E+002
      1064     2.2752192688E+002
      1065     2.9322982788E+002
      1066     2.1693280029E+002
      1067     2.8242306519E+002
      1068     1.6236878967E+002
      1069     3.4274707794E+001
