  nc_newport_river_core_cr4_bath    v31.06 iterative         Albemarle-Pamlico Estuar
          1       1069  0.1000000E+001        1     1 FileFmtVersion:    1050624
     2.5920000000E+005          51840
         1     1.3309578598E-001
         2     1.6846673489E+000
         3     9.7982877493E-001
         4     1.9781386852E+000
         5     1.1765393019E+000
         6     1.8848174810E+000
         7     1.1049225330E+000
         8     1.9674893618E+000
         9     2.1588754654E+000
        10     8.3340835571E-001
        11     2.0706598759E+000
        12     2.1179623604E+000
        13     1.0301562548E+000
        14     1.8874574900E+000
        15     2.4455423355E+000
        16     1.1374459267E+000
        17     1.7328206301E+000
        18     1.1374053955E+000
        19     1.6830496788E+000
        20     6.7359417677E-001
        21     1.8818980455E+000
        22     1.1478739977E+000
        23     1.5163083076E+000
        24     7.0782142878E-001
        25     2.0844092369E+000
        26     1.6945817471E+000
        27     1.4307398796E+000
        28     5.6407135725E-001
        29     1.9936773777E+000
        30     1.5677214861E+000
        31     1.6412296295E+000
        32     1.1897512674E+000
        33     2.2174360752E+000
        34     1.4426791668E+000
        35     1.6208319664E+000
        36     1.2161649466E+000
        37     2.2206022739E+000
        38     1.7506067753E+000
        39     1.6303744316E+000
        40     1.6411497593E+000
        41     4.2740330100E-001
        42     1.8113791943E+000
        43     1.0171293020E+000
        44     1.8405345678E+000
        45     1.3029466867E+000
        46     1.8507988453E+000
        47     1.3322592974E+000
        48     1.9306517839E+000
        49     7.9351592064E-001
        50     8.6230510473E-001
        51     1.8610174656E+000
        52     1.4313454628E+000
        53     1.4627593756E+000
        54     1.3544704914E+000
        55     2.9906795025E+000
        56     1.3019149303E+000
        57     2.3667829037E+000
        58     1.4594730139E+000
        59     1.5312995911E+000
        60     1.6747581959E+000
        61     7.6386004686E-001
        62     7.9401171207E-001
        63     1.9768267870E+000
        64     1.6033428907E+000
        65     1.2712318897E+000
        66     2.8411061764E+000
        67     2.9876708984E+000
        68     1.3172738552E+000
        69     1.8159787655E+000
        70     1.4061205387E+000
        71     1.6090559959E+000
        72     1.6876143217E+000
        73     9.5636284351E-001
        74     1.4068609476E+000
        75     1.2513082027E+000
        76     1.8218926191E+000
        77     1.5331370831E+000
        78     1.1843349934E+000
        79     1.6939800978E+000
        80     2.9868044853E+000
        81     1.0222986937E+000
        82     2.8604576588E+000
        83     1.8316954374E+000
        84     2.6375160217E+000
        85     2.7221558094E+000
        86     1.3222950697E+000
        87     1.3585523367E+000
        88     1.4087791443E+000
        89     1.3227435350E+000
        90     1.4141222239E+000
        91     1.2550518513E+000
        92     3.1402387619E+000
        93     2.6513369083E+000
        94     1.1333768368E+000
        95     2.6659471989E+000
        96     1.4793320894E+000
        97     2.8452212811E+000
        98     1.2856072187E+000
        99     1.5866138935E+000
       100     4.7754415870E-001
       101     1.6008805037E+000
       102     1.2199783325E+000
       103     1.5942193270E+000
       104     1.1807670593E+000
       105     1.3508479595E+000
       106     1.0090256929E+000
       107     2.9878945351E+000
       108     2.9067952633E+000
       109     2.3757133484E+000
       110     7.9292702675E-001
       111     2.8357756138E+000
       112     2.8536260128E+000
       113     2.7336432934E+000
       114     1.3444269896E+000
       115     1.7232329845E+000
       116     1.4421968460E+000
       117     1.5635308027E+000
       118     5.7515484095E-001
       119     2.1520967484E+000
       120     1.3196464777E+000
       121     2.6589012146E+000
       122     1.3804968596E+000
       123     1.4091383219E+000
       124     5.8023160696E-001
       125     1.2278721333E+000
       126     1.1565330029E+000
       127     1.3875584602E+000
       128     2.5888843536E+000
       129     7.6053929329E-001
       130     2.8336718082E+000
       131     2.7183306217E+000
       132     2.7095844746E+000
       133     1.6454590559E+000
       134     1.1609617472E+000
       135     2.0211603642E+000
       136     2.4090156555E+000
       137     1.3542543650E+000
       138     1.3712023497E+000
       139     2.6876227856E+000
       140     2.1095643044E+000
       141     1.4625904560E+000
       142     1.5125563145E+000
       143     1.0242428780E+000
       144     8.0636119843E-001
       145     1.1819114685E+000
       146     1.2316114902E+000
       147     2.6914241314E+000
       148     2.3354129791E+000
       149     2.8519344330E+000
       150     1.0856941938E+000
       151     2.6925857067E+000
       152     1.3542926311E+000
       153     2.6048266888E+000
       154     1.1503412724E+000
       155     1.3703126907E+000
       156     1.4649852514E+000
       157     2.7112767696E+000
       158     2.3955581188E+000
       159     1.8624620438E+000
       160     1.9197700024E+000
       161     2.0066287518E+000
       162     1.1006914377E+000
       163     1.2747551203E+000
       164     2.0853426456E+000
       165     2.9293801785E+000
       166     1.4709582329E+000
       167     2.5859429836E+000
       168     1.2435836792E+000
       169     1.1713103056E+000
       170     2.6110854149E+000
       171     1.3781163692E+000
       172     5.9030210972E-001
       173     1.7304648161E+000
       174     2.7147881985E+000
       175     2.3453559875E+000
       176     1.1648044586E+000
       177     8.1888103485E-001
       178     2.0367169380E+000
       179     2.8406927586E+000
       180     2.7579023838E+000
       181     2.4793164730E+000
       182     8.5646057129E-001
       183     2.7678656578E-001
       184     4.2637988925E-001
       185     8.2159245014E-001
       186     7.0383572578E-001
       187     1.9644304514E+000
       188     2.2720987797E+000
       189     2.6903314590E+000
       190     2.0611774921E+000
       191     1.0086430311E+000
       192     1.3634243011E+000
       193     1.4464926720E+000
       194     1.3994923830E+000
       195     2.4873149395E+000
       196     9.5488780737E-001
       197     1.1839500666E+000
       198     8.9853918552E-001
       199     2.2621901035E+000
       200     2.6516916752E+000
       201     1.4551733732E+000
       202     1.8863961697E+000
       203     2.6093125343E+000
       204     2.3630599976E+000
       205     2.4815757275E+000
       206     2.8565521240E+000
       207     2.7510790825E+000
       208     2.5955400467E+000
       209     5.7206898928E-001
       210     7.3743647337E-001
       211     1.7898385525E+000
       212     2.4912500381E+000
       213     2.1666247845E+000
       214     2.1840889454E+000
       215     1.8738952875E+000
       216     1.8415402174E+000
       217     2.3421936035E+000
       218     2.0300252438E+000
       219     1.2669959068E+000
       220     2.5306866169E+000
       221     1.0671008825E+000
       222     2.6053204536E+000
       223     2.6290142536E+000
       224     2.5645306110E+000
       225     2.6676445007E+000
       226     2.7048623562E+000
       227     2.7694926262E+000
       228     2.6510767937E+000
       229     2.0825698376E+000
       230     6.2206047773E-001
       231     6.4416259527E-001
       232     9.6315574646E-001
       233     6.8910211325E-001
       234     2.4243347645E+000
       235     1.3401591778E+000
       236     1.8598544598E+000
       237     2.2929210663E+000
       238     1.1493753195E+000
       239     4.7606170177E-001
       240     4.0654295683E-001
       241     2.1399888992E+000
       242     2.6084132195E+000
       243     2.3345749378E+000
       244     2.6385424137E+000
       245     1.4021755457E+000
       246     2.3314831257E+000
       247     2.3920516968E+000
       248     2.5349090099E+000
       249     2.6254348755E+000
       250     2.5330569744E+000
       251     2.3726210594E+000
       252     1.9195870161E+000
       253     9.0791225433E-001
       254     7.3319762945E-001
       255     3.1095188856E-001
       256     9.5692914724E-001
       257     5.0152969360E-001
       258     8.5809850693E-001
       259     1.5377868414E+000
       260     9.6608805656E-001
       261     2.4002766609E+000
       262     1.5706110001E+000
       263     2.2581217289E+000
       264     8.0207741261E-001
       265     1.2257969379E+000
       266     6.7361968756E-001
       267     2.4660835266E+000
       268     2.5862674713E+000
       269     1.5545487404E+000
       270     1.6490751505E+000
       271     1.7836511135E+000
       272     2.0794100761E+000
       273     2.3105094433E+000
       274     2.3071453571E+000
       275     2.3684725761E+000
       276     2.2937650681E+000
       277     5.1926678419E-001
       278     7.7290272713E-001
       279     7.6509582996E-001
       280     8.0991142988E-001
       281     1.0224316120E+000
       282     1.5744156837E+000
       283     8.3280509710E-001
       284     2.3388168812E+000
       285     2.0770556927E+000
       286     2.3363142014E+000
       287     9.1362887621E-001
       288     5.6245809793E-001
       289     9.2061394453E-001
       290     2.4084353447E+000
       291     1.7118140459E+000
       292     1.5281251669E+000
       293     1.6200652122E+000
       294     1.7321131229E+000
       295     1.3884607553E+000
       296     9.0428316593E-001
       297     2.0036671162E+000
       298     2.2215175629E+000
       299     2.2743744850E+000
       300     6.0134601593E-001
       301     7.4367249012E-001
       302     5.6989175081E-001
       303     1.3460884094E+000
       304     1.4018299580E+000
       305     9.0775555372E-001
       306     2.2715353966E+000
       307     2.0362493992E+000
       308     2.3080449104E+000
       309     5.9499973059E-001
       310     5.5438143015E-001
       311     5.2528488636E-001
       312     9.2715436220E-001
       313     2.0271532536E+000
       314     2.0429980755E+000
       315     1.5696605444E+000
       316     1.7557132244E+000
       317     1.0699144602E+000
       318     2.1235475540E+000
       319     1.6490529776E+000
       320     2.1767561436E+000
       321     6.3101816177E-001
       322     5.2874255180E-001
       323     1.6378988028E+000
       324     1.0997813940E+000
       325     9.0213215351E-001
       326     2.1855659485E+000
       327     2.3493106365E+000
       328     1.3146315813E+000
       329     6.4555329084E-001
       330     6.1882150173E-001
       331     8.2016748190E-001
       332     4.8940432072E-001
       333     1.5192011595E+000
       334     9.7837060690E-001
       335     1.0534150600E+000
       336     2.0509843826E+000
       337     2.0245072842E+000
       338     1.8335938454E+000
       339     7.9757434130E-001
       340     6.2416839600E-001
       341     1.2287437916E+000
       342     2.1801266670E+000
       343     2.2884850502E+000
       344     1.9855976105E+000
       345     1.5984874964E+000
       346     4.9859553576E-001
       347     5.3859013319E-001
       348     7.1315789223E-001
       349     1.1125998497E+000
       350     1.2887701988E+000
       351     4.1297110915E-001
       352     1.8678704500E+000
       353     1.4717830420E+000
       354     1.2521519661E+000
       355     8.7347418070E-001
       356     4.1266983747E-001
       357     4.4549843669E-001
       358     3.3458670974E-001
       359     1.6317452192E+000
       360     1.8131672144E+000
       361     1.6874560118E+000
       362     1.4789756536E+000
       363     2.1238052845E+000
       364     2.1109890938E+000
       365     1.7992458344E+000
       366     5.1120615005E-001
       367     7.8657150269E-001
       368     1.4870054722E+000
       369     1.7484638691E+000
       370     2.1766348183E-001
       371     5.7841640711E-001
       372     2.6828572154E-001
       373     3.1211534142E-001
       374     3.1330242753E-001
       375     3.0997624993E-001
       376     2.8532499075E-001
       377     2.9473659396E-001
       378     1.6955184937E+000
       379     1.1902128458E+000
       380     4.6852466464E-001
       381     2.2782705724E-001
       382     4.7566813231E-001
       383     5.2896207571E-001
       384     4.0113416314E-001
       385     4.5252692699E-001
       386     8.6267232895E-001
       387     3.3899652958E-001
       388     1.4131392241E+000
       389     1.5172719955E+000
       390     2.0861239433E+000
       391     1.5885329247E+000
       392     1.7134548426E+000
       393     1.6174767017E+000
       394     1.5048794746E+000
       395     1.8860126734E+000
       396     2.0659129620E+000
       397     2.2407844067E+000
       398     1.1401745081E+000
       399     1.5761244297E+000
       400     1.3715819120E+000
       401     3.7499654293E-001
       402     1.1034026146E+000
       403     5.1895749569E-001
       404     6.5670889616E-001
       405     1.3414391279E+000
       406     1.1424702406E+000
       407     4.5811069012E-001
       408     5.9361392260E-001
       409     5.6426614523E-001
       410     6.6333693266E-001
       411     2.4434009194E-001
       412     3.9088127017E-001
       413     4.4537782669E-001
       414     5.3600746393E-001
       415     1.4627846479E+000
       416     1.4269336462E+000
       417     2.0030124187E+000
       418     1.6587274075E+000
       419     2.2446773052E+000
       420     1.9613939524E+000
       421     2.1468784809E+000
       422     2.2594580650E+000
       423     1.7721861601E+000
       424     1.9954886436E+000
       425     1.8094062805E+000
       426     7.9510790110E-001
       427     1.2429152727E+000
       428     1.0150256157E+000
       429     1.1623779535E+000
       430     9.6863245964E-001
       431     4.8164114356E-001
       432     4.3495443463E-001
       433     1.7783494294E-001
       434     5.2613657713E-001
       435     4.4903483987E-001
       436     4.3317386508E-001
       437     6.8722945452E-001
       438     7.5262212753E-001
       439     9.1733884811E-001
       440     1.4070284367E+000
       441     1.2848756313E+000
       442     1.5063580275E+000
       443     2.2573192120E+000
       444     2.3302521706E+000
       445     2.2142846584E+000
       446     2.2952008247E+000
       447     2.0497817993E+000
       448     2.2513391972E+000
       449     1.9084216356E+000
       450     1.5375859737E+000
       451     1.5738188028E+000
       452     1.2205884457E+000
       453     1.1584415436E+000
       454     6.9884657860E-001
       455     6.8651020527E-001
       456     7.2369378805E-001
       457     4.7900736332E-001
       458     5.6199818850E-001
       459     1.0959579945E+000
       460     6.1361759901E-001
       461     6.4078140259E-001
       462     1.4844788313E+000
       463     1.5437175035E+000
       464     1.6682844162E+000
       465     1.3246498108E+000
       466     1.6102293730E+000
       467     2.2038156986E+000
       468     2.2538619041E+000
       469     2.2567565441E+000
       470     2.2028160095E+000
       471     2.2981362343E+000
       472     1.9947086573E+000
       473     1.6556974649E+000
       474     1.7090637684E+000
       475     1.1886625290E+000
       476     5.8500927687E-001
       477     8.7072056532E-001
       478     6.9163018465E-001
       479     8.6495852470E-001
       480     5.0923639536E-001
       481     5.7283228636E-001
       482     5.3508120775E-001
       483     5.3410601616E-001
       484     9.1419321299E-001
       485     1.1235021353E+000
       486     1.5605640411E+000
       487     5.8216357231E-001
       488     1.6039072275E+000
       489     1.7384078503E+000
       490     1.5045683384E+000
       491     2.1248252392E+000
       492     2.1587808132E+000
       493     2.2128949165E+000
       494     2.2606818676E+000
       495     2.2631080151E+000
       496     2.1080489159E+000
       497     1.9317728281E+000
       498     9.9266642332E-001
       499     9.0480732918E-001
       500     9.6337956190E-001
       501     6.4174866676E-001
       502     6.4851808548E-001
       503     9.2716425657E-001
       504     6.6152960062E-001
       505     1.1569775343E+000
       506     9.7773933411E-001
       507     8.5327440500E-001
       508     1.1163100004E+000
       509     1.6159505844E+000
       510     1.6518937349E+000
       511     9.4817960262E-001
       512     1.7732669115E+000
       513     1.9654641151E+000
       514     1.3074197769E+000
       515     2.0445322990E+000
       516     2.0757362843E+000
       517     2.0855889320E+000
       518     2.2609639168E+000
       519     2.1213710308E+000
       520     2.1747517586E+000
       521     1.0101118088E+000
       522     7.0482337475E-001
       523     8.5331767797E-001
       524     6.5054768324E-001
       525     8.1852084398E-001
       526     9.4877552986E-001
       527     1.1351928711E+000
       528     1.4274259806E+000
       529     7.6515263319E-001
       530     9.2818963528E-001
       531     1.6100846529E+000
       532     1.6566476822E+000
       533     1.8943523169E+000
       534     1.7474696636E+000
       535     2.1271746159E+000
       536     2.1031322479E+000
       537     2.1754209995E+000
       538     8.7979912758E-001
       539     1.6437149048E+000
       540     1.8263534307E+000
       541     1.9302076101E+000
       542     2.1239604950E+000
       543     2.1486907005E+000
       544     1.0619950294E+000
       545     7.1322345734E-001
       546     7.0863592625E-001
       547     7.1154898405E-001
       548     7.9528200626E-001
       549     1.4735374451E+000
       550     1.6122888327E+000
       551     1.5886411667E+000
       552     1.6968487501E+000
       553     1.9323601723E+000
       554     1.3720208406E+000
       555     1.9021202326E+000
       556     1.9825750589E+000
       557     2.0825662613E+000
       558     2.1528611183E+000
       559     2.1857881546E+000
       560     2.1449360847E+000
       561     1.0756386518E+000
       562     1.6463840008E+000
       563     1.7206085920E+000
       564     1.8996826410E+000
       565     2.0957028866E+000
       566     1.4827160835E+000
       567     5.2644509077E-001
       568     7.2790896893E-001
       569     7.3112809658E-001
       570     7.4163722992E-001
       571     1.9422059059E+000
       572     7.4916869402E-001
       573     1.6782158613E+000
       574     2.0598688126E+000
       575     1.7305172682E+000
       576     1.8799074888E+000
       577     1.9456151724E+000
       578     2.1306869984E+000
       579     2.0930376053E+000
       580     2.1714291573E+000
       581     2.2294073105E+000
       582     2.1394095421E+000
       583     2.2155523300E+000
       584     2.1051425934E+000
       585     1.5648305416E+000
       586     1.8297134638E+000
       587     1.8771851063E+000
       588     1.9857436419E+000
       589     1.5727885962E+000
       590     7.0517444611E-001
       591     7.8227901459E-001
       592     8.8352328539E-001
       593     1.0736813545E+000
       594     8.0931967497E-001
       595     2.2030811310E+000
       596     1.8547271490E+000
       597     1.9787303209E+000
       598     2.1455955505E+000
       599     2.2945389748E+000
       600     2.1993403435E+000
       601     2.2764766216E+000
       602     2.2983965874E+000
       603     2.2558362484E+000
       604     2.2949485779E+000
       605     2.1302137375E+000
       606     2.1765470505E+000
       607     2.2518899441E+000
       608     2.0786619186E+000
       609     1.6975907087E+000
       610     1.8198511600E+000
       611     1.9385092258E+000
       612     7.6423847675E-001
       613     6.2071532011E-001
       614     7.8844952583E-001
       615     8.6492800713E-001
       616     8.7813025713E-001
       617     8.9994853735E-001
       618     8.9999908209E-001
       619     8.7875288725E-001
       620     1.1117469072E+000
       621     9.9968332052E-001
       622     1.2831434011E+000
       623     2.3131964207E+000
       624     1.9420520067E+000
       625     2.0914976597E+000
       626     2.2157373428E+000
       627     2.3325083256E+000
       628     2.3665614128E+000
       629     2.2963693142E+000
       630     2.1283674240E+000
       631     2.1702535152E+000
       632     2.2414560318E+000
       633     2.0027687550E+000
       634     1.7627104521E+000
       635     1.8902842999E+000
       636     1.6689878702E+000
       637     8.3447647095E-001
       638     9.4537097216E-001
       639     1.1011542082E+000
       640     1.0326234102E+000
       641     9.0478897095E-001
       642     9.9118322134E-001
       643     1.0573480129E+000
       644     1.8315300941E+000
       645     1.8918440342E+000
       646     1.5724506378E+000
       647     2.3354434967E+000
       648     2.1770701408E+000
       649     1.9034800529E+000
       650     2.2862074375E+000
       651     2.3348896503E+000
       652     2.3649511337E+000
       653     2.2895073891E+000
       654     2.0500051975E+000
       655     2.1429789066E+000
       656     2.1945860386E+000
       657     1.9217400551E+000
       658     1.7920486927E+000
       659     1.5728514194E+000
       660     7.8944057226E-001
       661     1.1988117695E+000
       662     1.3529806137E+000
       663     9.3008923531E-001
       664     9.3093746901E-001
       665     1.1284812689E+000
       666     1.2478883266E+000
       667     1.0542769432E+000
       668     9.7592788935E-001
       669     1.1129133701E+000
       670     1.7151843309E+000
       671     2.1677336693E+000
       672     2.0968260765E+000
       673     2.3079850674E+000
       674     2.1304309368E+000
       675     2.1114037037E+000
       676     2.3052079678E+000
       677     2.2994313240E+000
       678     2.2512452602E+000
       679     2.0041663647E+000
       680     2.0992336273E+000
       681     2.1745452881E+000
       682     1.8328725100E+000
       683     8.3252000809E-001
       684     8.2105171680E-001
       685     1.5899949074E+000
       686     7.0975852013E-001
       687     1.6642409563E+000
       688     9.6318358183E-001
       689     1.0120177269E+000
       690     9.6437853575E-001
       691     1.0341714621E+000
       692     1.1063401699E+000
       693     1.1293729544E+000
       694     1.0332312584E+000
       695     1.0406280756E+000
       696     1.2563599348E+000
       697     2.0435018539E+000
       698     2.0973584652E+000
       699     2.0176477432E+000
       700     2.1935541630E+000
       701     2.1161484718E+000
       702     2.2792661190E+000
       703     2.1514048576E+000
       704     2.1853220463E+000
       705     2.0594298840E+000
       706     1.9275182486E+000
       707     2.0191414356E+000
       708     1.7509341240E+000
       709     6.9677019119E-001
       710     1.3824753761E+000
       711     7.6590269804E-001
       712     1.7873959541E+000
       713     1.0351277590E+000
       714     1.0573148727E+000
       715     9.4940936565E-001
       716     1.2610316277E+000
       717     1.3020740747E+000
       718     9.8699158430E-001
       719     1.0688136816E+000
       720     1.0374673605E+000
       721     8.7569707632E-001
       722     1.0684421062E+000
       723     9.5020288229E-001
       724     9.2129492760E-001
       725     1.4551706314E+000
       726     2.0105094910E+000
       727     2.0824699402E+000
       728     2.0512297153E+000
       729     1.9139927626E+000
       730     1.9450048208E+000
       731     2.0459444523E+000
       732     1.6565912962E+000
       733     1.8774926662E+000
       734     1.9186471701E+000
       735     1.8236433268E+000
       736     1.1735788584E+000
       737     1.8851267099E+000
       738     1.0486509800E+000
       739     1.3209034204E+000
       740     1.3740258217E+000
       741     1.6582158804E+000
       742     1.0654969215E+000
       743     1.1059817076E+000
       744     1.0415009260E+000
       745     1.2088993788E+000
       746     9.7183674574E-001
       747     1.0369329453E+000
       748     1.6016176939E+000
       749     1.9754265547E+000
       750     1.9528038502E+000
       751     1.8408676386E+000
       752     1.4517325163E+000
       753     1.2975393534E+000
       754     9.6607011557E-001
       755     1.9884994030E+000
       756     1.0014232397E+000
       757     1.0620043278E+000
       758     1.0252094269E+000
       759     1.5316375494E+000
       760     9.7385615110E-001
       761     1.0538353920E+000
       762     1.2980546951E+000
       763     1.2340022326E+000
       764     1.9260174036E+000
       765     1.8625719547E+000
       766     1.8138904572E+000
       767     1.7387565374E+000
       768     1.4025611877E+000
       769     5.6843638420E-001
       770     1.9394441843E+000
       771     1.1978534460E+000
       772     1.2901592255E+000
       773     1.0480916500E+000
       774     1.0167448521E+000
       775     1.0199923515E+000
       776     1.7317938805E+000
       777     1.0314853191E+000
       778     1.3612909317E+000
       779     1.5384892225E+000
       780     1.9689273834E+000
       781     1.8254014254E+000
       782     1.7388104200E+000
       783     1.5255299807E+000
       784     8.5413998365E-001
       785     7.6839631796E-001
       786     1.9589284658E+000
       787     1.0757001638E+000
       788     1.0127998590E+000
       789     9.8343896866E-001
       790     7.3446750641E-001
       791     1.0135711432E+000
       792     1.7850781679E+000
       793     1.1621763706E+000
       794     1.4901196957E+000
       795     1.9445663691E+000
       796     1.7543953657E+000
       797     1.4473812580E+000
       798     4.6016183496E-001
       799     5.2835112810E-001
       800     6.4531451464E-001
       801     1.7321813107E+000
       802     9.7565871477E-001
       803     6.8137890100E-001
       804     1.1374856234E+000
       805     1.1226923466E+000
       806     1.1501038074E+000
       807     2.0087726116E+000
       808     1.7211258411E+000
       809     1.7772428989E+000
       810     1.3724428415E+000
       811     1.0118998289E+000
       812     1.4653395414E+000
       813     9.0374052525E-001
       814     6.9104260206E-001
       815     1.4820823669E+000
       816     1.5101748705E+000
       817     1.7516826391E+000
       818     1.6503093243E+000
       819     1.5324249268E+000
       820     1.7794899940E+000
       821     1.4966192245E+000
       822     5.5851203203E-001
       823     1.0004041195E+000
       824     5.8463132381E-001
       825     1.0699563026E+000
       826     1.7115457058E+000
       827     1.7423409224E+000
       828     1.3810406923E+000
       829     1.6387423277E+000
       830     1.5571881533E+000
       831     4.1389226913E-001
       832     1.1927843094E+000
       833     9.3605673313E-001
       834     8.4925800562E-001
       835     1.5971181393E+000
       836     1.5951837301E+000
       837     1.6638568640E+000
       838     1.5869224072E+000
       839     6.9288039207E-001
       840     1.0094259977E+000
       841     7.9182511568E-001
       842     9.2996788025E-001
       843     1.1272792816E+000
       844     1.6236799955E+000
       845     1.0918829441E+000
       846     1.6646697521E+000
       847     1.4591512680E+000
       848     7.1912902594E-001
       849     1.0260572433E+000
       850     8.2972830534E-001
       851     8.2269316912E-001
       852     9.5842891932E-001
       853     1.3952006102E+000
       854     1.3095943928E+000
       855     1.4255698919E+000
       856     9.7178143263E-001
       857     1.2175834179E+000
       858     1.1261725426E+000
       859     1.2324833870E+000
       860     7.9021936655E-001
       861     1.2791728973E+000
       862     1.5701142550E+000
       863     1.3228983879E+000
       864     6.0840737820E-001
       865     1.3521717787E+000
       866     1.2153470516E+000
       867     1.0604199171E+000
       868     9.0534698963E-001
       869     1.0535926819E+000
       870     7.8924828768E-001
       871     1.3691011667E+000
       872     7.8363019228E-001
       873     7.9074025154E-001
       874     1.4813141823E+000
       875     1.6046998501E+000
       876     9.0526545048E-001
       877     1.2978256941E+000
       878     4.9190777540E-001
       879     1.0720000267E+000
       880     1.6096365452E+000
       881     1.0647020340E+000
       882     1.0712248087E+000
       883     9.6252965927E-001
       884     8.5028338432E-001
       885     1.7995084524E+000
       886     5.2562958002E-001
       887     9.2855024338E-001
       888     1.8628956079E+000
       889     1.0039387941E+000
       890     9.4572663307E-001
       891     8.3982342482E-001
       892     1.1155332327E+000
       893     9.2652493715E-001
       894     9.7756975889E-001
       895     1.9660189152E+000
       896     9.5724159479E-001
       897     2.1470398903E+000
       898     2.0363898277E+000
       899     9.3286859989E-001
       900     8.6331838369E-001
       901     7.4566847086E-001
       902     1.4761122465E+000
       903     2.1415560246E+000
       904     2.0743117332E+000
       905     9.8029482365E-001
       906     1.0804672241E+000
       907     1.3210344315E+000
       908     7.7366822958E-001
       909     1.9948618412E+000
       910     1.1119318008E+000
       911     2.2025980949E+000
       912     2.0960602760E+000
       913     9.8999434710E-001
       914     1.0382869244E+000
       915     1.5896800756E+000
       916     2.0262038708E+000
       917     2.2088377476E+000
       918     6.1079984903E-001
       919     9.0651893616E-001
       920     1.2132277489E+000
       921     1.3575292826E+000
       922     2.0447354317E+000
       923     2.1074397564E+000
       924     2.2175238132E+000
       925     8.0966770649E-001
       926     1.0151113272E+000
       927     9.9179255962E-001
       928     1.8165066242E+000
       929     2.1332888603E+000
       930     1.8017201424E+000
       931     7.1633106470E-001
       932     8.4307324886E-001
       933     9.0513211489E-001
       934     7.3337757587E-001
       935     6.4144045115E-001
       936     2.0300450325E+000
       937     2.1412022114E+000
       938     2.2101736069E+000
       939     1.5211956501E+000
       940     5.3643137217E-001
       941     7.2843241692E-001
       942     1.0160311460E+000
       943     2.1150534153E+000
       944     1.2992570400E+000
       945     1.3667967319E+000
       946     9.8416382074E-001
       947     1.4457420111E+000
       948     1.8873958588E+000
       949     2.0639235973E+000
       950     2.1565561295E+000
       951     2.1922900677E+000
       952     1.9271812439E+000
       953     1.1824333668E+000
       954     8.9587563276E-001
       955     5.0711375475E-001
       956     7.7887099981E-001
       957     2.1311650276E+000
       958     1.5817054510E+000
       959     7.8145176172E-001
       960     1.9413002729E+000
       961     2.0616319180E+000
       962     2.1516172886E+000
       963     1.9846221209E+000
       964     1.0306917429E+000
       965     6.9662910700E-001
       966     2.1130588055E+000
       967     8.0755448341E-001
       968     1.8969395161E+000
       969     2.0775156021E+000
       970     1.9646183252E+000
       971     4.3224412203E-001
       972     2.2461669445E+000
       973     1.2629134655E+000
       974     7.5462663174E-001
       975     1.9818028212E+000
       976     2.1555783749E+000
       977     2.1304590702E+000
       978     7.9396802187E-001
       979     5.6982219219E-001
       980     2.3096024990E+000
       981     1.1281520128E+000
       982     7.9033744335E-001
       983     1.1734620333E+000
       984     2.0651967525E+000
       985     2.3014914989E+000
       986     2.0834314823E+000
       987     9.6013498306E-001
       988     5.4879873991E-001
       989     2.3971173763E+000
       990     9.8122954369E-001
       991     5.7160937786E-001
       992     8.8714528084E-001
       993     1.3639887571E+000
       994     2.1504395008E+000
       995     1.6505719423E+000
       996     2.4502284527E+000
       997     8.5272902250E-001
       998     8.0555760860E-001
       999     1.5175006390E+000
      1000     1.3370199203E+000
      1001     8.8395369053E-001
      1002     2.4925444126E+000
      1003     2.4527206421E+000
      1004     2.4775464535E+000
      1005     2.4406702518E+000
      1006     8.5090106726E-001
      1007     1.1253967285E+000
      1008     1.2774318457E+000
      1009     1.0911204815E+000
      1010     1.9418745041E+000
      1011     2.6042890549E+000
      1012     2.6279058456E+000
      1013     2.6178157330E+000
      1014     7.6896870136E-001
      1015     1.3512942791E+000
      1016     7.3743832111E-001
      1017     2.5523836613E+000
      1018     2.6554200649E+000
      1019     2.7273540497E+000
      1020     2.6117579937E+000
      1021     1.6332179308E+000
      1022     1.0325272083E+000
      1023     2.7561352253E+000
      1024     2.6803963184E+000
      1025     2.6128818989E+000
      1026     2.7099261284E+000
      1027     1.2659915686E+000
      1028     1.6718748808E+000
      1029     2.5493252277E+000
      1030     2.8471717834E+000
      1031     1.3804190159E+000
      1032     1.4210274220E+000
      1033     2.8759746552E+000
      1034     1.4104759693E+000
      1035     1.3894482851E+000
      1036     1.2235137224E+000
      1037     1.3418292999E+000
      1038     1.7691833973E+000
      1039     1.4557552338E+000
      1040     1.0852007866E+000
      1041     3.1197540760E+000
      1042     1.7740464211E+000
      1043     3.0014894009E+000
      1044     1.4487364292E+000
      1045     1.8513301611E+000
      1046     2.2325959206E+000
      1047     2.3331675529E+000
      1048     3.0339200497E+000
      1049     3.0924046040E+000
      1050     1.2993094921E+000
      1051     2.8696997166E+000
      1052     2.4540688992E+000
      1053     2.6278772354E+000
      1054     2.9875500202E+000
      1055     8.0552232265E-001
      1056     2.0918815136E+000
      1057     1.6971199512E+000
      1058     1.5329278708E+000
      1059     1.1002078056E+000
      1060     1.9889801741E+000
      1061     1.0390847921E+000
      1062     2.4490637779E+000
      1063     9.7584676743E-001
      1064     1.4000376463E+000
      1065     1.1478025913E+000
      1066     2.0395851135E+000
      1067     1.1891586781E+000
      1068     8.7486767769E-001
      1069     7.8936064243E-001
