  QUARTER ANNULAR TEST V20051108    ADCIRC V45.07             Quarter Annular Grid - 
          2         63  0.1000000E+001        1     1 FileFmtVersion:    1050624
     8.6400000000E+005           7200
         1     0.0000000000E+000
         2     2.4634045142E-001
         3     2.9713038997E-001
         4     2.9033755585E-001
         5     2.7323671648E-001
         6     2.4026985133E-001
         7     2.1199295044E-001
         8     1.2192485008E-006
         9     2.4052353524E-001
        10     2.9288950755E-001
        11     2.9263132006E-001
        12     2.7294536047E-001
        13     2.4383327129E-001
        14     2.1618944355E-001
        15     4.1860893265E-006
        16     2.4634146285E-001
        17     2.9713060811E-001
        18     2.9033745266E-001
        19     2.7323634810E-001
        20     2.4026968800E-001
        21     2.1199208432E-001
        22     4.1065925442E-006
        23     2.4052525643E-001
        24     2.9288925980E-001
        25     2.9263109091E-001
        26     2.7294574500E-001
        27     2.4383376359E-001
        28     2.1618956434E-001
        29     4.8463837110E-016
        30     2.4634270953E-001
        31     2.9713069522E-001
        32     2.9033746808E-001
        33     2.7323706981E-001
        34     2.4027026425E-001
        35     2.1199318179E-001
        36     4.1065925443E-006
        37     2.4052525643E-001
        38     2.9288925980E-001
        39     2.9263109091E-001
        40     2.7294574500E-001
        41     2.4383376359E-001
        42     2.1618956434E-001
        43     4.1860893264E-006
        44     2.4634146285E-001
        45     2.9713060811E-001
        46     2.9033745266E-001
        47     2.7323634810E-001
        48     2.4026968800E-001
        49     2.1199208432E-001
        50     1.2192485008E-006
        51     2.4052353524E-001
        52     2.9288950755E-001
        53     2.9263132006E-001
        54     2.7294536047E-001
        55     2.4383327129E-001
        56     2.1618944355E-001
        57     0.0000000000E+000
        58     2.4634045142E-001
        59     2.9713038997E-001
        60     2.9033755585E-001
        61     2.7323671648E-001
        62     2.4026985133E-001
        63     2.1199295044E-001
     8.6400000000E+005           7200
         1     1.2000000000E+002
         2     7.0632000000E+005
         3     7.9596000000E+005
         4     7.7280000000E+005
         5     8.1696000000E+005
         6     7.7208000000E+005
         7     8.6124000000E+005
         8     8.3208000000E+005
         9     7.9548000000E+005
        10     8.4060000000E+005
        11     6.8340000000E+005
        12     7.2756000000E+005
        13     7.7208000000E+005
        14     8.6124000000E+005
        15     8.4480000000E+005
        16     7.0632000000E+005
        17     7.9596000000E+005
        18     7.7280000000E+005
        19     8.1696000000E+005
        20     7.7208000000E+005
        21     8.6124000000E+005
        22     7.9980000000E+005
        23     7.9548000000E+005
        24     8.4060000000E+005
        25     6.8340000000E+005
        26     7.2756000000E+005
        27     7.7208000000E+005
        28     8.6124000000E+005
        29     1.8948000000E+005
        30     7.0632000000E+005
        31     7.9596000000E+005
        32     7.7280000000E+005
        33     8.1696000000E+005
        34     7.7208000000E+005
        35     8.6124000000E+005
        36     7.9980000000E+005
        37     7.9548000000E+005
        38     8.4060000000E+005
        39     6.8340000000E+005
        40     7.2756000000E+005
        41     7.7208000000E+005
        42     8.6124000000E+005
        43     8.4480000000E+005
        44     7.0632000000E+005
        45     7.9596000000E+005
        46     7.7280000000E+005
        47     8.1696000000E+005
        48     7.7208000000E+005
        49     8.6124000000E+005
        50     8.3208000000E+005
        51     7.9548000000E+005
        52     8.4060000000E+005
        53     6.8340000000E+005
        54     7.2756000000E+005
        55     7.7208000000E+005
        56     8.6124000000E+005
        57     1.2000000000E+002
        58     7.0632000000E+005
        59     7.9596000000E+005
        60     7.7280000000E+005
        61     8.1696000000E+005
        62     7.7208000000E+005
        63     8.6124000000E+005
