00091300
2.05788 2.05788
2.05788 2.05788
80      80
80      80
00091301
1.54341 1.54341
1.54341 1.54341
30      30
30      30
00091302
1.54341 1.54341
1.54341 1.54341
360     360
360     360
00091303
1.54341 1.54341
1.54341 1.54341
30      30
30      30
00091304
1.54341 1.54341
1.54341 1.54341
30      30
30      30
00091305
1.54341 1.54341
1.54341 1.54341
360     360
360     360
00091306
2.05788 2.05788
2.05788 2.05788
10      10
10      10
00091307
2.05788 2.05788
2.05788 2.05788
10      10
10      10
00091308
2.05788 2.05788
2.05788 2.05788
10      10
10      10
00091309
2.57235 2.57235
2.57235 2.57235
30      30
30      30
00091310
3.08682 3.08682
3.08682 3.08682
0       0
0       0
00091311
3.08682 3.08682
3.08682 3.08682
350     350
350     350
00091312
2.57235 2.57235
2.57235 2.57235
0       0
0       0
00091313
3.60129 3.60129
3.60129 3.60129
20      20
20      20
00091314
3.08682 3.08682
3.08682 3.08682
40      40
40      40
00091315
2.05788 2.05788
2.05788 2.05788
60      60
60      60
00091316
3.60129 3.60129
3.60129 3.60129
90      90
90      90
00091317
2.05788 2.05788
2.05788 2.05788
75      75
75      75
00091318
1.54341 1.54341
1.54341 1.54341
60      60
60      60
00091319
2.05788 2.05788
2.05788 2.05788
50      50
50      50
00091320
2.57235 2.57235
2.57235 2.57235
70      70
70      70
00091321
2.57235 2.57235
2.57235 2.57235
60      60
60      60
00091322
2.05788 2.05788
2.05788 2.05788
60      60
60      60
00091323
1.54341 1.54341
1.54341 1.54341
80      80
80      80
00091400
1.54341 1.54341
1.54341 1.54341
40      40
40      40
00091401
2.05788 2.05788
2.05788 2.05788
30      30
30      30
00091402
2.05788 2.05788
2.05788 2.05788
50      50
50      50
00091403
2.05788 2.05788
2.05788 2.05788
40      40
40      40
00091404
2.05788 2.05788
2.05788 2.05788
30      30
30      30
00091405
2.57235 2.57235
2.57235 2.57235
30      30
30      30
00091406
2.05788 2.05788
2.05788 2.05788
40      40
40      40
00091407
3.08682 3.08682
3.08682 3.08682
40      40
40      40
00091408
4.63023 4.63023
4.63023 4.63023
40      40
40      40
00091409
4.63023 4.63023
4.63023 4.63023
60      60
60      60
00091410
3.60129 3.60129
3.60129 3.60129
80      80
80      80
00091411
5.1447  5.1447
5.1447  5.1447
110     110
110     110
00091412
5.65917 5.65917
5.65917 5.65917
110     110
110     110
00091413
4.11576 4.11576
4.11576 4.11576
110     110
110     110
00091414
3.08682 3.08682
3.08682 3.08682
120     120
120     120
00091415
3.08682 3.08682
3.08682 3.08682
140     140
140     140
00091416
3.60129 3.60129
3.60129 3.60129
110     110
110     110
00091417
4.11576 4.11576
4.11576 4.11576
120     120
120     120
00091418
4.63023 4.63023
4.63023 4.63023
120     120
120     120
00091419
3.08682 3.08682
3.08682 3.08682
150     150
150     150
00091420
2.57235 2.57235
2.57235 2.57235
170     170
170     170
00091421
3.60129 3.60129
3.60129 3.60129
160     160
160     160
00091422
3.60129 3.60129
3.60129 3.60129
190     190
190     190
00091423
3.60129 3.60129
3.60129 3.60129
190     190
190     190
00091500
4.11576 4.11576
4.11576 4.11576
180     180
180     180
00091501
4.11576 4.11576
4.11576 4.11576
210     210
210     210
00091502
5.1447  5.1447
5.1447  5.1447
210     210
210     210
00091503
3.60129 3.60129
3.60129 3.60129
210     210
210     210
00091504
4.11576 4.11576
4.11576 4.11576
230     230
230     230
00091505
3.60129 3.60129
3.60129 3.60129
220     220
220     220
00091506
3.60129 3.60129
3.60129 3.60129
240     240
240     240
00091507
5.65917 5.65917
5.65917 5.65917
230     230
230     230
00091508
5.65917 5.65917
5.65917 5.65917
230     230
230     230
00091509
6.17364 6.17364
6.17364 6.17364
230     230
230     230
00091510
6.17364 6.17364
6.17364 6.17364
230     230
230     230
00091511
5.65917 5.65917
5.65917 5.65917
250     250
250     250
00091512
4.63023 4.63023
4.63023 4.63023
270     270
270     270
00091513
4.63023 4.63023
4.63023 4.63023
270     270
270     270
00091514
3.60129 3.60129
3.60129 3.60129
280     280
280     280
00091515
2.57235 2.57235
2.57235 2.57235
0       0
0       0
00091516
5.1447  5.1447
5.1447  5.1447
30      30
30      30
00091517
5.1447  5.1447
5.1447  5.1447
40      40
40      40
00091518
3.08682 3.08682
3.08682 3.08682
50      50
50      50
00091519
4.11576 4.11576
4.11576 4.11576
40      40
40      40
00091520
4.63023 4.63023
4.63023 4.63023
50      50
50      50
00091521
3.60129 3.60129
3.60129 3.60129
40      40
40      40
00091522
3.08682 3.08682
3.08682 3.08682
30      30
30      30
00091523
2.57235 2.57235
2.57235 2.57235
40      40
40      40
00091600
2.57235 2.57235
2.57235 2.57235
50      50
50      50
00091601
2.57235 2.57235
2.57235 2.57235
0       0
0       0
00091602
5.65917 5.65917
5.65917 5.65917
360     360
360     360
00091603
4.63023 4.63023
4.63023 4.63023
360     360
360     360
00091604
4.63023 4.63023
4.63023 4.63023
350     350
350     350
00091605
3.60129 3.60129
3.60129 3.60129
360     360
360     360
00091606
4.63023 4.63023
4.63023 4.63023
350     350
350     350
00091607
3.60129 3.60129
3.60129 3.60129
340     340
340     340
00091608
3.08682 3.08682
3.08682 3.08682
360     360
360     360
00091609
3.60129 3.60129
3.60129 3.60129
340     340
340     340
00091610
2.57235 2.57235
2.57235 2.57235
360     360
360     360
00091611
3.08682 3.08682
3.08682 3.08682
360     360
360     360
00091612
4.11576 4.11576
4.11576 4.11576
330     330
330     330
00091613
3.08682 3.08682
3.08682 3.08682
310     310
310     310
00091614
3.60129 3.60129
3.60129 3.60129
310     310
310     310
00091615
3.60129 3.60129
3.60129 3.60129
20      20
20      20
00091616
3.60129 3.60129
3.60129 3.60129
20      20
20      20
00091617
3.08682 3.08682
3.08682 3.08682
60      60
60      60
00091618
4.11576 4.11576
4.11576 4.11576
10      10
10      10
00091619
3.60129 3.60129
3.60129 3.60129
340     340
340     340
00091620
2.57235 2.57235
2.57235 2.57235
20      20
20      20
00091621
3.08682 3.08682
3.08682 3.08682
30      30
30      30
00091622
2.57235 2.57235
2.57235 2.57235
40      40
40      40
00091623
2.05788 2.05788
2.05788 2.05788
40      40
40      40
00091700
3.08682 3.08682
3.08682 3.08682
40      40
40      40
00091701
2.05788 2.05788
2.05788 2.05788
50      50
50      50
00091702
2.05788 2.05788
2.05788 2.05788
50      50
50      50
00091703
2.05788 2.05788
2.05788 2.05788
50      50
50      50
00091704
2.57235 2.57235
2.57235 2.57235
60      60
60      60
00091705
2.57235 2.57235
2.57235 2.57235
50      50
50      50
00091706
2.57235 2.57235
2.57235 2.57235
50      50
50      50
00091707
2.57235 2.57235
2.57235 2.57235
50      50
50      50
00091708
2.57235 2.57235
2.57235 2.57235
60      60
60      60
00091709
4.63023 4.63023
4.63023 4.63023
40      40
40      40
00091710
3.60129 3.60129
3.60129 3.60129
20      20
20      20
00091711
4.63023 4.63023
4.63023 4.63023
10      10
10      10
00091712
4.11576 4.11576
4.11576 4.11576
30      30
30      30
00091713
3.60129 3.60129
3.60129 3.60129
40      40
40      40
00091714
4.63023 4.63023
4.63023 4.63023
40      40
40      40
00091715
5.65917 5.65917
5.65917 5.65917
30      30
30      30
00091716
3.08682 3.08682
3.08682 3.08682
40      40
40      40
00091717
2.57235 2.57235
2.57235 2.57235
40      40
40      40
00091718
1.54341 1.54341
1.54341 1.54341
50      50
50      50
00091719
2.05788 2.05788
2.05788 2.05788
50      50
50      50
00091720
2.05788 2.05788
2.05788 2.05788
50      50
50      50
00091721
2.05788 2.05788
2.05788 2.05788
40      40
40      40
00091722
3.08682 3.08682
3.08682 3.08682
40      40
40      40
00091723
2.57235 2.57235
2.57235 2.57235
30      30
30      30
00091800
2.57235 2.57235
2.57235 2.57235
40      40
40      40
00091801
2.57235 2.57235
2.57235 2.57235
60      60
60      60
00091802
3.60129 3.60129
3.60129 3.60129
90      90
90      90
00091803
2.57235 2.57235
2.57235 2.57235
70      70
70      70
00091804
4.11576 4.11576
4.11576 4.11576
140     140
140     140
00091805
4.63023 4.63023
4.63023 4.63023
120     120
120     120
00091806
4.63023 4.63023
4.63023 4.63023
120     120
120     120
00091807
5.65917 5.65917
5.65917 5.65917
120     120
120     120
00091808
6.17364 6.17364
6.17364 6.17364
120     120
120     120
00091809
5.1447  5.1447
5.1447  5.1447
110     110
110     110
00091810
4.63023 4.63023
4.63023 4.63023
100     100
100     100
00091811
5.1447  5.1447
5.1447  5.1447
100     100
100     100
00091812
5.65917 5.65917
5.65917 5.65917
100     100
100     100
00091813
6.17364 6.17364
6.17364 6.17364
100     100
100     100
00091814
7.71705 7.71705
7.71705 7.71705
90      90
90      90
00091815
6.17364 6.17364
6.17364 6.17364
80      80
80      80
00091816
7.71705 7.71705
7.71705 7.71705
90      90
90      90
00091817
8.23152 8.23152
8.23152 8.23152
80      80
80      80
00091818
8.23152 8.23152
8.23152 8.23152
90      90
90      90
00091819
8.74599 8.74599
8.74599 8.74599
80      80
80      80
00091820
9.77493 9.77493
9.77493 9.77493
90      90
90      90
00091821
4.11576 4.11576
4.11576 4.11576
310     310
310     310
00091822
1.54341 1.54341
1.54341 1.54341
100     100
100     100
00091823
2.05788 2.05788
2.05788 2.05788
120     120
120     120

