  nc_newport_river_core_cr4_bath    v31.06 iterative         Albemarle-Pamlico Estuar
          2       1069  0.1000000E+001        1     1 FileFmtVersion:    1050624
     2.5920000000E+005          51840
         1     3.7475871985E+000
         2     3.8967039091E+000
         3     3.8538871694E+000
         4     4.0030246217E+000
         5     3.8763123026E+000
         6     4.0014140022E+000
         7     3.8621954853E+000
         8     4.0432943654E+000
         9     3.9186984276E+000
        10     3.7956000557E+000
        11     4.1498071737E+000
        12     3.8829727765E+000
        13     3.7656843656E+000
        14     4.0803818558E+000
        15     3.9334942010E+000
        16     3.8425777366E+000
        17     4.0120825938E+000
        18     3.8706472568E+000
        19     3.9574919850E+000
        20     4.5995507567E+000
        21     4.6783482218E+000
        22     3.7118573202E+000
        23     3.6646467539E+000
        24     4.5522072918E+000
        25     4.7195100542E+000
        26     3.5769663192E+000
        27     3.4424482579E+000
        28     4.4719160336E+000
        29     4.6549941252E+000
        30     3.2608848742E+000
        31     3.3198622465E+000
        32     4.3907770083E+000
        33     4.4487667122E+000
        34     3.1573509976E+000
        35     3.1287178305E+000
        36     4.1857249525E+000
        37     4.3745554832E+000
        38     2.8841067817E+000
        39     2.8513838393E+000
        40     3.8332814342E+000
        41     3.4324140745E+000
        42     4.0785356928E+000
        43     1.3719423340E+000
        44     4.1099702460E+000
        45     2.5782216101E+000
        46     2.8377123966E+000
        47     3.7629575117E+000
        48     3.7741622494E+000
        49     1.1288363362E+000
        50     1.0363773960E+000
        51     3.7693481741E+000
        52     3.7186263853E+000
        53     3.5164373876E+000
        54     2.4393917279E+000
        55     2.4607586428E+000
        56     2.5060695352E+000
        57     3.6123838732E+000
        58     3.5697783931E+000
        59     3.3017779721E+000
        60     3.6846201810E+000
        61     1.0960857001E+000
        62     1.3396976801E+000
        63     3.6014630626E+000
        64     3.2316544276E+000
        65     2.2583951932E+000
        66     2.2436375409E+000
        67     2.3340323810E+000
        68     2.4281359339E+000
        69     3.3202802559E+000
        70     3.1469490877E+000
        71     3.1749641799E+000
        72     3.3166679120E+000
        73     1.8264973762E+000
        74     1.8905582875E+000
        75     2.2850172431E+000
        76     2.7089568819E+000
        77     3.1845729689E+000
        78     3.3753645412E+000
        79     3.0525122026E+000
        80     2.0701104445E+000
        81     2.0598418977E+000
        82     2.1202812487E+000
        83     2.3756471930E+000
        84     2.9329708659E+000
        85     2.8685457161E+000
        86     2.9364038250E+000
        87     2.8933998003E+000
        88     2.3694400505E+000
        89     2.7054814445E+000
        90     2.8382370202E+000
        91     2.7710728961E+000
        92     1.9982667820E+000
        93     1.9716346323E+000
        94     1.9684858715E+000
        95     2.0500541385E+000
        96     2.1010768955E+000
        97     2.7958179693E+000
        98     2.6730628511E+000
        99     2.5829248809E+000
       100     2.2786008396E+000
       101     2.5450342545E+000
       102     2.1955175417E+000
       103     2.9073241913E+000
       104     2.1454874315E+000
       105     2.0649295377E+000
       106     1.6276644563E+000
       107     1.8707423076E+000
       108     1.8850109051E+000
       109     1.9193230998E+000
       110     1.9023083901E+000
       111     1.8860170167E+000
       112     1.8529670455E+000
       113     2.6286810140E+000
       114     2.4480577959E+000
       115     2.4979784623E+000
       116     2.9740046679E+000
       117     2.5027545509E+000
       118     2.0972523912E+000
       119     2.4894326240E+000
       120     2.7734752403E+000
       121     1.9315843034E+000
       122     2.4431883883E+000
       123     1.8813720848E+000
       124     1.0732520512E+000
       125     1.5309180823E+000
       126     1.3777038025E+000
       127     1.5645594204E+000
       128     1.8210276755E+000
       129     1.9016521928E+000
       130     1.6854571891E+000
       131     1.7466998137E+000
       132     2.4746446351E+000
       133     2.3022148972E+000
       134     2.3417450434E+000
       135     2.1369549778E+000
       136     2.1517542767E+000
       137     2.0699572010E+000
       138     2.0217973589E+000
       139     1.7648556346E+000
       140     1.9089628751E+000
       141     1.0106016033E+000
       142     1.1787829594E+000
       143     9.7274098779E-001
       144     9.4460096571E-001
       145     1.5711181147E+000
       146     1.6057706418E+000
       147     1.5766316147E+000
       148     1.4525474249E+000
       149     1.5214755481E+000
       150     1.5096666594E+000
       151     2.2212374188E+000
       152     2.1434802606E+000
       153     2.0774387596E+000
       154     2.1453307394E+000
       155     1.9219174414E+000
       156     2.2424832824E+000
       157     1.4659876092E+000
       158     1.6618636752E+000
       159     1.7688779574E+000
       160     1.1223604437E+000
       161     1.1999681312E+000
       162     9.5110827662E-001
       163     1.1682437236E+000
       164     1.2165654996E+000
       165     1.3910647703E+000
       166     1.1296950339E+000
       167     2.0138172660E+000
       168     1.9071249895E+000
       169     1.8063074567E+000
       170     1.9058348846E+000
       171     1.9056311052E+000
       172     1.1156441521E+000
       173     1.7487377219E+000
       174     1.3260039341E+000
       175     1.4755551534E+000
       176     1.5677286290E+000
       177     9.3568191896E-001
       178     9.1990388583E-001
       179     1.1438460580E+000
       180     1.1585919609E+000
       181     1.0079143481E+000
       182     7.7415301320E-001
       183     4.0277554598E-001
       184     6.6308774635E-001
       185     7.6371666895E-001
       186     7.4505778069E-001
       187     1.0968502912E+000
       188     1.8476366979E+000
       189     1.7844532120E+000
       190     1.6418380567E+000
       191     1.7348990914E+000
       192     2.0215867666E+000
       193     1.7961829167E+000
       194     2.9925755247E+000
       195     1.6816704322E+000
       196     1.2334938568E+000
       197     1.4948263826E+000
       198     1.1793108679E+000
       199     1.5320748659E+000
       200     1.5455863440E+000
       201     1.2522748221E+000
       202     1.3307520427E+000
       203     1.3239599033E+000
       204     7.8567382773E-001
       205     8.7205192519E-001
       206     9.7286045131E-001
       207     8.4041914922E-001
       208     7.7273163258E-001
       209     9.0686486092E-001
       210     7.4178582876E-001
       211     6.9477808498E-001
       212     7.3790728516E-001
       213     7.2838002621E-001
       214     8.8090612569E-001
       215     1.0423278327E+000
       216     9.1927371309E-001
       217     1.7148084892E+000
       218     1.6425248129E+000
       219     1.8021232550E+000
       220     1.5546082296E+000
       221     1.0842932571E+000
       222     1.4960764874E+000
       223     1.3617586973E+000
       224     1.1699914574E+000
       225     1.2577213711E+000
       226     7.5744176271E-001
       227     7.8596670473E-001
       228     7.1752656348E-001
       229     7.1901319719E-001
       230     1.0207731977E+000
       231     1.0870893215E+000
       232     8.2683194074E-001
       233     1.0696667348E+000
       234     7.2508837642E-001
       235     7.2076390263E-001
       236     7.1662172813E-001
       237     6.7455591708E-001
       238     3.4753876335E-001
       239     8.0831287512E-001
       240     2.6294673840E-001
       241     7.6515354870E-001
       242     1.0002980032E+000
       243     8.3416294397E-001
       244     1.5489408209E+000
       245     1.4776697835E+000
       246     1.3968172388E+000
       247     1.3054634491E+000
       248     1.0617800691E+000
       249     7.2523669676E-001
       250     6.8220395374E-001
       251     6.8551718098E-001
       252     6.5888248357E-001
       253     2.6143605346E-001
       254     1.1515889524E+000
       255     1.6168601900E-001
       256     9.1904845458E-001
       257     4.8408805227E-001
       258     9.2324399818E-001
       259     7.8661918779E-001
       260     1.0434108420E+000
       261     6.7635213865E-001
       262     6.5475057643E-001
       263     6.9602798140E-001
       264     2.5123642392E-001
       265     2.4709360050E-001
       266     3.8481740677E-001
       267     6.8592933545E-001
       268     8.5893147037E-001
       269     1.3936892499E+000
       270     1.3036678273E+000
       271     1.1636528449E+000
       272     9.7560223630E-001
       273     6.6366649273E-001
       274     6.5210554082E-001
       275     6.0390856015E-001
       276     6.4838069897E-001
       277     4.2286324168E-001
       278     8.4266596256E-001
       279     5.1047060259E-001
       280     8.1610245804E-001
       281     8.7097268540E-001
       282     8.2839701910E-001
       283     9.0421134692E-001
       284     6.5302961834E-001
       285     6.6225762367E-001
       286     6.2925416983E-001
       287     1.6388422979E+000
       288     6.5357539660E-001
       289     3.6490260281E-001
       290     7.0357231466E-001
       291     8.3264132098E-001
       292     1.5803040944E+000
       293     1.2890120008E+000
       294     1.0709589493E+000
       295     1.8787491448E+000
       296     1.8980146601E+000
       297     5.8762348348E-001
       298     6.3779560444E-001
       299     5.9300858652E-001
       300     3.4998789490E-001
       301     8.4999288622E-001
       302     5.2653425938E-001
       303     7.1681159589E-001
       304     6.5265924348E-001
       305     8.2327498680E-001
       306     5.7685540323E-001
       307     6.6358701009E-001
       308     5.3588794341E-001
       309     8.6232044537E-001
       310     6.0157321949E-001
       311     6.3156592238E-001
       312     4.2816237260E-001
       313     6.8434959290E-001
       314     9.3482590853E-001
       315     1.3765108578E+000
       316     1.1392940319E+000
       317     1.4310719462E+000
       318     5.5092673550E-001
       319     5.2001911109E-001
       320     5.3805241180E-001
       321     3.8649695685E-001
       322     5.1411287550E-001
       323     8.1104445878E-001
       324     7.4770502835E-001
       325     6.1627255095E-001
       326     4.7061085993E-001
       327     4.5306483981E-001
       328     5.2831991877E-001
       329     1.0462421166E+000
       330     6.7446495856E-001
       331     5.3686826316E-001
       332     3.2883118326E-001
       333     7.7211039404E-001
       334     9.4215157238E-001
       335     1.1479715546E+000
       336     5.7366799469E-001
       337     4.4676012207E-001
       338     4.5211002115E-001
       339     1.1332675003E-001
       340     4.2312673176E-001
       341     3.4916597932E-002
       342     3.6477812793E-001
       343     4.1304617921E-001
       344     3.6388954496E-001
       345     2.3959044997E-001
       346     5.6903334978E-001
       347     4.0063786811E-001
       348     2.1466611563E-001
       349     2.5649362798E-002
       350     9.7769981091E-002
       351     5.9730318001E-001
       352     6.9303648760E-001
       353     9.9002638296E-001
       354     1.2026767944E+000
       355     9.3134771260E-001
       356     3.4965949014E-001
       357     2.6964583084E-001
       358     3.6408360334E-001
       359     4.5104869323E-001
       360     4.0227085734E-001
       361     9.8345889074E-002
       362     1.8678740361E-001
       363     3.6690178967E-001
       364     2.7821994543E-001
       365     3.1243417523E-001
       366     2.1272383740E-001
       367     5.9975170448E-003
       368     6.3495241318E-003
       369     1.4452404267E-002
       370     2.5169709995E-002
       371     7.3585682308E-003
       372     9.2191764612E-002
       373     3.2273534401E-001
       374     2.8450016362E-001
       375     2.7152695079E-001
       376     1.2819990408E-001
       377     2.1986406322E-001
       378     6.0390878924E-001
       379     7.7304379108E-001
       380     4.0580711590E-001
       381     0.0000000000E+000
       382     7.0333346336E-001
       383     4.8575155152E-001
       384     7.6174764784E-001
       385     4.1311152590E-001
       386     2.9978376181E-001
       387     3.1461202344E-001
       388     3.9365844891E-001
       389     2.6395188273E-001
       390     5.2683168242E-003
       391     4.8698547181E-003
       392     2.1892665602E-001
       393     8.0244864306E-002
       394     4.5507121129E-003
       395     2.0083645820E-003
       396     4.4196081987E-003
       397     5.4524239157E-004
       398     1.1266468167E-002
       399     3.5877139477E-003
       400     5.6741643026E-002
       401     3.0004613796E-001
       402     1.0813067050E-001
       403     2.3272333628E-001
       404     1.8071590863E-001
       405     4.4253795435E-001
       406     7.0548224078E-001
       407     2.3420941332E-001
       408     4.1291439506E-001
       409     3.5755376854E-001
       410     4.7646820406E-001
       411     4.4945726980E-001
       412     3.4083923034E-001
       413     3.2272045576E-001
       414     2.7506935902E-001
       415     2.5568194458E-001
       416     8.9511272678E-002
       417     2.1958397764E-003
       418     2.4415320786E-003
       419     3.1754495623E-003
       420     2.6128234836E-003
       421     2.2432431614E-003
       422     5.7345008045E-003
       423     2.5125798994E-002
       424     2.1027068622E-002
       425     6.5277659862E-002
       426     2.3787500466E-001
       427     1.2578456314E-001
       428     1.9633980066E-001
       429     4.2191700041E-001
       430     5.6352162793E-001
       431     5.3229957154E-001
       432     4.4448996755E-001
       433     4.5667943249E-001
       434     4.4772598422E-001
       435     3.4267833804E-001
       436     4.2914508729E-001
       437     4.7499899515E-001
       438     3.3104760794E-001
       439     2.9158806522E-001
       440     2.5201104643E-001
       441     1.4906934754E-001
       442     2.1845066359E-003
       443     7.8337753249E-003
       444     2.1173812373E-002
       445     1.8562334151E-002
       446     2.2575762496E-002
       447     5.4420737778E-002
       448     3.7909102681E-002
       449     1.0462600074E-001
       450     2.1201399008E-001
       451     1.6401960265E-001
       452     4.1176096731E-001
       453     1.0975519773E+000
       454     4.8809219355E-001
       455     5.2137260563E-001
       456     5.4468099153E-001
       457     6.3090594183E-001
       458     4.2430274625E-001
       459     3.6800942623E-001
       460     4.0394956536E-001
       461     4.6369567693E-001
       462     3.2949637120E-001
       463     2.8979300579E-001
       464     2.5454267119E-001
       465     1.1499510639E-001
       466     2.7938035014E-002
       467     3.9461485501E-002
       468     4.6193163754E-002
       469     4.5519453892E-002
       470     7.4508652904E-002
       471     7.2858445739E-002
       472     1.1413038423E-001
       473     1.6777759368E-001
       474     2.1908973072E-001
       475     3.3993728844E-001
       476     5.5776230309E-001
       477     4.8735175659E-001
       478     5.4298501578E-001
       479     5.8290164721E-001
       480     6.5871418120E-001
       481     6.7043328243E-001
       482     7.8366652974E-001
       483     9.9426424859E-001
       484     4.5204584449E-001
       485     3.8005099318E-001
       486     3.4495919139E-001
       487     4.8448497479E-001
       488     2.9930522570E-001
       489     2.4774608626E-001
       490     5.8700476238E-002
       491     6.0523228664E-002
       492     6.3380064353E-002
       493     8.0109045400E-002
       494     1.2297001181E-001
       495     1.1785017482E-001
       496     1.6694328399E-001
       497     2.0865185471E-001
       498     2.7578784404E-001
       499     8.5207289140E-001
       500     1.1175948959E+000
       501     1.0942944900E+000
       502     1.0502495038E+000
       503     5.9241980102E-001
       504     5.1935139698E-001
       505     6.7854211805E-001
       506     7.7299201482E-001
       507     8.5017419682E-001
       508     4.2404399701E-001
       509     3.7738878749E-001
       510     3.3149412468E-001
       511     4.7202395090E-001
       512     2.9071061508E-001
       513     2.4761570913E-001
       514     9.0206226505E-002
       515     8.3928362166E-002
       516     9.7693241962E-002
       517     1.2717095833E-001
       518     1.6553618724E-001
       519     1.6846539853E-001
       520     2.1383920581E-001
       521     5.1273485124E-001
       522     6.8749995898E-001
       523     9.6132333308E-001
       524     1.1602785829E+000
       525     9.5231448974E-001
       526     6.2757764702E-001
       527     5.5330654874E-001
       528     5.0570182061E-001
       529     6.8387312542E-001
       530     8.1569055918E-001
       531     4.2140304592E-001
       532     3.8171404813E-001
       533     3.2601083586E-001
       534     4.5921593375E-001
       535     3.4593114239E-001
       536     2.9774522503E-001
       537     2.6594673101E-001
       538     1.0602122943E-001
       539     1.2777944287E-001
       540     1.5321428359E-001
       541     1.8995940916E-001
       542     2.1859024028E-001
       543     2.5987157495E-001
       544     3.5709708789E-001
       545     4.3261409265E-001
       546     8.1630208145E-001
       547     1.2835203067E+000
       548     9.8310970579E-001
       549     8.1041767969E-001
       550     6.0817294425E-001
       551     6.4965804055E-001
       552     5.5000228533E-001
       553     5.0974882965E-001
       554     7.1482341273E-001
       555     4.2348155862E-001
       556     3.7976658564E-001
       557     4.7227876175E-001
       558     3.4391607226E-001
       559     3.8570848394E-001
       560     3.1530649114E-001
       561     1.9277311699E-001
       562     1.9531334753E-001
       563     2.2380682884E-001
       564     2.5257012182E-001
       565     2.8398969622E-001
       566     3.1798297386E-001
       567     5.0107293767E-001
       568     1.3671123681E+000
       569     1.2811511499E+000
       570     1.3514491028E+000
       571     7.4490123664E-001
       572     9.8516871291E-001
       573     8.9347488204E-001
       574     7.9796911482E-001
       575     5.9924525381E-001
       576     6.4760339197E-001
       577     5.5861443496E-001
       578     5.1932630627E-001
       579     6.7283652686E-001
       580     4.3307920878E-001
       581     4.8316782870E-001
       582     3.8194973180E-001
       583     4.3246683870E-001
       584     3.3408901634E-001
       585     2.2424374201E-001
       586     2.4687902413E-001
       587     2.7641752856E-001
       588     3.0732199221E-001
       589     2.7274837197E-001
       590     8.2820614523E-001
       591     1.4779550609E+000
       592     1.0704676897E+000
       593     1.2898379605E+000
       594     1.2666566319E+000
       595     7.4542170735E-001
       596     9.5579220957E-001
       597     8.7173488247E-001
       598     7.9511538828E-001
       599     5.3816926202E-001
       600     6.1460479551E-001
       601     5.7868571383E-001
       602     6.6630854666E-001
       603     4.7932141603E-001
       604     5.2591900670E-001
       605     3.8561774253E-001
       606     4.3147078486E-001
       607     4.8116000308E-001
       608     3.6226856369E-001
       609     2.8702705513E-001
       610     3.0078994599E-001
       611     3.3039310830E-001
       612     2.8052854785E-001
       613     7.3833613231E-001
       614     1.5252515519E+000
       615     1.5863822677E+000
       616     1.6737931063E+000
       617     1.7335163311E+000
       618     1.7849141986E+000
       619     1.3496325873E+000
       620     1.0502614136E+000
       621     1.1245426123E+000
       622     1.1928387915E+000
       623     7.0961476613E-001
       624     9.3310526344E-001
       625     8.8818926737E-001
       626     7.7263108908E-001
       627     5.7826373748E-001
       628     6.3342346558E-001
       629     5.3894846909E-001
       630     4.2133136541E-001
       631     4.7483198072E-001
       632     5.1802235966E-001
       633     3.7766708790E-001
       634     3.2229026206E-001
       635     3.5951012766E-001
       636     3.2720999801E-001
       637     5.3119175722E-001
       638     1.4548378870E+000
       639     1.5196357970E+000
       640     1.5627944632E+000
       641     1.8330557977E+000
       642     1.6790087626E+000
       643     1.3211913230E+000
       644     1.0029010825E+000
       645     1.0961894545E+000
       646     1.1806197375E+000
       647     7.0358882782E-001
       648     9.5725108735E-001
       649     8.6228355423E-001
       650     7.5968095293E-001
       651     6.0222033706E-001
       652     6.5671689961E-001
       653     5.7006576162E-001
       654     4.3474591256E-001
       655     4.6742863773E-001
       656     5.2829739102E-001
       657     4.0130079292E-001
       658     3.8621129044E-001
       659     3.7190817306E-001
       660     4.1438555201E-001
       661     1.3902615953E+000
       662     1.4949833853E+000
       663     1.8986820707E+000
       664     1.7159696061E+000
       665     1.8791290492E+000
       666     1.8988856962E+000
       667     2.0001201567E+000
       668     1.9630775546E+000
       669     1.5420193262E+000
       670     1.2487140258E+000
       671     1.0314900812E+000
       672     1.1326450517E+000
       673     7.3043267002E-001
       674     9.3912769833E-001
       675     8.2262180856E-001
       676     6.3471894592E-001
       677     7.0294601997E-001
       678     5.9060578014E-001
       679     4.5931281794E-001
       680     5.1418082916E-001
       681     5.6204707405E-001
       682     4.4231350552E-001
       683     1.4889693029E+000
       684     1.2481166580E+000
       685     4.2579918921E-001
       686     4.2289945495E-001
       687     1.3686580747E+000
       688     2.0609818868E+000
       689     2.0043585379E+000
       690     2.1558123557E+000
       691     1.7737524841E+000
       692     1.6471255973E+000
       693     1.8503429063E+000
       694     1.8914594242E+000
       695     1.9316115656E+000
       696     1.4615630598E+000
       697     1.2303589907E+000
       698     1.0103403492E+000
       699     1.1106540780E+000
       700     7.7671917122E-001
       701     9.1235654885E-001
       702     6.5808728419E-001
       703     7.3366329272E-001
       704     6.4408707668E-001
       705     5.9663411935E-001
       706     4.8706018031E-001
       707     5.5355127558E-001
       708     4.8845940764E-001
       709     5.3777271954E-001
       710     4.7938090373E-001
       711     8.7394063161E-001
       712     1.3058454403E+000
       713     2.0564878785E+000
       714     2.0521197788E+000
       715     2.4896816989E+000
       716     1.8941236790E+000
       717     1.8950308066E+000
       718     1.9510875141E+000
       719     1.9414715827E+000
       720     1.9964140287E+000
       721     1.7096853038E+000
       722     1.5388359660E+000
       723     1.7657811910E+000
       724     1.8279751331E+000
       725     1.3841707798E+000
       726     1.1965034349E+000
       727     1.0021905656E+000
       728     1.0899296727E+000
       729     8.4848119319E-001
       730     9.3253491500E-001
       731     6.9480333069E-001
       732     8.0056714948E-001
       733     6.6005906295E-001
       734     6.1821046343E-001
       735     5.5806053627E-001
       736     5.5320959920E-001
       737     1.2746627019E+000
       738     2.0745036297E+000
       739     2.0433632177E+000
       740     1.8866537969E+000
       741     1.9592670183E+000
       742     1.8633937115E+000
       743     1.9236514100E+000
       744     1.6120068168E+000
       745     1.4832508069E+000
       746     1.6835802356E+000
       747     1.7573055898E+000
       748     1.3335218664E+000
       749     1.1622639883E+000
       750     1.0340641441E+000
       751     9.1705371364E-001
       752     7.8988010987E-001
       753     7.0987506161E-001
       754     5.8344836670E-001
       755     1.2347336742E+000
       756     2.0061173385E+000
       757     2.0584868421E+000
       758     1.9261257592E+000
       759     1.4114781587E+000
       760     1.9496295843E+000
       761     1.8070546511E+000
       762     1.5195057550E+000
       763     1.6121822581E+000
       764     1.3231050705E+000
       765     1.1330577879E+000
       766     9.9163285389E-001
       767     9.0859643980E-001
       768     8.2826059008E-001
       769     7.2018267739E-001
       770     1.2163283265E+000
       771     1.9874427586E+000
       772     2.0258675886E+000
       773     2.0619758598E+000
       774     2.1508735399E+000
       775     1.8902976045E+000
       776     1.4091562277E+000
       777     1.7324007752E+000
       778     1.6239261686E+000
       779     1.5162254353E+000
       780     1.3016450163E+000
       781     1.0950445267E+000
       782     9.8875660182E-001
       783     9.1270796961E-001
       784     8.6241032754E-001
       785     1.1815484740E+000
       786     1.1852932334E+000
       787     1.9002498865E+000
       788     1.9660258401E+000
       789     2.0829645818E+000
       790     1.9733986078E+000
       791     1.7910639035E+000
       792     1.3837760009E+000
       793     1.6199919358E+000
       794     1.4667787577E+000
       795     1.2884495067E+000
       796     1.0826797209E+000
       797     9.7899498054E-001
       798     9.1702056638E-001
       799     7.5540978085E-001
       800     1.0654808372E+000
       801     1.1858753336E+000
       802     2.1502235571E+000
       803     1.9643391552E+000
       804     1.7682504520E+000
       805     1.9083760640E+000
       806     1.5699861522E+000
       807     1.3594274777E+000
       808     1.4400751352E+000
       809     1.2727767855E+000
       810     1.0845926615E+000
       811     9.9075200684E-001
       812     1.1854965405E+000
       813     1.9683294983E+000
       814     2.0102204920E+000
       815     1.5739153742E+000
       816     1.6402951294E+000
       817     1.4644429859E+000
       818     1.6318795386E+000
       819     1.5610157774E+000
       820     1.3561888248E+000
       821     1.2453948013E+000
       822     1.1145132503E+000
       823     2.0462430065E+000
       824     1.9241581915E+000
       825     1.6522718781E+000
       826     1.4912015480E+000
       827     1.4128919486E+000
       828     1.4909983439E+000
       829     1.5424121348E+000
       830     1.2865832969E+000
       831     1.1778245488E+000
       832     2.0988253009E+000
       833     1.5707572308E+000
       834     1.7678521889E+000
       835     1.6274643952E+000
       836     1.5471356746E+000
       837     1.3937380273E+000
       838     1.4237850664E+000
       839     1.2781375781E+000
       840     1.9163455073E+000
       841     1.5564188183E+000
       842     1.8058820473E+000
       843     1.6445360558E+000
       844     1.7411991275E+000
       845     1.6444378935E+000
       846     1.4839959943E+000
       847     1.4425260562E+000
       848     1.3716576281E+000
       849     1.8245598259E+000
       850     1.6303044447E+000
       851     1.3786726866E+000
       852     1.4962750637E+000
       853     1.5709979971E+000
       854     1.6459301834E+000
       855     1.4581426282E+000
       856     1.3635098314E+000
       857     1.6306461397E+000
       858     1.6071903870E+000
       859     1.7375334311E+000
       860     1.3443320834E+000
       861     1.5032182453E+000
       862     1.4333801945E+000
       863     1.4293331284E+000
       864     1.3170475162E+000
       865     1.5288258822E+000
       866     1.6872299677E+000
       867     1.5902790658E+000
       868     1.5761472169E+000
       869     1.6355343227E+000
       870     1.3751132380E+000
       871     1.4258864765E+000
       872     4.0656644869E-001
       873     3.6181987555E-001
       874     1.3705717251E+000
       875     1.2701973441E+000
       876     1.3349751845E+000
       877     1.5497646303E+000
       878     1.3951006986E+000
       879     1.3947160443E+000
       880     1.2852402954E+000
       881     9.1050224660E-001
       882     8.7540605887E-001
       883     3.9805297988E-001
       884     5.8314656365E-001
       885     1.1882837315E+000
       886     1.1991927857E+000
       887     1.2702314461E+000
       888     1.1379504428E+000
       889     1.0313102790E+000
       890     9.2998019784E-001
       891     1.1450091755E+000
       892     1.0272596477E+000
       893     4.2729887487E-001
       894     5.6591820050E-001
       895     1.0235250249E+000
       896     1.0102357420E+000
       897     1.0608005476E+000
       898     1.0048019641E+000
       899     1.1653930617E+000
       900     1.2324930213E+000
       901     8.5690857581E-001
       902     1.8635857730E+000
       903     9.7197044313E-001
       904     9.3715093085E-001
       905     4.2672641707E-001
       906     4.1171823060E-001
       907     4.1972616409E-001
       908     5.3428202487E-001
       909     8.7392141156E-001
       910     8.6817911818E-001
       911     8.7857754787E-001
       912     8.1325797235E-001
       913     9.6562835296E-001
       914     1.7460987636E+000
       915     1.9196208170E+000
       916     8.5967210645E-001
       917     8.4438976874E-001
       918     6.7866859520E-001
       919     4.6359003576E-001
       920     4.2194274625E-001
       921     7.2297025408E-001
       922     7.7410035143E-001
       923     7.0381323516E-001
       924     7.8204009225E-001
       925     8.4526426256E-001
       926     1.3722804791E+000
       927     1.6570098045E+000
       928     7.6906013318E-001
       929     7.3216425124E-001
       930     6.6537440315E-001
       931     8.0978814381E-001
       932     6.5740247513E-001
       933     4.4110233952E-001
       934     5.4102253551E-001
       935     4.7847094261E-001
       936     6.5214898469E-001
       937     6.3038087176E-001
       938     6.6625299590E-001
       939     6.4331745848E-001
       940     7.4881413157E-001
       941     9.8618199713E-001
       942     1.3420940291E+000
       943     6.4363930903E-001
       944     5.6248689589E-001
       945     5.1751493360E-001
       946     4.5858635370E-001
       947     5.1570130326E-001
       948     5.8311034058E-001
       949     5.4832362771E-001
       950     5.7276498795E-001
       951     5.9699021638E-001
       952     5.6113377163E-001
       953     5.7991615809E-001
       954     6.4537136574E-001
       955     6.7404211431E-001
       956     1.0059253868E+000
       957     5.3006140203E-001
       958     5.1849781780E-001
       959     4.6704911892E-001
       960     4.9576460625E-001
       961     5.0115892874E-001
       962     5.0914130975E-001
       963     5.0811905031E-001
       964     5.0952765885E-001
       965     5.8936576125E-001
       966     4.8292658892E-001
       967     4.9387735352E-001
       968     4.6769586245E-001
       969     4.6873033499E-001
       970     4.7728922900E-001
       971     4.8450914743E-001
       972     4.6157199647E-001
       973     1.8723018674E+000
       974     4.5766844474E-001
       975     4.4865142974E-001
       976     4.5471883969E-001
       977     4.6475150827E-001
       978     1.6528459426E+000
       979     4.6215905533E-001
       980     4.4501988787E-001
       981     1.7412014848E+000
       982     4.4176546950E-001
       983     2.6039001986E+000
       984     4.3399599555E-001
       985     4.3262340233E-001
       986     5.1187535473E-001
       987     9.9501064680E-001
       988     6.1092377373E-001
       989     5.4058340655E-001
       990     1.3148955195E+000
       991     4.2506574313E-001
       992     2.3401389377E+000
       993     2.3921217119E+000
       994     5.1156214942E-001
       995     7.5267443200E-001
       996     6.6444471887E-001
       997     9.8667480907E-001
       998     5.8302658710E-001
       999     2.2073907855E+000
      1000     2.2325030167E+000
      1001     1.0095781763E+000
      1002     7.7164161798E-001
      1003     8.1823139411E-001
      1004     1.0627279660E+000
      1005     9.4187905814E-001
      1006     8.1403702376E-001
      1007     1.5271124479E+000
      1008     1.7946765010E+000
      1009     1.9449481252E+000
      1010     1.2597085431E+000
      1011     9.9265880362E-001
      1012     1.1930455487E+000
      1013     1.1216612205E+000
      1014     1.0818650156E+000
      1015     1.5236742797E+000
      1016     1.2849019738E+000
      1017     1.2974416517E+000
      1018     1.2322158396E+000
      1019     1.3861821354E+000
      1020     1.3110376850E+000
      1021     1.4115785394E+000
      1022     1.4660376558E+000
      1023     1.5397866339E+000
      1024     1.3948704399E+000
      1025     1.5338797619E+000
      1026     1.6859180106E+000
      1027     1.5954589910E+000
      1028     1.6577026625E+000
      1029     1.6429375714E+000
      1030     1.7660435545E+000
      1031     1.8759320442E+000
      1032     1.8323953173E+000
      1033     1.9296510827E+000
      1034     1.9502062336E+000
      1035     1.8290588036E+000
      1036     2.0924060769E+000
      1037     2.1622177465E+000
      1038     2.7290805646E+000
      1039     2.6508401562E+000
      1040     2.4146275905E+000
      1041     2.8682792837E+000
      1042     3.0009009870E+000
      1043     2.7439383996E+000
      1044     2.5331383025E+000
      1045     3.2070797742E+000
      1046     3.4141311113E+000
      1047     3.5701666099E+000
      1048     2.7108941365E+000
      1049     2.9307660325E+000
      1050     2.7019396779E+000
      1051     3.0731975041E+000
      1052     3.2084306490E+000
      1053     2.8809645406E+000
      1054     2.9336282827E+000
      1055     2.6735668793E+000
      1056     3.1123958995E+000
      1057     2.7098812754E+000
      1058     3.1475729769E+000
      1059     2.9007206546E+000
      1060     3.0664692108E+000
      1061     2.7737476817E+000
      1062     2.8567140217E+000
      1063     2.7754543953E+000
      1064     2.7473471018E+000
      1065     2.7010582810E+000
      1066     2.4924082254E+000
      1067     2.5564195893E+000
      1068     2.3922909283E+000
      1069     2.2498515027E+000
     2.5920000000E+005          51840
         1     1.7179500000E+005
         2     1.7180000000E+005
         3     1.7190500000E+005
         4     1.7168500000E+005
         5     1.7222000000E+005
         6     1.7251500000E+005
         7     1.7322500000E+005
         8     1.7333000000E+005
         9     1.7363500000E+005
        10     1.7349500000E+005
        11     1.7341000000E+005
        12     1.7381000000E+005
        13     1.7381000000E+005
        14     1.7402000000E+005
        15     1.7406500000E+005
        16     1.7372000000E+005
        17     1.7379000000E+005
        18     1.7408500000E+005
        19     1.7457500000E+005
        20     1.8146000000E+005
        21     1.8157500000E+005
        22     1.7449000000E+005
        23     1.7438000000E+005
        24     1.8164500000E+005
        25     1.8148000000E+005
        26     1.7445500000E+005
        27     1.7494000000E+005
        28     1.8151500000E+005
        29     1.8149500000E+005
        30     1.7202000000E+005
        31     1.7329000000E+005
        32     1.8187000000E+005
        33     1.8120500000E+005
        34     1.7595500000E+005
        35     1.7133000000E+005
        36     1.8169500000E+005
        37     1.8188500000E+005
        38     1.7360000000E+005
        39     1.7303500000E+005
        40     1.8148000000E+005
        41     1.8165500000E+005
        42     1.8094500000E+005
        43     2.0522000000E+005
        44     1.7267500000E+005
        45     1.7389500000E+005
        46     1.7011000000E+005
        47     1.8153500000E+005
        48     1.8145500000E+005
        49     2.0180000000E+005
        50     2.0576500000E+005
        51     1.7315000000E+005
        52     1.7331500000E+005
        53     1.7349500000E+005
        54     1.6990000000E+005
        55     1.7035500000E+005
        56     1.7038000000E+005
        57     1.8144500000E+005
        58     1.8046500000E+005
        59     1.7865500000E+005
        60     1.7833000000E+005
        61     1.7979500000E+005
        62     1.8011500000E+005
        63     1.7304500000E+005
        64     1.7390000000E+005
        65     1.7264000000E+005
        66     1.7087500000E+005
        67     1.7070500000E+005
        68     1.6979000000E+005
        69     1.8132000000E+005
        70     1.7855500000E+005
        71     1.7885000000E+005
        72     1.7942500000E+005
        73     1.8270000000E+005
        74     1.8075000000E+005
        75     1.7861000000E+005
        76     1.8057500000E+005
        77     1.7478500000E+005
        78     1.7636500000E+005
        79     1.7063500000E+005
        80     1.7043500000E+005
        81     1.7266000000E+005
        82     1.7005500000E+005
        83     1.6987500000E+005
        84     1.7933000000E+005
        85     1.7858500000E+005
        86     1.7941000000E+005
        87     1.8069500000E+005
        88     1.7907500000E+005
        89     1.7897500000E+005
        90     1.7413500000E+005
        91     1.7560500000E+005
        92     1.7214000000E+005
        93     1.7345500000E+005
        94     1.7329500000E+005
        95     1.6994500000E+005
        96     1.7028000000E+005
        97     1.7864500000E+005
        98     1.7972000000E+005
        99     1.7933000000E+005
       100     1.7943500000E+005
       101     1.7856000000E+005
       102     1.6841500000E+005
       103     1.7032500000E+005
       104     1.7124500000E+005
       105     1.6383500000E+005
       106     1.6362000000E+005
       107     1.7236500000E+005
       108     1.7328000000E+005
       109     1.7350500000E+005
       110     1.7343000000E+005
       111     1.6960000000E+005
       112     1.7014000000E+005
       113     1.7840500000E+005
       114     1.8000000000E+005
       115     1.7855500000E+005
       116     1.7714000000E+005
       117     1.7744500000E+005
       118     1.7929000000E+005
       119     1.7843500000E+005
       120     1.6990000000E+005
       121     1.6896500000E+005
       122     1.6968500000E+005
       123     1.6932500000E+005
       124     1.8581000000E+005
       125     1.6407000000E+005
       126     1.6412500000E+005
       127     1.6466000000E+005
       128     1.7339500000E+005
       129     1.7374500000E+005
       130     1.6942000000E+005
       131     1.6993000000E+005
       132     1.7779000000E+005
       133     1.7813500000E+005
       134     1.7927500000E+005
       135     1.7820000000E+005
       136     1.7790500000E+005
       137     1.7910500000E+005
       138     1.6961500000E+005
       139     1.6902000000E+005
       140     1.6955500000E+005
       141     1.6442500000E+005
       142     1.6479000000E+005
       143     1.6390500000E+005
       144     1.8787000000E+005
       145     1.6541000000E+005
       146     1.7435500000E+005
       147     1.6863000000E+005
       148     1.6929500000E+005
       149     1.6971000000E+005
       150     1.6580500000E+005
       151     1.7815000000E+005
       152     1.7789500000E+005
       153     1.7787500000E+005
       154     1.7809000000E+005
       155     1.6959000000E+005
       156     1.6947500000E+005
       157     1.6873500000E+005
       158     1.6932000000E+005
       159     1.6964500000E+005
       160     1.6577500000E+005
       161     1.6575500000E+005
       162     1.8460000000E+005
       163     1.6597000000E+005
       164     1.6764500000E+005
       165     1.6841500000E+005
       166     1.6602000000E+005
       167     1.7800500000E+005
       168     1.7774500000E+005
       169     1.7434000000E+005
       170     1.7780500000E+005
       171     1.7885500000E+005
       172     1.7743500000E+005
       173     1.6985500000E+005
       174     1.6877000000E+005
       175     1.6922000000E+005
       176     1.6962500000E+005
       177     1.6539500000E+005
       178     1.6596000000E+005
       179     1.6781000000E+005
       180     1.6839500000E+005
       181     1.6675000000E+005
       182     1.8200000000E+005
       183     1.9969000000E+005
       184     1.8331500000E+005
       185     1.8140000000E+005
       186     1.8149000000E+005
       187     1.6857000000E+005
       188     1.7742500000E+005
       189     1.7703000000E+005
       190     1.7469500000E+005
       191     1.7588000000E+005
       192     1.7502500000E+005
       193     1.7688500000E+005
       194     1.7650000000E+005
       195     1.7643000000E+005
       196     1.7943000000E+005
       197     1.7900500000E+005
       198     1.8269000000E+005
       199     1.7499000000E+005
       200     1.7496000000E+005
       201     1.6927500000E+005
       202     1.6968000000E+005
       203     1.7517000000E+005
       204     1.8199000000E+005
       205     1.6611500000E+005
       206     1.6720500000E+005
       207     1.6697000000E+005
       208     1.8173000000E+005
       209     1.9922000000E+005
       210     1.8114500000E+005
       211     1.8275500000E+005
       212     1.8309500000E+005
       213     1.8099500000E+005
       214     1.6789000000E+005
       215     1.7561000000E+005
       216     1.6891000000E+005
       217     1.7675500000E+005
       218     1.7529000000E+005
       219     1.7671000000E+005
       220     1.7669000000E+005
       221     1.8318500000E+005
       222     1.7538000000E+005
       223     1.7521000000E+005
       224     1.7545000000E+005
       225     1.7544000000E+005
       226     1.8248000000E+005
       227     1.6693000000E+005
       228     1.8159500000E+005
       229     1.8180000000E+005
       230     1.9918500000E+005
       231     1.9983500000E+005
       232     1.9898500000E+005
       233     1.9987500000E+005
       234     1.8210500000E+005
       235     1.9777000000E+005
       236     1.8214500000E+005
       237     1.8542500000E+005
       238     2.0260500000E+005
       239     2.0256500000E+005
       240     2.0212500000E+005
       241     1.6851500000E+005
       242     1.7561000000E+005
       243     1.7617000000E+005
       244     1.7597000000E+005
       245     1.7703000000E+005
       246     1.7585500000E+005
       247     1.7570000000E+005
       248     1.7565500000E+005
       249     1.8292500000E+005
       250     1.8589500000E+005
       251     1.8338500000E+005
       252     1.8640500000E+005
       253     2.0262000000E+005
       254     1.9990500000E+005
       255     2.0232000000E+005
       256     2.0055000000E+005
       257     2.0138000000E+005
       258     1.9905500000E+005
       259     1.9894500000E+005
       260     1.9997500000E+005
       261     1.8558000000E+005
       262     1.8530000000E+005
       263     1.8523500000E+005
       264     2.0227500000E+005
       265     4.5500000000E+003
       266     2.0250500000E+005
       267     1.7673000000E+005
       268     1.7620500000E+005
       269     1.7634500000E+005
       270     1.7629000000E+005
       271     1.7616500000E+005
       272     1.7626000000E+005
       273     1.8583500000E+005
       274     1.8609500000E+005
       275     1.8687500000E+005
       276     1.8650500000E+005
       277     2.0284000000E+005
       278     2.0010500000E+005
       279     2.0177500000E+005
       280     2.0079500000E+005
       281     1.9906500000E+005
       282     1.9874500000E+005
       283     1.9971500000E+005
       284     1.8574500000E+005
       285     1.8533000000E+005
       286     1.8595000000E+005
       287     2.0253500000E+005
       288     2.0247500000E+005
       289     2.0271000000E+005
       290     1.7647000000E+005
       291     1.7650000000E+005
       292     1.7401000000E+005
       293     1.7637000000E+005
       294     1.7652500000E+005
       295     1.7584000000E+005
       296     1.7516000000E+005
       297     1.8709000000E+005
       298     1.8632000000E+005
       299     1.8685000000E+005
       300     2.0283000000E+005
       301     2.0024000000E+005
       302     2.0197000000E+005
       303     1.9930500000E+005
       304     1.9851500000E+005
       305     1.9956000000E+005
       306     1.8655500000E+005
       307     1.8601500000E+005
       308     1.8654000000E+005
       309     2.0264000000E+005
       310     2.0297500000E+005
       311     2.0267500000E+005
       312     2.0341500000E+005
       313     1.7696000000E+005
       314     1.7719000000E+005
       315     1.7677000000E+005
       316     1.7712500000E+005
       317     1.7276500000E+005
       318     1.7701500000E+005
       319     1.8711500000E+005
       320     1.8687500000E+005
       321     2.0341500000E+005
       322     2.0086000000E+005
       323     1.9935000000E+005
       324     1.9876000000E+005
       325     1.9980000000E+005
       326     1.8692000000E+005
       327     1.9800000000E+005
       328     1.9835500000E+005
       329     2.0275500000E+005
       330     2.0306000000E+005
       331     2.0336500000E+005
       332     2.0340500000E+005
       333     1.7708500000E+005
       334     1.7729000000E+005
       335     1.7783500000E+005
       336     1.7721000000E+005
       337     1.8741500000E+005
       338     1.8722000000E+005
       339     2.0262500000E+005
       340     1.9948000000E+005
       341     1.4552500000E+005
       342     1.9782500000E+005
       343     1.9810500000E+005
       344     1.9856000000E+005
       345     1.9941000000E+005
       346     2.0307500000E+005
       347     2.0409500000E+005
       348     2.0321500000E+005
       349     2.0316000000E+005
       350     2.0301000000E+005
       351     2.0340000000E+005
       352     1.7716000000E+005
       353     1.7500500000E+005
       354     1.7496000000E+005
       355     1.9821000000E+005
       356     2.3235000000E+005
       357     2.3198500000E+005
       358     2.3219000000E+005
       359     1.7738000000E+005
       360     1.9748000000E+005
       361     2.0342000000E+005
       362     2.0006500000E+005
       363     1.9816000000E+005
       364     1.9881000000E+005
       365     1.9962000000E+005
       366     2.0329500000E+005
       367     7.5400000000E+003
       368     2.0341000000E+005
       369     2.0416500000E+005
       370     2.3181000000E+005
       371     8.0900000000E+003
       372     2.0337000000E+005
       373     2.3235500000E+005
       374     2.3218000000E+005
       375     2.3203500000E+005
       376     2.3160000000E+005
       377     2.3203500000E+005
       378     1.7596500000E+005
       379     1.7725500000E+005
       380     2.3250000000E+005
       381     5.0000000000E+000
       382     2.3161000000E+005
       383     2.3175000000E+005
       384     2.3144500000E+005
       385     2.3215500000E+005
       386     2.3229000000E+005
       387     2.3239000000E+005
       388     1.9774000000E+005
       389     1.9811000000E+005
       390     7.4400000000E+003
       391     7.8280000000E+004
       392     1.9889500000E+005
       393     1.9980500000E+005
       394     5.6700000000E+003
       395     7.4600000000E+003
       396     7.6300000000E+003
       397     7.5050000000E+003
       398     2.5323500000E+005
       399     2.5748000000E+005
       400     2.3167000000E+005
       401     2.3211000000E+005
       402     2.3139500000E+005
       403     2.3175000000E+005
       404     2.3171500000E+005
       405     1.7585500000E+005
       406     1.7665000000E+005
       407     2.3266500000E+005
       408     2.3227500000E+005
       409     2.3223500000E+005
       410     2.3186000000E+005
       411     2.3172500000E+005
       412     2.3208500000E+005
       413     2.3191500000E+005
       414     2.3167500000E+005
       415     1.7552000000E+005
       416     1.9860000000E+005
       417     8.0300000000E+003
       418     8.2600000000E+003
       419     8.4500000000E+003
       420     8.5900000000E+003
       421     7.5450000000E+003
       422     2.5812000000E+005
       423     2.3170500000E+005
       424     2.5297000000E+005
       425     2.3252000000E+005
       426     2.3157500000E+005
       427     2.3244500000E+005
       428     2.3143000000E+005
       429     1.7570500000E+005
       430     1.7593000000E+005
       431     2.3170000000E+005
       432     2.3267000000E+005
       433     2.3161000000E+005
       434     2.3216500000E+005
       435     2.3183500000E+005
       436     2.3163000000E+005
       437     2.3165000000E+005
       438     2.3216000000E+005
       439     2.3186000000E+005
       440     2.3160000000E+005
       441     1.7538000000E+005
       442     8.8900000000E+003
       443     2.5920000000E+005
       444     2.5594000000E+005
       445     2.5551500000E+005
       446     2.5580000000E+005
       447     2.3247000000E+005
       448     2.5302500000E+005
       449     2.3236500000E+005
       450     2.3149500000E+005
       451     2.3165500000E+005
       452     1.7554500000E+005
       453     1.7469000000E+005
       454     2.3140500000E+005
       455     2.3060500000E+005
       456     2.3089500000E+005
       457     2.3113500000E+005
       458     2.3190500000E+005
       459     2.3236000000E+005
       460     2.3163000000E+005
       461     2.3139000000E+005
       462     2.3218000000E+005
       463     2.3208500000E+005
       464     2.3154000000E+005
       465     1.7544500000E+005
       466     2.5708000000E+005
       467     2.5424500000E+005
       468     2.5380000000E+005
       469     2.5348500000E+005
       470     2.3254500000E+005
       471     2.3294000000E+005
       472     2.3274000000E+005
       473     2.3189000000E+005
       474     2.3164500000E+005
       475     1.7541000000E+005
       476     1.7590500000E+005
       477     2.3158000000E+005
       478     2.3027500000E+005
       479     2.2977000000E+005
       480     2.2891500000E+005
       481     2.2850000000E+005
       482     2.2905000000E+005
       483     2.2841500000E+005
       484     2.3159500000E+005
       485     2.3164500000E+005
       486     2.3166500000E+005
       487     2.3139000000E+005
       488     2.3170500000E+005
       489     2.3168500000E+005
       490     2.5296000000E+005
       491     2.5276000000E+005
       492     2.5195000000E+005
       493     2.4922000000E+005
       494     2.3280500000E+005
       495     2.3301000000E+005
       496     2.3261000000E+005
       497     2.3191500000E+005
       498     1.7537500000E+005
       499     1.7475500000E+005
       500     1.7504500000E+005
       501     2.2776000000E+005
       502     2.2692000000E+005
       503     2.2965500000E+005
       504     2.3072500000E+005
       505     2.2959000000E+005
       506     2.2923500000E+005
       507     2.2821500000E+005
       508     2.3150500000E+005
       509     2.3196500000E+005
       510     2.3186500000E+005
       511     2.3093000000E+005
       512     2.3182000000E+005
       513     2.3195500000E+005
       514     2.5294000000E+005
       515     2.5029000000E+005
       516     2.4776000000E+005
       517     2.3312500000E+005
       518     2.3320000000E+005
       519     2.3312000000E+005
       520     2.3329000000E+005
       521     1.7537000000E+005
       522     1.7523500000E+005
       523     2.2812000000E+005
       524     2.2621500000E+005
       525     2.2700500000E+005
       526     2.2934500000E+005
       527     2.3068000000E+005
       528     2.3082500000E+005
       529     2.2907000000E+005
       530     2.2863000000E+005
       531     2.3083000000E+005
       532     2.3213500000E+005
       533     2.3193500000E+005
       534     2.3103500000E+005
       535     2.3213500000E+005
       536     2.3205000000E+005
       537     2.3239500000E+005
       538     2.4565500000E+005
       539     2.4575000000E+005
       540     2.3364000000E+005
       541     2.3301500000E+005
       542     2.3310500000E+005
       543     2.3280000000E+005
       544     1.7566000000E+005
       545     1.7593000000E+005
       546     2.2703000000E+005
       547     2.2555000000E+005
       548     2.2586000000E+005
       549     2.2643500000E+005
       550     2.3010000000E+005
       551     2.3010000000E+005
       552     2.3053500000E+005
       553     2.3097000000E+005
       554     2.2703000000E+005
       555     2.3162500000E+005
       556     2.3205000000E+005
       557     2.3100500000E+005
       558     2.3217500000E+005
       559     2.3224500000E+005
       560     2.3255000000E+005
       561     2.4486500000E+005
       562     2.3411000000E+005
       563     2.3299000000E+005
       564     2.3286000000E+005
       565     2.3292500000E+005
       566     1.7608000000E+005
       567     1.7588000000E+005
       568     2.2489500000E+005
       569     2.2421000000E+005
       570     2.2348000000E+005
       571     2.2667000000E+005
       572     2.2537500000E+005
       573     2.2540500000E+005
       574     2.2618000000E+005
       575     2.3018000000E+005
       576     2.2974000000E+005
       577     2.3056500000E+005
       578     2.3070500000E+005
       579     2.2677000000E+005
       580     2.3191500000E+005
       581     2.3132500000E+005
       582     2.3259000000E+005
       583     2.3218000000E+005
       584     2.3283000000E+005
       585     2.3436000000E+005
       586     2.3383000000E+005
       587     2.3297500000E+005
       588     2.3280500000E+005
       589     1.7585500000E+005
       590     1.7620500000E+005
       591     2.2357500000E+005
       592     2.2465000000E+005
       593     2.2425500000E+005
       594     2.2365500000E+005
       595     2.2658500000E+005
       596     2.2490000000E+005
       597     2.2503500000E+005
       598     2.2518000000E+005
       599     2.3095500000E+005
       600     2.3044000000E+005
       601     2.3047500000E+005
       602     2.2682500000E+005
       603     2.3159000000E+005
       604     2.3120000000E+005
       605     2.3270000000E+005
       606     2.3253000000E+005
       607     2.3178500000E+005
       608     2.3268500000E+005
       609     2.3420500000E+005
       610     2.3405500000E+005
       611     2.3271000000E+005
       612     2.3477500000E+005
       613     1.7719500000E+005
       614     2.2315500000E+005
       615     2.2292000000E+005
       616     2.2242000000E+005
       617     2.2196000000E+005
       618     2.2163500000E+005
       619     2.2324500000E+005
       620     2.2449500000E+005
       621     2.2394500000E+005
       622     2.2343500000E+005
       623     2.2686500000E+005
       624     2.2452000000E+005
       625     2.2457000000E+005
       626     2.2520500000E+005
       627     2.3042500000E+005
       628     2.3019000000E+005
       629     2.3141500000E+005
       630     2.3262000000E+005
       631     2.3254000000E+005
       632     2.3164000000E+005
       633     2.3259500000E+005
       634     2.3431500000E+005
       635     2.3410000000E+005
       636     2.3512500000E+005
       637     1.7697000000E+005
       638     2.2316500000E+005
       639     2.2256000000E+005
       640     2.2219000000E+005
       641     2.2135500000E+005
       642     2.2182500000E+005
       643     2.2314500000E+005
       644     2.2404500000E+005
       645     2.2341000000E+005
       646     2.2305500000E+005
       647     2.2745500000E+005
       648     2.2415500000E+005
       649     2.2455500000E+005
       650     2.2531000000E+005
       651     2.2995000000E+005
       652     2.2776000000E+005
       653     2.2956000000E+005
       654     2.3262000000E+005
       655     2.3260500000E+005
       656     2.3164000000E+005
       657     2.3277500000E+005
       658     2.3424000000E+005
       659     2.3441500000E+005
       660     1.7740000000E+005
       661     2.2261500000E+005
       662     2.2245500000E+005
       663     2.2123000000E+005
       664     2.2151500000E+005
       665     2.2095500000E+005
       666     2.2084000000E+005
       667     2.2057000000E+005
       668     2.2053500000E+005
       669     2.2185000000E+005
       670     2.2279000000E+005
       671     2.2386000000E+005
       672     2.2316500000E+005
       673     2.2591000000E+005
       674     2.2403500000E+005
       675     2.2443500000E+005
       676     2.2813000000E+005
       677     2.2789500000E+005
       678     2.2855500000E+005
       679     2.3263000000E+005
       680     2.2880500000E+005
       681     2.2880500000E+005
       682     2.3377000000E+005
       683     1.8008500000E+005
       684     1.7947000000E+005
       685     2.3403500000E+005
       686     2.3431500000E+005
       687     2.2248500000E+005
       688     2.2032000000E+005
       689     2.2027000000E+005
       690     2.1998000000E+005
       691     2.2132000000E+005
       692     2.2143500000E+005
       693     2.2103500000E+005
       694     2.2067500000E+005
       695     2.2053000000E+005
       696     2.2202500000E+005
       697     2.2266000000E+005
       698     2.2335500000E+005
       699     2.2298000000E+005
       700     2.2451500000E+005
       701     2.2396000000E+005
       702     2.2814500000E+005
       703     2.2620500000E+005
       704     2.2851000000E+005
       705     2.2869000000E+005
       706     2.3310500000E+005
       707     2.2887500000E+005
       708     2.2980000000E+005
       709     2.2763500000E+005
       710     2.3001000000E+005
       711     2.2967000000E+005
       712     2.2241000000E+005
       713     2.1962000000E+005
       714     2.1999000000E+005
       715     2.1974500000E+005
       716     2.1976500000E+005
       717     2.1978000000E+005
       718     2.2028500000E+005
       719     2.1996000000E+005
       720     2.2019000000E+005
       721     2.2131500000E+005
       722     2.2132000000E+005
       723     2.2094000000E+005
       724     2.2071500000E+005
       725     2.2197500000E+005
       726     2.2273000000E+005
       727     2.2327000000E+005
       728     2.2292000000E+005
       729     2.2392500000E+005
       730     2.2337000000E+005
       731     2.2817000000E+005
       732     2.2412000000E+005
       733     2.2691000000E+005
       734     2.2890500000E+005
       735     2.2906500000E+005
       736     2.2904000000E+005
       737     2.2244000000E+005
       738     2.1958000000E+005
       739     2.1968000000E+005
       740     2.1961000000E+005
       741     2.1973000000E+005
       742     2.2036500000E+005
       743     2.2002500000E+005
       744     2.2123500000E+005
       745     2.2141500000E+005
       746     2.2083000000E+005
       747     2.2057500000E+005
       748     2.2163500000E+005
       749     2.2251000000E+005
       750     2.2293500000E+005
       751     2.2364500000E+005
       752     2.2423000000E+005
       753     2.2690000000E+005
       754     2.2920500000E+005
       755     2.2208000000E+005
       756     2.1949000000E+005
       757     2.1922000000E+005
       758     2.1980000000E+005
       759     2.2129000000E+005
       760     2.1995500000E+005
       761     2.2014000000E+005
       762     2.2110500000E+005
       763     2.2076500000E+005
       764     2.2152500000E+005
       765     2.2248000000E+005
       766     2.2286500000E+005
       767     2.2327500000E+005
       768     2.2381500000E+005
       769     2.2439500000E+005
       770     2.2189500000E+005
       771     2.1943000000E+005
       772     2.1917500000E+005
       773     2.1892000000E+005
       774     2.1851000000E+005
       775     2.1954000000E+005
       776     2.2114500000E+005
       777     2.2034500000E+005
       778     2.2044500000E+005
       779     2.2079500000E+005
       780     2.2139500000E+005
       781     2.2230000000E+005
       782     2.2283000000E+005
       783     2.2332000000E+005
       784     2.2342500000E+005
       785     1.8168000000E+005
       786     2.2185500000E+005
       787     2.1897500000E+005
       788     2.1838500000E+005
       789     2.1829500000E+005
       790     2.1832500000E+005
       791     2.1974500000E+005
       792     2.2100000000E+005
       793     2.2043000000E+005
       794     2.2061500000E+005
       795     2.2129500000E+005
       796     2.2212500000E+005
       797     2.2216000000E+005
       798     2.2278500000E+005
       799     2.2278500000E+005
       800     2.2342000000E+005
       801     2.2166500000E+005
       802     2.1857000000E+005
       803     2.1841000000E+005
       804     2.1892000000E+005
       805     2.1869500000E+005
       806     2.2000500000E+005
       807     2.2081500000E+005
       808     2.2060500000E+005
       809     2.2122000000E+005
       810     2.2200000000E+005
       811     2.2231000000E+005
       812     2.2137000000E+005
       813     2.2048500000E+005
       814     2.1997000000E+005
       815     2.1962000000E+005
       816     2.1948000000E+005
       817     2.2014000000E+005
       818     2.1975000000E+005
       819     2.1966000000E+005
       820     2.2072000000E+005
       821     2.2107000000E+005
       822     2.2138500000E+005
       823     2.2103500000E+005
       824     2.1999500000E+005
       825     2.1937000000E+005
       826     2.1979500000E+005
       827     2.1985500000E+005
       828     2.1954500000E+005
       829     2.1952000000E+005
       830     2.2020500000E+005
       831     2.2096000000E+005
       832     2.2020500000E+005
       833     1.9274500000E+005
       834     2.2032500000E+005
       835     2.1943000000E+005
       836     2.1961000000E+005
       837     2.1977000000E+005
       838     2.1963500000E+005
       839     2.1986500000E+005
       840     2.2069500000E+005
       841     2.2958500000E+005
       842     1.8945500000E+005
       843     2.2114500000E+005
       844     2.2060500000E+005
       845     2.1940000000E+005
       846     2.1949500000E+005
       847     2.1947500000E+005
       848     2.1956000000E+005
       849     2.2082000000E+005
       850     2.2872500000E+005
       851     2.2963500000E+005
       852     2.2076000000E+005
       853     2.2100000000E+005
       854     2.2064500000E+005
       855     2.2050500000E+005
       856     2.1980000000E+005
       857     2.2063000000E+005
       858     2.2283500000E+005
       859     2.2654000000E+005
       860     2.3005000000E+005
       861     2.2060500000E+005
       862     2.2092000000E+005
       863     2.2141500000E+005
       864     2.2068500000E+005
       865     2.2075500000E+005
       866     2.2109500000E+005
       867     2.2158000000E+005
       868     2.2258500000E+005
       869     2.2808500000E+005
       870     2.3013500000E+005
       871     2.2097000000E+005
       872     2.5428500000E+005
       873     2.5920000000E+005
       874     2.2095000000E+005
       875     2.2011000000E+005
       876     2.2139500000E+005
       877     2.2174500000E+005
       878     2.2953500000E+005
       879     2.2121500000E+005
       880     2.2087500000E+005
       881     2.2670500000E+005
       882     2.2513000000E+005
       883     2.5503500000E+005
       884     1.7751500000E+005
       885     2.2069500000E+005
       886     2.2079000000E+005
       887     2.2142000000E+005
       888     2.2092500000E+005
       889     2.2466500000E+005
       890     2.2521000000E+005
       891     2.2152500000E+005
       892     2.2253500000E+005
       893     2.5443000000E+005
       894     1.7841000000E+005
       895     2.2088000000E+005
       896     2.2079500000E+005
       897     2.2102000000E+005
       898     2.2101500000E+005
       899     2.1884500000E+005
       900     2.2625500000E+005
       901     2.2661000000E+005
       902     1.9349000000E+005
       903     2.2230500000E+005
       904     2.2263500000E+005
       905     2.5347000000E+005
       906     2.5577500000E+005
       907     2.5310000000E+005
       908     1.7906500000E+005
       909     2.2148500000E+005
       910     2.2100000000E+005
       911     2.2289500000E+005
       912     2.2155000000E+005
       913     2.2338500000E+005
       914     1.9093500000E+005
       915     1.9023000000E+005
       916     2.2364500000E+005
       917     2.2389500000E+005
       918     2.2275000000E+005
       919     2.5141500000E+005
       920     2.5540000000E+005
       921     1.7957500000E+005
       922     2.2236500000E+005
       923     2.2226500000E+005
       924     2.2339500000E+005
       925     2.2391000000E+005
       926     1.9434500000E+005
       927     1.9334000000E+005
       928     2.2396000000E+005
       929     2.2349000000E+005
       930     2.2276000000E+005
       931     2.1511000000E+005
       932     2.1481000000E+005
       933     2.5362000000E+005
       934     1.8144500000E+005
       935     2.4207500000E+005
       936     2.2281000000E+005
       937     2.2450500000E+005
       938     2.2477500000E+005
       939     2.2466500000E+005
       940     2.2473000000E+005
       941     1.9512500000E+005
       942     1.9138500000E+005
       943     2.2521500000E+005
       944     2.2406500000E+005
       945     2.4145000000E+005
       946     2.5190000000E+005
       947     2.4077500000E+005
       948     2.2388000000E+005
       949     2.2464500000E+005
       950     2.2460500000E+005
       951     2.2526000000E+005
       952     2.2540000000E+005
       953     2.2552000000E+005
       954     2.2499500000E+005
       955     1.9792000000E+005
       956     1.9568500000E+005
       957     2.2539500000E+005
       958     2.4063000000E+005
       959     2.4266000000E+005
       960     2.4056500000E+005
       961     2.4095500000E+005
       962     2.4074000000E+005
       963     2.3949000000E+005
       964     2.3985500000E+005
       965     1.8577500000E+005
       966     2.5309500000E+005
       967     2.4211000000E+005
       968     2.5347500000E+005
       969     2.5320000000E+005
       970     2.5178500000E+005
       971     2.5184000000E+005
       972     2.5372000000E+005
       973     1.8672000000E+005
       974     2.5421500000E+005
       975     2.5392500000E+005
       976     2.5346500000E+005
       977     2.5390500000E+005
       978     1.8803000000E+005
       979     2.5250500000E+005
       980     2.5376000000E+005
       981     1.8813500000E+005
       982     2.5448500000E+005
       983     1.8992500000E+005
       984     2.5390500000E+005
       985     2.5502500000E+005
       986     1.8547500000E+005
       987     1.8693000000E+005
       988     1.8599500000E+005
       989     1.8517000000E+005
       990     1.8645500000E+005
       991     2.5518500000E+005
       992     1.9048000000E+005
       993     1.9031000000E+005
       994     1.8292500000E+005
       995     1.8571000000E+005
       996     1.8502000000E+005
       997     1.8599000000E+005
       998     1.8979500000E+005
       999     1.8956000000E+005
      1000     1.9002000000E+005
      1001     1.8644500000E+005
      1002     1.8698500000E+005
      1003     1.8545000000E+005
      1004     1.8580000000E+005
      1005     1.8717500000E+005
      1006     1.8801500000E+005
      1007     1.8972000000E+005
      1008     1.8966500000E+005
      1009     1.9032500000E+005
      1010     1.8630500000E+005
      1011     1.8709500000E+005
      1012     1.8730500000E+005
      1013     1.8740000000E+005
      1014     1.8785500000E+005
      1015     1.8691000000E+005
      1016     1.8841000000E+005
      1017     1.8762500000E+005
      1018     1.8709000000E+005
      1019     1.8724500000E+005
      1020     1.8777500000E+005
      1021     1.8661500000E+005
      1022     1.8797000000E+005
      1023     1.8731000000E+005
      1024     1.8739500000E+005
      1025     1.8747500000E+005
      1026     1.8672500000E+005
      1027     1.8695500000E+005
      1028     1.8705500000E+005
      1029     1.8748000000E+005
      1030     1.8748500000E+005
      1031     1.8685500000E+005
      1032     1.8749500000E+005
      1033     1.8738500000E+005
      1034     1.8684000000E+005
      1035     1.8872000000E+005
      1036     1.8742500000E+005
      1037     2.0077000000E+005
      1038     1.9639000000E+005
      1039     1.9736500000E+005
      1040     1.9857500000E+005
      1041     1.9615000000E+005
      1042     1.9630000000E+005
      1043     1.9685500000E+005
      1044     1.9632000000E+005
      1045     1.9576500000E+005
      1046     1.9537000000E+005
      1047     1.9472500000E+005
      1048     1.9597500000E+005
      1049     1.9582500000E+005
      1050     1.9606000000E+005
      1051     1.9517000000E+005
      1052     1.9454500000E+005
      1053     1.9646000000E+005
      1054     1.9553500000E+005
      1055     1.9670000000E+005
      1056     1.9606500000E+005
      1057     1.9461000000E+005
      1058     1.9694500000E+005
      1059     1.9542000000E+005
      1060     1.9580000000E+005
      1061     1.9644500000E+005
      1062     1.9621000000E+005
      1063     1.9589500000E+005
      1064     1.9672000000E+005
      1065     1.9669500000E+005
      1066     1.9658000000E+005
      1067     1.9692500000E+005
      1068     1.9718000000E+005
      1069     1.9587000000E+005
