  nc_newport_river_core_cr4_bath    v31.06 iterative         Albemarle-Pamlico Estuar
          2       1069  0.1000000E+001        1     1 FileFmtVersion:    1050624
     2.5920000000E+005          51840
         1     8.7600449796E-004
         2     8.4624992456E-004
         3     8.3917440961E-004
         4     8.5024517199E-004
         5     7.8748481954E-004
         6     6.3617087981E-004
         7     4.8431873095E-004
         8     2.9076577754E-004
         9     3.1041449790E-004
        10     6.0095392645E-004
        11     1.9445386682E-004
        12     4.1321100722E-004
        13     6.9986560557E-004
        14     2.1874342664E-004
        15     2.8903672770E-004
        16     7.8323440804E-004
        17     2.5732164246E-004
        18     4.7571555267E-004
        19     2.2495914292E-004
        20     7.6755931789E-004
        21     7.3911606318E-004
        22     1.6406043335E-004
        23     1.4028353187E-004
        24     5.6109173003E-004
        25     4.9333500076E-004
        26     1.0255569697E-004
        27     1.0964274377E-004
        28     4.1681298811E-004
        29     4.2491198012E-004
        30     1.5778001074E-004
        31     1.4468105951E-004
        32     4.7106836502E-004
        33     5.3623516050E-004
        34     1.6034468342E-004
        35     1.9036890146E-004
        36     4.8854785205E-004
        37     3.9924550516E-004
        38     2.0243916679E-004
        39     1.6792552318E-004
        40     3.2765172428E-004
        41     3.2314785995E-004
        42     3.2105053904E-004
        43     2.0130698577E-004
        44     6.5086618530E-004
        45     2.1098297255E-004
        46     3.1061027823E-004
        47     2.8261670312E-004
        48     2.4964933859E-004
        49     1.4322005572E-004
        50     9.5587865437E-005
        51     4.1675280843E-004
        52     4.2558285045E-004
        53     4.1252150230E-004
        54     4.5823190790E-004
        55     3.0228458331E-004
        56     4.8443079034E-004
        57     4.1476410144E-004
        58     2.9014309118E-004
        59     2.7509762873E-004
        60     3.1454718535E-004
        61     9.2004206483E-005
        62     1.6260934769E-004
        63     3.5122369754E-004
        64     3.3709014223E-004
        65     3.4498850706E-004
        66     2.5367609713E-004
        67     3.0846777501E-004
        68     6.6170690675E-004
        69     1.0971508017E-004
        70     1.7646094721E-004
        71     2.9927617542E-004
        72     2.3292226980E-004
        73     2.0791554988E-004
        74     2.1656654485E-004
        75     2.6224952038E-004
        76     2.7248924366E-004
        77     2.4180780291E-004
        78     2.5850087628E-004
        79     2.7698253258E-004
        80     2.8309518230E-004
        81     4.8316298264E-004
        82     3.0908210589E-004
        83     4.7179204790E-004
        84     1.4943629787E-004
        85     1.2082789101E-004
        86     6.5933638561E-004
        87     2.3674399591E-004
        88     1.8784229956E-004
        89     6.3598132808E-005
        90     2.1785676777E-004
        91     2.9317490058E-004
        92     2.4475629588E-004
        93     4.1578083793E-004
        94     4.6628256383E-004
        95     3.1582730360E-004
        96     6.3499461016E-004
        97     1.3684656268E-004
        98     4.9822143569E-004
        99     2.9877441413E-004
       100     3.3845588175E-004
       101     2.3959887986E-004
       102     7.6309712531E-004
       103     4.1816676450E-004
       104     3.4880898349E-004
       105     3.3711812744E-004
       106     1.9183887592E-004
       107     2.8616903010E-004
       108     4.4882402922E-004
       109     6.9507896840E-004
       110     7.4753027996E-004
       111     2.8444197297E-004
       112     4.3864428579E-004
       113     1.1612145100E-004
       114     4.5199924991E-004
       115     2.0178395369E-004
       116     1.2806571003E-004
       117     1.9081607770E-004
       118     4.0774082218E-004
       119     4.2572016280E-004
       120     1.8552802153E-004
       121     5.5882960751E-004
       122     1.3803695184E-004
       123     5.5094309266E-004
       124     1.4940849392E-004
       125     1.4857628186E-004
       126     1.0584680363E-004
       127     2.4518339564E-004
       128     5.5026869906E-004
       129     8.8359838233E-004
       130     3.0099187677E-004
       131     1.9479364266E-004
       132     9.4982243797E-005
       133     2.4414486573E-004
       134     2.4595735832E-004
       135     4.6258937111E-004
       136     2.0996691008E-004
       137     3.1298104214E-004
       138     1.5493042577E-004
       139     2.4427450547E-004
       140     3.5141132712E-004
       141     1.1332296593E-004
       142     2.1618166554E-004
       143     3.1672253485E-004
       144     1.8522116391E-004
       145     2.4397942264E-004
       146     4.1865363699E-004
       147     1.7812042011E-004
       148     3.4426325531E-004
       149     1.4202355439E-004
       150     1.9265927911E-004
       151     1.0996594756E-004
       152     3.0168435851E-004
       153     2.7269615370E-004
       154     6.6810903011E-004
       155     2.4943596039E-004
       156     2.3267163148E-004
       157     1.5344747076E-004
       158     1.6949233564E-004
       159     1.2623560288E-004
       160     2.7852690960E-004
       161     1.0440793975E-004
       162     4.0589164940E-004
       163     1.8358769626E-004
       164     2.3880854095E-004
       165     1.2944971882E-004
       166     3.4892708864E-004
       167     1.8328262469E-004
       168     3.2809183278E-004
       169     5.7372360112E-004
       170     3.0438490712E-004
       171     5.1276779115E-004
       172     1.7960482285E-004
       173     2.8219163874E-004
       174     2.3487899169E-004
       175     1.7207402793E-004
       176     1.4289587594E-004
       177     1.6896371400E-004
       178     4.3076511113E-004
       179     1.7109731518E-004
       180     1.9993841956E-004
       181     2.5515663568E-004
       182     4.9114995603E-004
       183     4.4938022419E-005
       184     1.6785147382E-004
       185     3.7734574925E-004
       186     2.9473829040E-004
       187     1.5843034319E-004
       188     2.0330778485E-004
       189     1.5285698357E-004
       190     6.0022143474E-004
       191     4.3201204712E-004
       192     5.9204812509E-004
       193     2.4407378832E-004
       194     1.5893443561E-004
       195     2.3539290544E-004
       196     2.1906093863E-004
       197     1.4835945883E-004
       198     2.5089100140E-004
       199     3.5461632166E-004
       200     2.8632764145E-004
       201     1.1632890165E-004
       202     2.4147166425E-004
       203     1.8411539668E-004
       204     3.3911411287E-004
       205     1.9567618922E-004
       206     1.2809759134E-004
       207     1.9021723777E-004
       208     2.3718038560E-004
       209     6.7036627678E-005
       210     1.5450688013E-004
       211     2.5878570793E-004
       212     2.2187141143E-004
       213     2.6384611814E-004
       214     1.3753048795E-004
       215     1.7171123721E-004
       216     1.4130026485E-004
       217     1.6876987234E-004
       218     3.9104287215E-004
       219     1.6472950033E-004
       220     3.2858692309E-004
       221     1.1641039761E-004
       222     1.4366843696E-004
       223     1.4719076591E-004
       224     1.4611061214E-004
       225     1.1427860340E-004
       226     1.7616914303E-004
       227     1.6952291910E-004
       228     1.3041154620E-004
       229     1.0798155738E-004
       230     8.5858643839E-005
       231     6.9259336831E-005
       232     1.1121399180E-004
       233     7.3145964584E-005
       234     1.7280935071E-004
       235     2.2329554727E-004
       236     2.5836112116E-004
       237     2.1904025145E-004
       238     4.9948728223E-004
       239     2.9904693547E-004
       240     1.7605154568E-004
       241     1.2128997397E-004
       242     1.4837045996E-004
       243     1.3202323362E-004
       244     1.6923995914E-004
       245     3.6763869647E-004
       246     3.3805319587E-004
       247     2.3242987660E-004
       248     1.5714944251E-004
       249     1.2673192846E-004
       250     1.2190748994E-004
       251     8.9390383290E-005
       252     7.2629788082E-005
       253     1.6816483701E-004
       254     6.1682838750E-005
       255     8.9202064658E-005
       256     6.7403715812E-005
       257     8.7749993485E-005
       258     1.3311564592E-004
       259     1.6442448027E-004
       260     7.1310236291E-005
       261     1.6606646235E-004
       262     2.2620808885E-004
       263     2.6643666445E-004
       264     2.9659921389E-004
       265     8.7826165892E-005
       266     2.3358282189E-004
       267     1.0220002343E-004
       268     1.3223905781E-004
       269     2.6230528150E-004
       270     1.6876163261E-004
       271     1.3780372766E-004
       272     1.6676030458E-004
       273     1.2030041101E-004
       274     1.0293051862E-004
       275     1.1702340291E-004
       276     8.9818186091E-005
       277     1.0050786168E-004
       278     3.7493758335E-005
       279     4.2617426671E-005
       280     4.3690816331E-005
       281     2.1398639609E-004
       282     2.1097663690E-004
       283     1.5370640576E-004
       284     1.9086710843E-004
       285     2.7002709032E-004
       286     1.4408522733E-004
       287     1.1830797030E-004
       288     1.2591667004E-004
       289     7.4328275075E-005
       290     1.4251371694E-004
       291     9.5283238334E-005
       292     5.2783472730E-005
       293     5.7910969438E-005
       294     6.3071480535E-005
       295     9.9121151417E-005
       296     1.4315465650E-004
       297     1.5951522889E-004
       298     9.0331693122E-005
       299     1.1480534810E-004
       300     7.1832922345E-005
       301     8.3996108113E-005
       302     4.6702983708E-005
       303     1.7331612059E-004
       304     2.3851682364E-004
       305     2.3669111730E-004
       306     1.2950322225E-004
       307     3.5343679439E-004
       308     2.4323443170E-004
       309     5.6187067409E-005
       310     3.1579282289E-005
       311     7.2890261632E-005
       312     2.0877535847E-005
       313     6.0979194323E-005
       314     7.3708783178E-005
       315     7.0724284853E-005
       316     9.1654838593E-005
       317     1.2405672339E-004
       318     5.3380177129E-005
       319     6.6353788098E-005
       320     6.5885485127E-005
       321     3.2667095378E-005
       322     7.3962181826E-005
       323     1.4760189481E-004
       324     2.6894113934E-004
       325     1.4195615719E-004
       326     1.0690575254E-004
       327     2.5800535319E-004
       328     3.4991188909E-004
       329     3.2164972987E-005
       330     3.2772889376E-005
       331     3.3897004383E-005
       332     7.7777476896E-005
       333     1.2352306385E-004
       334     9.3010816768E-005
       335     1.1451609080E-004
       336     6.3231191888E-005
       337     8.9414070005E-005
       338     7.9369292700E-005
       339     1.4413607121E-004
       340     1.1614916086E-004
       341     2.4098060110E-004
       342     1.2771984953E-004
       343     1.5743605335E-004
       344     2.5080819780E-004
       345     1.8462742125E-004
       346     3.1096715836E-005
       347     6.6488551029E-005
       348     1.1024416252E-004
       349     1.8181160586E-004
       350     1.6794389097E-004
       351     3.4317937313E-005
       352     1.0472577525E-004
       353     1.5364340367E-004
       354     5.8825369684E-005
       355     1.0069281042E-004
       356     5.8215175123E-005
       357     2.1084626201E-004
       358     1.2058175814E-004
       359     1.2785806264E-004
       360     9.4535139903E-005
       361     1.7078192266E-004
       362     1.3575994907E-004
       363     1.5673286790E-004
       364     1.9311705406E-004
       365     1.6807658135E-004
       366     9.7498059070E-005
       367     1.5965530305E-004
       368     2.3227022995E-004
       369     1.9886599598E-004
       370     7.4018717950E-005
       371     1.1170126833E-004
       372     1.3552569946E-004
       373     1.5020701461E-005
       374     2.8764436731E-005
       375     3.0332090675E-005
       376     1.5601303940E-004
       377     5.1893465912E-005
       378     9.6767338235E-005
       379     1.0752329613E-004
       380     3.5403549373E-005
       381     4.9744401846E-005
       382     7.7424687957E-005
       383     4.0341596810E-005
       384     3.3045716529E-005
       385     6.7176044623E-005
       386     4.3120864855E-005
       387     6.4376840245E-005
       388     9.7860878849E-005
       389     1.3683790274E-004
       390     1.8344076183E-004
       391     1.8340379620E-004
       392     1.6279488704E-004
       393     9.0057438010E-005
       394     2.0392889589E-004
       395     2.1284772099E-004
       396     1.8825721081E-004
       397     1.5428671709E-004
       398     1.3254490606E-004
       399     1.8298246405E-004
       400     1.4932191410E-004
       401     5.9848692931E-005
       402     2.4745639920E-004
       403     7.5688554732E-005
       404     1.2867544706E-004
       405     1.2890862792E-004
       406     1.1319287330E-004
       407     1.7804433016E-005
       408     2.4174484685E-005
       409     2.2171381159E-005
       410     2.6119475569E-005
       411     7.0497790936E-005
       412     4.5457691654E-005
       413     7.4456454640E-005
       414     1.4132425459E-004
       415     8.5153634511E-005
       416     8.0176897810E-005
       417     2.2750549763E-004
       418     2.1041954803E-004
       419     1.6686733749E-004
       420     1.9493759079E-004
       421     1.6523495083E-004
       422     1.2453320462E-004
       423     1.5827863515E-004
       424     1.7017737521E-004
       425     2.1548559626E-004
       426     1.3261769978E-004
       427     2.3104424744E-004
       428     1.2100872679E-004
       429     9.2631334162E-005
       430     1.3965417208E-004
       431     4.8036274266E-005
       432     4.7879644492E-005
       433     5.1920309135E-005
       434     4.1129260608E-005
       435     7.3710558429E-005
       436     9.4983532831E-005
       437     1.8319379483E-005
       438     1.5418995761E-004
       439     2.0513865971E-004
       440     1.7404204018E-004
       441     7.8604674203E-005
       442     1.9462505921E-004
       443     2.1132525440E-004
       444     1.3083048102E-004
       445     1.5130257704E-004
       446     1.0860028892E-004
       447     1.7168699365E-004
       448     1.4433362859E-004
       449     1.9522128773E-004
       450     1.5579099073E-004
       451     1.2215663993E-004
       452     8.4144063119E-005
       453     7.9068503936E-005
       454     3.2789440723E-005
       455     2.8731855219E-005
       456     4.4686363619E-005
       457     4.2876235992E-005
       458     3.3803324111E-005
       459     1.9558710564E-004
       460     1.6250424211E-004
       461     3.4152299380E-005
       462     1.4522198502E-004
       463     1.4573349802E-004
       464     1.1942455393E-004
       465     1.1614052487E-004
       466     2.7906063016E-004
       467     1.5261334843E-004
       468     1.0479800425E-004
       469     9.4827426803E-005
       470     1.8071502291E-004
       471     9.3722062416E-005
       472     2.1510855989E-004
       473     1.3238911334E-004
       474     8.6271175122E-005
       475     1.2331634847E-004
       476     1.2154925531E-004
       477     1.1843166564E-005
       478     3.2516628670E-005
       479     5.9843954973E-005
       480     6.1288364921E-005
       481     5.9948039530E-005
       482     4.3843355336E-005
       483     2.8816592165E-005
       484     1.2310776368E-004
       485     1.9909364102E-004
       486     1.1016789249E-004
       487     9.3597036013E-005
       488     9.3276810153E-005
       489     1.1885379431E-004
       490     2.6197621461E-004
       491     2.3590950888E-004
       492     1.1451238077E-004
       493     8.7575482111E-005
       494     1.6151108179E-004
       495     7.5024985342E-005
       496     1.8884413250E-004
       497     1.3615905866E-004
       498     1.3556251295E-004
       499     7.7022633302E-005
       500     3.8566032977E-005
       501     4.4211192636E-005
       502     5.2309767143E-005
       503     5.4563245421E-005
       504     5.6930515436E-005
       505     2.5378911649E-005
       506     2.3002304575E-005
       507     2.7332098679E-005
       508     1.8562697599E-004
       509     1.1439859622E-004
       510     9.4286922945E-005
       511     1.3154532719E-004
       512     1.2569533527E-004
       513     1.5023281949E-004
       514     2.4529935217E-004
       515     2.2813383029E-004
       516     8.5948648189E-005
       517     6.8541090512E-005
       518     1.0777296414E-004
       519     6.1751066564E-005
       520     1.2136964633E-004
       521     7.3933049117E-005
       522     7.8676524348E-005
       523     3.7604182535E-005
       524     4.9496130672E-005
       525     8.2656003756E-005
       526     8.1532069505E-005
       527     1.2249175376E-004
       528     1.4270379770E-004
       529     9.6623482282E-005
       530     5.9434351045E-005
       531     1.3065326765E-004
       532     1.1127935638E-004
       533     1.5580081728E-004
       534     1.6384553253E-004
       535     1.3720386691E-004
       536     1.2754641235E-004
       537     1.1218126276E-004
       538     2.0387999282E-004
       539     2.2130156881E-004
       540     1.1172754455E-004
       541     8.9390561474E-005
       542     6.1438984756E-005
       543     7.2099072815E-005
       544     1.1986997479E-004
       545     3.1958372310E-004
       546     1.4020236225E-004
       547     5.2010854790E-005
       548     1.9264492047E-004
       549     2.1720210115E-004
       550     1.1882530682E-004
       551     1.5662618476E-004
       552     1.1966966708E-004
       553     1.4015423129E-004
       554     1.7311572372E-004
       555     1.3702708224E-004
       556     1.4435360277E-004
       557     1.3670025774E-004
       558     6.4988380173E-005
       559     8.5640911666E-005
       560     6.7514817943E-005
       561     1.9273877642E-004
       562     1.5951905851E-004
       563     6.5924891216E-005
       564     8.1505712842E-005
       565     6.4548347567E-005
       566     2.0696058022E-004
       567     3.6059722040E-004
       568     6.2293678598E-005
       569     1.0225828447E-004
       570     9.3216534834E-005
       571     1.5976514874E-004
       572     2.4663909125E-004
       573     2.6693624684E-004
       574     1.5296991922E-004
       575     1.2001060486E-004
       576     1.5672153649E-004
       577     1.3811602879E-004
       578     1.3575928040E-004
       579     1.5466374554E-004
       580     1.0512025799E-004
       581     1.0235044501E-004
       582     5.6203491265E-005
       583     7.0430266134E-005
       584     5.8008971661E-005
       585     1.4986876875E-004
       586     9.5983672559E-005
       587     8.4644579354E-005
       588     8.4512977522E-005
       589     1.8599012576E-004
       590     1.6439579119E-004
       591     4.2126732236E-005
       592     2.1182899550E-004
       593     9.7412208219E-005
       594     1.0327616545E-004
       595     1.2649744242E-004
       596     3.3873813781E-004
       597     1.1588050773E-004
       598     1.1129872407E-004
       599     9.6466591829E-005
       600     1.3477732096E-004
       601     1.1634106848E-004
       602     1.2469389387E-004
       603     7.1076026373E-005
       604     6.7459148640E-005
       605     5.4144287858E-005
       606     6.4054838051E-005
       607     6.4412278733E-005
       608     6.8499505759E-005
       609     1.5559945993E-004
       610     8.1616297865E-005
       611     7.8613303843E-005
       612     2.0746496234E-004
       613     2.2473021809E-004
       614     4.8415692707E-005
       615     6.2963177581E-005
       616     1.0506681605E-004
       617     8.3807505662E-005
       618     6.2716605275E-005
       619     1.1595589051E-004
       620     3.5540837399E-004
       621     2.4980136492E-004
       622     2.5184499910E-004
       623     1.1302790836E-004
       624     2.3226236071E-004
       625     8.1408143020E-005
       626     1.0382580634E-004
       627     7.2414218503E-005
       628     8.9992821368E-005
       629     6.1547445707E-005
       630     5.5677007370E-005
       631     5.7658205422E-005
       632     6.0875906235E-005
       633     7.1806664220E-005
       634     1.6456238480E-004
       635     8.3877659710E-005
       636     2.2334340818E-004
       637     2.8316446931E-004
       638     5.8642789216E-005
       639     8.8941592472E-005
       640     1.4801932661E-004
       641     5.0958029361E-005
       642     1.1288936503E-004
       643     2.1195799293E-004
       644     2.9404244281E-004
       645     2.7268539696E-004
       646     3.0640425599E-004
       647     9.4757469830E-005
       648     8.3148896496E-005
       649     6.8391136926E-005
       650     1.2528861834E-004
       651     6.5568008214E-005
       652     7.4484782225E-005
       653     5.4246532883E-005
       654     6.3070223832E-005
       655     5.6867134568E-005
       656     5.2836901741E-005
       657     6.8262539201E-005
       658     8.6546610029E-005
       659     1.9917972185E-004
       660     2.8146223764E-004
       661     1.5511106154E-004
       662     1.6994423666E-004
       663     3.1971761874E-005
       664     7.7618332418E-005
       665     6.5733865050E-005
       666     8.0497178432E-005
       667     4.4518077129E-005
       668     4.1600782042E-005
       669     1.8629087173E-004
       670     2.4916756662E-004
       671     1.0189121112E-004
       672     1.1165864089E-004
       673     8.6034621110E-005
       674     6.7065295445E-005
       675     9.0713303557E-005
       676     5.4855546637E-005
       677     6.2163728281E-005
       678     4.5303799275E-005
       679     6.0381872231E-005
       680     5.7475958381E-005
       681     5.0467778765E-005
       682     7.3279685458E-005
       683     6.8871023077E-005
       684     1.0800000293E-004
       685     1.8369721300E-004
       686     2.0952442238E-004
       687     2.3957731160E-004
       688     3.6633949850E-005
       689     5.3022514837E-005
       690     6.1212325769E-005
       691     1.8467264399E-005
       692     1.0028843890E-004
       693     9.2530496556E-005
       694     4.2057697217E-005
       695     3.7174932048E-005
       696     2.3740777950E-004
       697     1.1500752211E-004
       698     7.0482644332E-005
       699     7.3254836924E-005
       700     6.9781635336E-005
       701     4.4255078717E-005
       702     5.4314708928E-005
       703     1.2302374809E-004
       704     7.7616855400E-005
       705     7.8441632322E-005
       706     6.2317195435E-005
       707     6.5609679223E-005
       708     1.3553505983E-004
       709     1.1340607730E-004
       710     2.1258241483E-004
       711     1.7384736695E-004
       712     2.2926287931E-004
       713     3.6056719360E-004
       714     1.5394951377E-004
       715     3.6928162828E-004
       716     2.8453893682E-004
       717     1.8958063398E-004
       718     2.5870460104E-005
       719     1.6841356352E-004
       720     4.9159890079E-005
       721     4.0051818485E-005
       722     1.6478035519E-004
       723     2.0931772663E-005
       724     2.3056429579E-005
       725     2.6885341942E-004
       726     7.3199346544E-005
       727     5.0838986407E-005
       728     5.8621691945E-005
       729     7.7414260950E-005
       730     7.0084565127E-005
       731     1.6136885637E-004
       732     1.2146442430E-004
       733     1.7836508645E-004
       734     1.9236199099E-004
       735     1.8103657300E-004
       736     2.3020875297E-004
       737     1.5603891087E-004
       738     1.1593211719E-004
       739     1.7283819624E-004
       740     1.6011201730E-004
       741     1.1952673104E-004
       742     3.0214310359E-005
       743     1.6090281725E-004
       744     1.2530941151E-004
       745     2.0781022404E-004
       746     1.1947056737E-004
       747     8.2783419565E-005
       748     2.3997848917E-004
       749     5.3631827473E-005
       750     5.4760825211E-005
       751     9.6614374108E-005
       752     9.1047097381E-005
       753     1.8534614262E-004
       754     2.6264950586E-004
       755     7.5378682175E-005
       756     3.8537394663E-005
       757     6.9184334099E-005
       758     1.0611917771E-004
       759     2.3675353386E-004
       760     1.3989170301E-004
       761     6.8516640062E-005
       762     2.0430577476E-004
       763     1.6864158292E-004
       764     1.2590871891E-004
       765     5.2644264014E-005
       766     5.8684620667E-005
       767     1.1649943804E-004
       768     1.3769585330E-004
       769     1.3592540505E-004
       770     5.3441305650E-005
       771     5.3752724118E-005
       772     2.9033262522E-005
       773     3.1159317247E-005
       774     1.7128242034E-005
       775     1.8849163875E-005
       776     1.8574457657E-004
       777     1.0115076016E-004
       778     1.5789864254E-004
       779     1.9663003320E-004
       780     8.3625768302E-005
       781     7.1271562614E-005
       782     9.5712829789E-005
       783     2.0002900720E-004
       784     2.5049546418E-004
       785     1.2778878224E-004
       786     8.0902002088E-005
       787     1.4839753248E-005
       788     2.6039427869E-005
       789     1.0936243543E-004
       790     1.7705869023E-004
       791     5.7566070522E-005
       792     1.3832085857E-004
       793     1.7461796005E-004
       794     2.0310590488E-004
       795     6.0212482666E-005
       796     1.0592956848E-004
       797     1.7739870793E-004
       798     2.1741518142E-004
       799     1.0920978729E-004
       800     1.0662369403E-004
       801     1.2257845209E-004
       802     2.3418222540E-004
       803     2.8484461753E-004
       804     1.0626611125E-004
       805     7.8310343555E-005
       806     1.9526338426E-004
       807     8.2805758042E-005
       808     1.9226284210E-004
       809     1.2837952313E-004
       810     1.2387842353E-004
       811     1.3417482263E-004
       812     1.8951295398E-004
       813     3.0226678377E-004
       814     1.9889913484E-004
       815     1.5396944878E-004
       816     1.3229779083E-004
       817     1.1197785116E-004
       818     5.3484095452E-005
       819     1.0176559019E-004
       820     7.7850941128E-005
       821     2.1282205573E-004
       822     2.1718150648E-004
       823     1.4297678676E-004
       824     1.0249093641E-004
       825     1.6170016509E-004
       826     8.8968305420E-005
       827     7.8877379413E-005
       828     1.2881886124E-004
       829     1.2667486024E-004
       830     2.1163871818E-004
       831     2.8341827453E-004
       832     9.7186652981E-005
       833     1.4235840761E-004
       834     6.4241136198E-005
       835     1.3386232188E-004
       836     1.1841147621E-004
       837     1.6630866365E-004
       838     1.6624707125E-004
       839     3.0748851802E-004
       840     9.7161918811E-005
       841     8.3983312807E-005
       842     9.7210769395E-005
       843     9.9582276706E-005
       844     6.5084576334E-005
       845     1.3708789613E-004
       846     1.0234087715E-004
       847     2.6249538873E-004
       848     3.3448628768E-004
       849     1.0543772297E-004
       850     8.1488893899E-005
       851     6.9321246859E-005
       852     1.6696163574E-004
       853     8.2200967991E-005
       854     3.0467462819E-005
       855     1.1377629807E-004
       856     3.0774680665E-004
       857     6.3204263519E-005
       858     5.0730880792E-005
       859     1.0666414728E-004
       860     9.5188019299E-005
       861     8.7859454580E-005
       862     1.2679014945E-004
       863     4.5907807522E-005
       864     3.1628684344E-004
       865     7.4227216820E-005
       866     7.4820027964E-005
       867     1.0483470824E-004
       868     4.3670845738E-005
       869     9.8250456670E-005
       870     1.0596436306E-004
       871     7.1041364480E-005
       872     1.4372754192E-004
       873     1.1481390712E-004
       874     1.4357167311E-004
       875     7.8154418609E-005
       876     2.2887995803E-004
       877     2.3838102408E-005
       878     7.4140362103E-005
       879     1.3197978486E-004
       880     1.7820311784E-004
       881     2.0609570026E-004
       882     2.4261436686E-004
       883     9.3662639047E-005
       884     1.0421027638E-004
       885     8.1245601436E-005
       886     2.2979269591E-004
       887     2.3431535273E-004
       888     1.8037217813E-004
       889     1.3066781879E-004
       890     1.8065852080E-004
       891     4.9341376364E-004
       892     5.6192960230E-004
       893     7.8820220230E-005
       894     8.0892805504E-005
       895     9.8006290825E-005
       896     1.9016961539E-004
       897     2.3709204098E-004
       898     1.1002398717E-004
       899     2.5640527684E-004
       900     5.2469280261E-005
       901     1.0263263364E-004
       902     4.4498123015E-004
       903     2.5501352416E-004
       904     2.2432271434E-004
       905     1.5498882129E-004
       906     2.0453933615E-004
       907     1.0324076994E-004
       908     2.1115483757E-004
       909     1.1855950214E-004
       910     1.7165060582E-004
       911     1.1011516372E-004
       912     1.0903215774E-004
       913     1.4096573571E-004
       914     2.5151895395E-004
       915     3.5548799821E-004
       916     1.2143693364E-004
       917     9.1504192712E-005
       918     3.9223349412E-004
       919     2.2401137511E-004
       920     1.1312775411E-004
       921     1.8231507602E-004
       922     1.4801046959E-004
       923     1.0696872670E-004
       924     9.2721195128E-005
       925     2.1488751462E-004
       926     9.4961840963E-005
       927     1.3578449220E-004
       928     1.2577582942E-004
       929     7.3449765016E-005
       930     2.6402558685E-004
       931     3.4844255000E-004
       932     1.6918286980E-004
       933     7.8717835032E-005
       934     7.5193284099E-005
       935     1.0305732121E-004
       936     1.0692301315E-004
       937     7.5544852404E-005
       938     8.3033841562E-005
       939     1.1684107691E-004
       940     1.8826057612E-004
       941     1.0517303089E-004
       942     1.0360084267E-004
       943     7.8956842151E-005
       944     1.1431243610E-004
       945     7.3474490236E-005
       946     8.5487007221E-005
       947     1.4139038825E-004
       948     9.9642704925E-005
       949     8.3706846042E-005
       950     7.6287655494E-005
       951     7.3721382705E-005
       952     1.3518171981E-004
       953     1.4662584653E-004
       954     7.2337729006E-005
       955     4.5812698863E-005
       956     7.2698277289E-005
       957     8.9991533670E-005
       958     1.8002766173E-004
       959     2.4779322730E-004
       960     1.4493354730E-004
       961     7.8975634374E-005
       962     7.8145187973E-005
       963     1.3724154344E-004
       964     1.9316395496E-004
       965     8.2446001292E-005
       966     8.3314700219E-005
       967     2.7477184179E-004
       968     1.5900421293E-004
       969     8.9293539273E-005
       970     1.7417587964E-004
       971     2.2609162705E-004
       972     9.5341174650E-005
       973     2.8583969144E-004
       974     2.2680225231E-004
       975     1.3325172807E-004
       976     8.1061728801E-005
       977     1.8694860923E-004
       978     2.1067438005E-004
       979     2.9397350042E-004
       980     1.0000959889E-004
       981     1.6276527427E-004
       982     2.0358158037E-004
       983     2.8184666946E-004
       984     1.4873111546E-004
       985     9.8315600144E-005
       986     2.0354694480E-004
       987     8.9419200700E-005
       988     2.0868983936E-004
       989     1.3357988803E-004
       990     1.7221929884E-004
       991     2.5022848075E-004
       992     2.2413362181E-004
       993     2.2895237374E-004
       994     2.0028962541E-004
       995     2.1542176005E-004
       996     1.0395645632E-004
       997     2.6431368251E-004
       998     3.0870247755E-004
       999     2.3604576977E-004
      1000     3.0993713507E-004
      1001     2.6129696278E-004
      1002     2.1622240336E-004
      1003     1.6899818942E-004
      1004     1.9497799838E-004
      1005     2.8123405062E-004
      1006     4.0337762464E-004
      1007     1.3673955007E-004
      1008     1.6435479505E-004
      1009     2.3196280668E-004
      1010     1.7862788250E-004
      1011     1.1833344691E-004
      1012     1.7816509645E-004
      1013     2.4776802606E-004
      1014     4.5630028215E-004
      1015     1.5594517148E-004
      1016     5.3037753099E-004
      1017     2.1514430179E-004
      1018     1.1871410793E-004
      1019     1.8305896718E-004
      1020     2.6715937911E-004
      1021     3.6932798355E-004
      1022     2.6742787915E-004
      1023     2.0347687924E-004
      1024     1.3845446784E-004
      1025     1.7213377709E-004
      1026     2.1127567138E-004
      1027     2.8820755024E-004
      1028     3.9099548705E-004
      1029     1.3096770495E-004
      1030     2.2804186080E-004
      1031     4.2730774134E-004
      1032     2.8776202930E-004
      1033     3.0925917218E-004
      1034     5.5551026478E-004
      1035     2.7813482690E-004
      1036     3.0572549397E-004
      1037     8.5705674838E-005
      1038     2.7620040925E-004
      1039     3.7478831860E-004
      1040     3.6028098231E-004
      1041     2.2180496274E-004
      1042     4.3523514540E-004
      1043     5.0699181433E-004
      1044     6.9167277307E-004
      1045     2.2584837719E-004
      1046     1.3947077923E-004
      1047     2.2990058151E-004
      1048     5.1571683988E-004
      1049     1.4311530668E-004
      1050     7.7002440392E-004
      1051     1.5704627715E-004
      1052     2.2467648215E-004
      1053     5.6181730091E-004
      1054     3.0435622822E-004
      1055     6.0606220407E-004
      1056     2.5708955232E-004
      1057     3.4606599698E-004
      1058     1.6231548651E-004
      1059     2.2072531420E-004
      1060     3.1158633758E-004
      1061     4.5740181726E-004
      1062     5.4920400846E-004
      1063     7.3754262281E-004
      1064     3.4540288763E-004
      1065     4.3027621427E-004
      1066     3.8027407757E-004
      1067     4.0185451692E-004
      1068     4.0864229774E-004
      1069     2.0548394904E-004
     2.5920000000E+005          51840
         1     1.7280500000E+005
         2     1.7160500000E+005
         3     1.7280000000E+005
         4     1.7160500000E+005
         5     1.7280000000E+005
         6     1.7160500000E+005
         7     1.7280500000E+005
         8     1.7520500000E+005
         9     1.7520500000E+005
        10     1.7280500000E+005
        11     1.9560500000E+005
        12     1.7280500000E+005
        13     1.7160500000E+005
        14     1.6800500000E+005
        15     1.7280500000E+005
        16     1.7160500000E+005
        17     1.7160500000E+005
        18     1.7040500000E+005
        19     1.7280500000E+005
        20     1.8360500000E+005
        21     1.8360500000E+005
        22     1.7520000000E+005
        23     1.8240000000E+005
        24     1.8240500000E+005
        25     1.8240500000E+005
        26     1.8120500000E+005
        27     1.8240000000E+005
        28     1.8240500000E+005
        29     1.8360000000E+005
        30     1.7040500000E+005
        31     1.7160000000E+005
        32     1.8240500000E+005
        33     1.8240500000E+005
        34     1.8600500000E+005
        35     1.8600500000E+005
        36     1.8360000000E+005
        37     1.8240500000E+005
        38     1.8720000000E+005
        39     1.8720000000E+005
        40     1.8240500000E+005
        41     1.8360000000E+005
        42     1.8240500000E+005
        43     1.8480500000E+005
        44     1.7280500000E+005
        45     1.6440500000E+005
        46     1.6560500000E+005
        47     1.8240500000E+005
        48     1.8240500000E+005
        49     1.8480500000E+005
        50     2.0880500000E+005
        51     1.7280500000E+005
        52     1.7280500000E+005
        53     1.7280500000E+005
        54     1.6560000000E+005
        55     1.6440500000E+005
        56     1.6920500000E+005
        57     1.8240500000E+005
        58     1.8240000000E+005
        59     1.7280500000E+005
        60     1.7280500000E+005
        61     1.8120000000E+005
        62     1.7760500000E+005
        63     1.7280500000E+005
        64     1.7280500000E+005
        65     1.7040500000E+005
        66     1.6920500000E+005
        67     1.9440500000E+005
        68     1.7040500000E+005
        69     1.9200000000E+005
        70     1.8360500000E+005
        71     1.8240500000E+005
        72     1.7520500000E+005
        73     1.8120500000E+005
        74     1.8000500000E+005
        75     1.7880500000E+005
        76     1.8240000000E+005
        77     1.7280500000E+005
        78     1.7520000000E+005
        79     1.7280000000E+005
        80     1.7280500000E+005
        81     1.7040500000E+005
        82     1.9440500000E+005
        83     1.7160000000E+005
        84     1.8480000000E+005
        85     1.7160500000E+005
        86     1.8480500000E+005
        87     1.7280500000E+005
        88     1.7880500000E+005
        89     1.8120500000E+005
        90     1.7280500000E+005
        91     1.7160500000E+005
        92     1.9440000000E+005
        93     1.7040500000E+005
        94     1.7040500000E+005
        95     1.9560500000E+005
        96     1.7160500000E+005
        97     1.8360500000E+005
        98     1.8240500000E+005
        99     1.7280500000E+005
       100     1.8000000000E+005
       101     1.8000000000E+005
       102     1.7040500000E+005
       103     1.7040500000E+005
       104     1.6800500000E+005
       105     1.6560500000E+005
       106     1.6320500000E+005
       107     1.7280500000E+005
       108     1.7160500000E+005
       109     1.7040500000E+005
       110     1.9560000000E+005
       111     1.9560500000E+005
       112     1.7160500000E+005
       113     1.7880500000E+005
       114     1.8120000000E+005
       115     1.8360000000E+005
       116     1.9560500000E+005
       117     1.7400000000E+005
       118     1.7760500000E+005
       119     1.7760500000E+005
       120     1.7040500000E+005
       121     1.7040500000E+005
       122     1.7880500000E+005
       123     1.7040500000E+005
       124     1.6560500000E+005
       125     1.8960500000E+005
       126     1.9200500000E+005
       127     1.9320500000E+005
       128     1.7040500000E+005
       129     1.9680500000E+005
       130     1.7040500000E+005
       131     1.9680500000E+005
       132     1.8000500000E+005
       133     1.7520500000E+005
       134     1.7520500000E+005
       135     1.7400500000E+005
       136     1.7160500000E+005
       137     1.7880000000E+005
       138     1.7880500000E+005
       139     1.7280500000E+005
       140     1.7280500000E+005
       141     2.0040500000E+005
       142     1.9560500000E+005
       143     1.6800000000E+005
       144     1.6440000000E+005
       145     1.9560500000E+005
       146     1.7040500000E+005
       147     1.9440500000E+005
       148     1.7160500000E+005
       149     1.7280000000E+005
       150     1.6080500000E+005
       151     2.0520500000E+005
       152     1.7280500000E+005
       153     1.8120000000E+005
       154     1.7280500000E+005
       155     1.7400500000E+005
       156     1.8000000000E+005
       157     1.9800000000E+005
       158     1.7400000000E+005
       159     1.6800500000E+005
       160     1.6680000000E+005
       161     1.9680500000E+005
       162     1.6440500000E+005
       163     1.5840500000E+005
       164     1.6560500000E+005
       165     2.0640500000E+005
       166     1.6320500000E+005
       167     1.7760500000E+005
       168     1.7040500000E+005
       169     1.7760000000E+005
       170     1.7280500000E+005
       171     1.7160500000E+005
       172     1.7640500000E+005
       173     1.7640500000E+005
       174     1.6680500000E+005
       175     1.7400000000E+005
       176     1.7880000000E+005
       177     1.4640500000E+005
       178     1.6320500000E+005
       179     2.0280500000E+005
       180     1.6680500000E+005
       181     1.6320000000E+005
       182     1.5960500000E+005
       183     1.8840000000E+005
       184     1.9800500000E+005
       185     1.5960500000E+005
       186     1.7520000000E+005
       187     1.7400500000E+005
       188     1.7160500000E+005
       189     1.8000500000E+005
       190     1.7400500000E+005
       191     1.7040500000E+005
       192     1.7040500000E+005
       193     1.7160500000E+005
       194     1.7640500000E+005
       195     1.7400500000E+005
       196     1.7760000000E+005
       197     1.7640500000E+005
       198     1.7640500000E+005
       199     1.6800500000E+005
       200     1.7400500000E+005
       201     2.0160500000E+005
       202     1.6800500000E+005
       203     1.6800500000E+005
       204     1.6320000000E+005
       205     2.0520000000E+005
       206     1.6560500000E+005
       207     1.9680500000E+005
       208     2.0280500000E+005
       209     1.8120500000E+005
       210     1.9800500000E+005
       211     1.7400500000E+005
       212     1.7280500000E+005
       213     1.7400500000E+005
       214     1.7520000000E+005
       215     1.6560500000E+005
       216     1.6680500000E+005
       217     2.0640000000E+005
       218     1.7400500000E+005
       219     1.7040500000E+005
       220     1.7160500000E+005
       221     1.7640500000E+005
       222     1.9920500000E+005
       223     1.9800500000E+005
       224     2.0760500000E+005
       225     1.7040500000E+005
       226     1.9920000000E+005
       227     1.6560000000E+005
       228     1.9800500000E+005
       229     1.6560500000E+005
       230     1.9920000000E+005
       231     1.9800500000E+005
       232     1.9800500000E+005
       233     1.8480000000E+005
       234     1.7160500000E+005
       235     1.9800500000E+005
       236     1.6920500000E+005
       237     1.7280000000E+005
       238     1.7520000000E+005
       239     1.9080500000E+005
       240     1.6320500000E+005
       241     1.6680500000E+005
       242     2.0640500000E+005
       243     2.0760000000E+005
       244     1.7520500000E+005
       245     1.7400500000E+005
       246     1.7520000000E+005
       247     1.7040500000E+005
       248     1.6800500000E+005
       249     1.6440000000E+005
       250     1.6440500000E+005
       251     1.9680500000E+005
       252     1.9920500000E+005
       253     2.0280500000E+005
       254     1.8360500000E+005
       255     1.6440500000E+005
       256     1.8480000000E+005
       257     1.8480500000E+005
       258     2.0040000000E+005
       259     1.9800500000E+005
       260     1.9800500000E+005
       261     1.7040500000E+005
       262     1.9800500000E+005
       263     1.7400500000E+005
       264     1.6440500000E+005
       265     1.5120500000E+005
       266     1.9800500000E+005
       267     1.9920500000E+005
       268     1.6680500000E+005
       269     1.7400500000E+005
       270     1.7040000000E+005
       271     1.6920500000E+005
       272     1.6920000000E+005
       273     1.8000500000E+005
       274     1.9800500000E+005
       275     1.6560500000E+005
       276     1.9680500000E+005
       277     2.0280500000E+005
       278     1.8120500000E+005
       279     1.9680500000E+005
       280     1.9560500000E+005
       281     1.9920500000E+005
       282     2.0040500000E+005
       283     1.9920000000E+005
       284     1.6560500000E+005
       285     2.0160000000E+005
       286     1.7760500000E+005
       287     2.0040000000E+005
       288     1.8840500000E+005
       289     1.7400500000E+005
       290     1.6920000000E+005
       291     1.7400500000E+005
       292     2.0040000000E+005
       293     1.8000500000E+005
       294     1.7760000000E+005
       295     1.9920500000E+005
       296     1.7160500000E+005
       297     1.6800500000E+005
       298     1.8000500000E+005
       299     1.6680500000E+005
       300     2.0400500000E+005
       301     1.9680500000E+005
       302     1.9440500000E+005
       303     2.0040500000E+005
       304     1.9920000000E+005
       305     2.0040500000E+005
       306     1.8000500000E+005
       307     2.0040500000E+005
       308     1.7400500000E+005
       309     1.8720500000E+005
       310     2.0280000000E+005
       311     2.0280000000E+005
       312     2.0280500000E+005
       313     1.7760000000E+005
       314     1.6920500000E+005
       315     1.8120500000E+005
       316     1.7040500000E+005
       317     1.7040500000E+005
       318     2.0520500000E+005
       319     1.6800000000E+005
       320     1.6560000000E+005
       321     1.4280000000E+005
       322     1.9920500000E+005
       323     1.9680000000E+005
       324     1.9800500000E+005
       325     1.9800500000E+005
       326     1.8360000000E+005
       327     1.7400500000E+005
       328     2.0040500000E+005
       329     1.9320500000E+005
       330     2.0400000000E+005
       331     2.0640500000E+005
       332     1.8240000000E+005
       333     1.7640500000E+005
       334     2.0760500000E+005
       335     1.7400500000E+005
       336     1.6800500000E+005
       337     1.7400500000E+005
       338     1.7400500000E+005
       339     1.4640500000E+005
       340     1.4640500000E+005
       341     1.5480000000E+005
       342     2.0400000000E+005
       343     1.7400500000E+005
       344     1.7520000000E+005
       345     2.0040500000E+005
       346     2.0640000000E+005
       347     2.0520500000E+005
       348     1.8240500000E+005
       349     1.8120500000E+005
       350     1.8000000000E+005
       351     1.3320000000E+005
       352     1.8120500000E+005
       353     1.7760000000E+005
       354     1.7040500000E+005
       355     1.9680500000E+005
       356     1.4880000000E+005
       357     1.8000500000E+005
       358     1.8840000000E+005
       359     1.6800500000E+005
       360     1.6080500000E+005
       361     1.5960500000E+005
       362     1.5480000000E+005
       363     1.6440500000E+005
       364     1.7400500000E+005
       365     2.0040500000E+005
       366     1.4400500000E+005
       367     1.8240500000E+005
       368     1.7400500000E+005
       369     1.7640500000E+005
       370     1.3920500000E+005
       371     1.8360000000E+005
       372     1.8960500000E+005
       373     2.0280500000E+005
       374     2.5080500000E+005
       375     2.4840500000E+005
       376     2.0520000000E+005
       377     2.3400500000E+005
       378     1.6440500000E+005
       379     1.8120500000E+005
       380     2.3040500000E+005
       381     2.2920500000E+005
       382     2.3040000000E+005
       383     2.2080500000E+005
       384     2.1240500000E+005
       385     1.6200500000E+005
       386     2.2920500000E+005
       387     1.6200500000E+005
       388     1.9800500000E+005
       389     1.9800500000E+005
       390     2.0280500000E+005
       391     1.6680500000E+005
       392     2.0040500000E+005
       393     1.9800500000E+005
       394     1.8120500000E+005
       395     1.7880500000E+005
       396     1.7760000000E+005
       397     2.0400000000E+005
       398     1.8840500000E+005
       399     1.8240500000E+005
       400     1.8480000000E+005
       401     2.3400500000E+005
       402     2.0400500000E+005
       403     2.3400000000E+005
       404     2.3040500000E+005
       405     1.9920000000E+005
       406     1.9560500000E+005
       407     2.3040500000E+005
       408     2.2920500000E+005
       409     2.0400500000E+005
       410     2.1720500000E+005
       411     2.3280000000E+005
       412     2.3280500000E+005
       413     2.3280500000E+005
       414     2.3280000000E+005
       415     1.9560500000E+005
       416     1.9560500000E+005
       417     1.6680500000E+005
       418     1.6800500000E+005
       419     2.0280500000E+005
       420     1.7760000000E+005
       421     1.7640500000E+005
       422     2.1960000000E+005
       423     1.8120500000E+005
       424     1.7640500000E+005
       425     1.7520000000E+005
       426     2.2920500000E+005
       427     2.0400500000E+005
       428     2.0400500000E+005
       429     1.9560500000E+005
       430     1.9920000000E+005
       431     2.3160500000E+005
       432     2.2800500000E+005
       433     2.2680500000E+005
       434     2.2320000000E+005
       435     2.3040500000E+005
       436     2.3160000000E+005
       437     1.7280000000E+005
       438     2.3160000000E+005
       439     2.2800500000E+005
       440     1.8600500000E+005
       441     1.8480500000E+005
       442     1.6800500000E+005
       443     1.7400500000E+005
       444     2.0760500000E+005
       445     1.7640500000E+005
       446     2.3040000000E+005
       447     1.7640500000E+005
       448     1.7640500000E+005
       449     1.7400500000E+005
       450     1.8360500000E+005
       451     1.8720000000E+005
       452     1.8840500000E+005
       453     1.9560500000E+005
       454     2.0400500000E+005
       455     1.7040000000E+005
       456     2.2680500000E+005
       457     2.2800500000E+005
       458     2.3160500000E+005
       459     2.3160000000E+005
       460     2.3040500000E+005
       461     2.5680000000E+005
       462     2.0520500000E+005
       463     1.7160500000E+005
       464     1.7400500000E+005
       465     1.6680000000E+005
       466     1.7520000000E+005
       467     2.0760500000E+005
       468     2.2920000000E+005
       469     2.2800500000E+005
       470     1.7640500000E+005
       471     1.8360500000E+005
       472     1.7640500000E+005
       473     1.7880000000E+005
       474     1.9200500000E+005
       475     1.8720000000E+005
       476     1.8840500000E+005
       477     2.2080500000E+005
       478     2.2440500000E+005
       479     2.1480500000E+005
       480     2.2920000000E+005
       481     2.2920500000E+005
       482     2.1360500000E+005
       483     2.1120500000E+005
       484     2.3160500000E+005
       485     2.0640500000E+005
       486     2.0520500000E+005
       487     2.3520000000E+005
       488     1.7400500000E+005
       489     1.6920000000E+005
       490     1.7400500000E+005
       491     1.7400500000E+005
       492     2.2440500000E+005
       493     2.2920500000E+005
       494     1.7640500000E+005
       495     2.3760000000E+005
       496     1.7640500000E+005
       497     1.7760000000E+005
       498     1.8600500000E+005
       499     1.8840500000E+005
       500     1.9200500000E+005
       501     2.3520500000E+005
       502     2.3400500000E+005
       503     2.1360000000E+005
       504     2.2560500000E+005
       505     2.3400500000E+005
       506     2.0520500000E+005
       507     2.4120500000E+005
       508     2.3040000000E+005
       509     2.0640500000E+005
       510     1.7880500000E+005
       511     2.2920500000E+005
       512     1.7760500000E+005
       513     1.7640500000E+005
       514     1.8360500000E+005
       515     1.8360500000E+005
       516     1.8360500000E+005
       517     1.8360500000E+005
       518     1.6800500000E+005
       519     2.2800000000E+005
       520     1.7640500000E+005
       521     1.9080500000E+005
       522     1.8960000000E+005
       523     2.3400500000E+005
       524     2.3400500000E+005
       525     2.3160500000E+005
       526     1.9560000000E+005
       527     1.9440500000E+005
       528     1.9080500000E+005
       529     2.2680500000E+005
       530     2.2920500000E+005
       531     1.8360500000E+005
       532     1.7880500000E+005
       533     1.8000000000E+005
       534     1.8600500000E+005
       535     1.8000000000E+005
       536     1.7640500000E+005
       537     1.7640500000E+005
       538     1.8600500000E+005
       539     1.8600500000E+005
       540     1.8720000000E+005
       541     1.8600500000E+005
       542     2.2560000000E+005
       543     1.6920500000E+005
       544     1.5240000000E+005
       545     1.6800500000E+005
       546     2.2680500000E+005
       547     2.3640500000E+005
       548     2.3160500000E+005
       549     2.2440500000E+005
       550     1.9440000000E+005
       551     2.2080500000E+005
       552     1.8240000000E+005
       553     1.7640500000E+005
       554     2.2560500000E+005
       555     1.8960000000E+005
       556     1.8120500000E+005
       557     1.8480500000E+005
       558     1.7160000000E+005
       559     1.8000000000E+005
       560     1.6920500000E+005
       561     1.6320500000E+005
       562     1.7400500000E+005
       563     2.2560500000E+005
       564     2.1960500000E+005
       565     2.2440500000E+005
       566     1.6560500000E+005
       567     1.7640500000E+005
       568     2.3520000000E+005
       569     2.3160500000E+005
       570     2.2800500000E+005
       571     1.6080500000E+005
       572     2.2800500000E+005
       573     2.2800000000E+005
       574     2.1600000000E+005
       575     1.8480500000E+005
       576     1.8720000000E+005
       577     1.8120500000E+005
       578     1.7520000000E+005
       579     1.6440500000E+005
       580     1.8360500000E+005
       581     1.7880000000E+005
       582     2.2200000000E+005
       583     2.1960500000E+005
       584     2.2560500000E+005
       585     1.6200000000E+005
       586     2.1720500000E+005
       587     2.1720500000E+005
       588     2.2080000000E+005
       589     1.7760000000E+005
       590     1.7760000000E+005
       591     2.3640500000E+005
       592     2.2680500000E+005
       593     2.3160500000E+005
       594     2.3040000000E+005
       595     1.6440500000E+005
       596     2.2680000000E+005
       597     1.6200500000E+005
       598     1.6440000000E+005
       599     1.8600500000E+005
       600     1.8120500000E+005
       601     1.8120500000E+005
       602     1.6440500000E+005
       603     2.1840500000E+005
       604     2.1840500000E+005
       605     2.2320500000E+005
       606     2.1960500000E+005
       607     2.1960500000E+005
       608     2.2560500000E+005
       609     1.8480000000E+005
       610     2.1480500000E+005
       611     2.1600500000E+005
       612     1.7640500000E+005
       613     1.6680500000E+005
       614     2.3640500000E+005
       615     2.3400500000E+005
       616     2.2440500000E+005
       617     2.2440500000E+005
       618     2.2440500000E+005
       619     2.2920500000E+005
       620     2.1960500000E+005
       621     2.2440500000E+005
       622     2.2440500000E+005
       623     1.6440500000E+005
       624     2.1480500000E+005
       625     1.4880500000E+005
       626     1.6680000000E+005
       627     1.4640500000E+005
       628     1.5600500000E+005
       629     2.2080500000E+005
       630     2.2440500000E+005
       631     2.2440500000E+005
       632     2.2320500000E+005
       633     2.2800500000E+005
       634     1.7400500000E+005
       635     2.2560500000E+005
       636     1.7760000000E+005
       637     1.7880500000E+005
       638     2.3760000000E+005
       639     2.3040500000E+005
       640     2.2560000000E+005
       641     2.3760000000E+005
       642     2.2440500000E+005
       643     2.2560000000E+005
       644     2.1720500000E+005
       645     2.1960500000E+005
       646     2.1960500000E+005
       647     1.6560500000E+005
       648     1.5240000000E+005
       649     1.4400500000E+005
       650     2.1000500000E+005
       651     1.4760000000E+005
       652     1.5480500000E+005
       653     2.2440000000E+005
       654     2.2680500000E+005
       655     2.2680500000E+005
       656     2.2440500000E+005
       657     2.2920000000E+005
       658     2.3400500000E+005
       659     1.8840500000E+005
       660     1.7880500000E+005
       661     2.2800500000E+005
       662     2.2320500000E+005
       663     2.3880500000E+005
       664     2.2320500000E+005
       665     2.0640500000E+005
       666     2.1600500000E+005
       667     2.2320500000E+005
       668     2.2560500000E+005
       669     2.2320500000E+005
       670     2.2560000000E+005
       671     1.6200000000E+005
       672     2.1240500000E+005
       673     1.6920000000E+005
       674     1.4520000000E+005
       675     1.6800500000E+005
       676     1.4400500000E+005
       677     1.6800500000E+005
       678     2.3760500000E+005
       679     2.2680500000E+005
       680     2.2680500000E+005
       681     2.2560000000E+005
       682     1.8840500000E+005
       683     1.8120000000E+005
       684     1.8120000000E+005
       685     1.8840500000E+005
       686     1.7880500000E+005
       687     2.2440500000E+005
       688     2.2560000000E+005
       689     2.2440500000E+005
       690     2.2440500000E+005
       691     2.5080500000E+005
       692     2.2320500000E+005
       693     2.1600500000E+005
       694     2.1360000000E+005
       695     2.0280000000E+005
       696     2.2200500000E+005
       697     2.2680500000E+005
       698     1.4640500000E+005
       699     1.4640500000E+005
       700     1.9800500000E+005
       701     1.3920500000E+005
       702     1.9680000000E+005
       703     1.9680000000E+005
       704     1.9320500000E+005
       705     1.9440000000E+005
       706     1.9080500000E+005
       707     1.9080500000E+005
       708     1.9440000000E+005
       709     1.9800000000E+005
       710     1.9560500000E+005
       711     1.9920000000E+005
       712     2.1720500000E+005
       713     2.1840500000E+005
       714     2.2320000000E+005
       715     2.1960500000E+005
       716     2.1960500000E+005
       717     2.1120500000E+005
       718     2.4360500000E+005
       719     2.2320000000E+005
       720     2.2920500000E+005
       721     2.4720500000E+005
       722     2.2320500000E+005
       723     1.9920500000E+005
       724     2.0040500000E+005
       725     2.1600500000E+005
       726     1.4880500000E+005
       727     1.3920500000E+005
       728     1.4160500000E+005
       729     1.9080500000E+005
       730     2.2200000000E+005
       731     1.9800500000E+005
       732     1.9560500000E+005
       733     1.9800500000E+005
       734     1.9800500000E+005
       735     1.9680000000E+005
       736     1.9920000000E+005
       737     2.1240500000E+005
       738     2.1360500000E+005
       739     2.1960500000E+005
       740     2.0640500000E+005
       741     2.1720500000E+005
       742     2.0040500000E+005
       743     1.8840500000E+005
       744     2.2200500000E+005
       745     2.2200500000E+005
       746     2.2320000000E+005
       747     2.2680000000E+005
       748     2.1360500000E+005
       749     1.4160500000E+005
       750     2.1960500000E+005
       751     2.1840500000E+005
       752     1.9560500000E+005
       753     1.9920000000E+005
       754     1.9800500000E+005
       755     1.7400500000E+005
       756     2.2320500000E+005
       757     2.2080500000E+005
       758     1.8840500000E+005
       759     2.2200500000E+005
       760     1.8960000000E+005
       761     2.4600000000E+005
       762     2.2200500000E+005
       763     2.2200500000E+005
       764     2.1360500000E+005
       765     2.1960500000E+005
       766     2.2080500000E+005
       767     2.1720500000E+005
       768     1.5600500000E+005
       769     1.9560500000E+005
       770     1.7760500000E+005
       771     2.0640500000E+005
       772     2.0400500000E+005
       773     2.0640000000E+005
       774     2.2560500000E+005
       775     2.0880500000E+005
       776     2.1720000000E+005
       777     2.2080500000E+005
       778     2.2320000000E+005
       779     2.2320000000E+005
       780     1.7760500000E+005
       781     2.2080000000E+005
       782     2.2200000000E+005
       783     2.1960500000E+005
       784     1.4880500000E+005
       785     1.8240500000E+005
       786     2.1840500000E+005
       787     2.1120500000E+005
       788     1.9320000000E+005
       789     2.1840500000E+005
       790     2.1840500000E+005
       791     2.2200000000E+005
       792     2.1600000000E+005
       793     2.2080500000E+005
       794     2.1480500000E+005
       795     2.1960500000E+005
       796     2.1960500000E+005
       797     2.2440500000E+005
       798     2.2320000000E+005
       799     2.2200500000E+005
       800     2.2440500000E+005
       801     2.1840000000E+005
       802     2.1840500000E+005
       803     2.1960500000E+005
       804     2.2680500000E+005
       805     1.9560500000E+005
       806     2.2320000000E+005
       807     1.7760000000E+005
       808     2.1720000000E+005
       809     2.1840500000E+005
       810     1.9080500000E+005
       811     2.2200500000E+005
       812     2.1960500000E+005
       813     2.1960500000E+005
       814     2.1960500000E+005
       815     2.2200500000E+005
       816     2.2200500000E+005
       817     2.1600500000E+005
       818     1.7640500000E+005
       819     1.7640500000E+005
       820     2.4000500000E+005
       821     2.2080000000E+005
       822     2.1960500000E+005
       823     2.1960500000E+005
       824     2.2080000000E+005
       825     2.1480500000E+005
       826     1.7640500000E+005
       827     2.4000500000E+005
       828     1.7760000000E+005
       829     1.7880500000E+005
       830     2.2080000000E+005
       831     2.2080000000E+005
       832     2.1960500000E+005
       833     1.9320500000E+005
       834     2.1840500000E+005
       835     1.7520000000E+005
       836     1.7400500000E+005
       837     2.2080000000E+005
       838     2.2080000000E+005
       839     2.2080000000E+005
       840     2.2440000000E+005
       841     1.9080000000E+005
       842     1.8960500000E+005
       843     2.0640500000E+005
       844     2.2200500000E+005
       845     2.0400500000E+005
       846     2.2320000000E+005
       847     2.2080000000E+005
       848     2.1720500000E+005
       849     2.2080500000E+005
       850     2.2800500000E+005
       851     2.3040000000E+005
       852     2.1360500000E+005
       853     1.8120500000E+005
       854     1.9920500000E+005
       855     2.1960500000E+005
       856     2.1960500000E+005
       857     2.2080000000E+005
       858     2.3280000000E+005
       859     2.2800500000E+005
       860     2.2800500000E+005
       861     2.1360500000E+005
       862     2.2200000000E+005
       863     1.7880500000E+005
       864     2.1840500000E+005
       865     2.4000500000E+005
       866     2.1960500000E+005
       867     2.2200500000E+005
       868     2.2320500000E+005
       869     2.2800500000E+005
       870     2.2800500000E+005
       871     2.4240500000E+005
       872     2.1120000000E+005
       873     2.3040500000E+005
       874     2.2560500000E+005
       875     2.2200000000E+005
       876     2.2080500000E+005
       877     2.2320000000E+005
       878     2.2800500000E+005
       879     2.1240000000E+005
       880     2.2560500000E+005
       881     2.2320500000E+005
       882     2.2320500000E+005
       883     2.3040500000E+005
       884     2.3040500000E+005
       885     2.2320500000E+005
       886     2.2200000000E+005
       887     2.1960000000E+005
       888     2.2560500000E+005
       889     2.2560500000E+005
       890     2.2680000000E+005
       891     2.2200000000E+005
       892     2.1960500000E+005
       893     1.8000000000E+005
       894     2.3280500000E+005
       895     1.9680000000E+005
       896     2.2080500000E+005
       897     2.2560500000E+005
       898     1.8480500000E+005
       899     2.2560000000E+005
       900     1.8000500000E+005
       901     2.2560500000E+005
       902     1.9200000000E+005
       903     2.2320500000E+005
       904     2.2440500000E+005
       905     1.8000000000E+005
       906     1.8000000000E+005
       907     2.3160500000E+005
       908     2.1720500000E+005
       909     1.8360500000E+005
       910     1.9560500000E+005
       911     1.7640500000E+005
       912     1.7760000000E+005
       913     2.2440500000E+005
       914     1.9080500000E+005
       915     1.9080500000E+005
       916     2.2560500000E+005
       917     1.6680500000E+005
       918     2.1240500000E+005
       919     1.8120500000E+005
       920     1.7760500000E+005
       921     2.1480500000E+005
       922     1.8480000000E+005
       923     1.8000500000E+005
       924     1.8600500000E+005
       925     2.2560500000E+005
       926     1.9200000000E+005
       927     1.9080500000E+005
       928     2.2680000000E+005
       929     1.6200000000E+005
       930     2.1360000000E+005
       931     2.1360000000E+005
       932     1.7520000000E+005
       933     1.8120500000E+005
       934     2.1480500000E+005
       935     1.8360500000E+005
       936     1.9680500000E+005
       937     1.9800500000E+005
       938     1.8120500000E+005
       939     2.2800500000E+005
       940     2.2680500000E+005
       941     1.9080500000E+005
       942     1.9080500000E+005
       943     1.8240000000E+005
       944     1.7520000000E+005
       945     2.1720500000E+005
       946     2.1480500000E+005
       947     2.2680500000E+005
       948     2.3280500000E+005
       949     1.8720500000E+005
       950     1.8600500000E+005
       951     1.8120000000E+005
       952     2.1360500000E+005
       953     1.9680500000E+005
       954     1.9920500000E+005
       955     2.1960500000E+005
       956     1.9320500000E+005
       957     2.1360500000E+005
       958     2.2440500000E+005
       959     2.1480500000E+005
       960     2.2560000000E+005
       961     2.2320500000E+005
       962     2.1840500000E+005
       963     2.1360500000E+005
       964     1.8720500000E+005
       965     2.2080000000E+005
       966     2.1360000000E+005
       967     1.7400500000E+005
       968     2.2440500000E+005
       969     1.8720500000E+005
       970     1.8840500000E+005
       971     1.9680500000E+005
       972     2.1240500000E+005
       973     1.8840500000E+005
       974     2.2680500000E+005
       975     2.2680500000E+005
       976     1.8840000000E+005
       977     2.1120500000E+005
       978     1.8840500000E+005
       979     1.8840000000E+005
       980     2.1120500000E+005
       981     1.8960000000E+005
       982     1.8840500000E+005
       983     1.9320500000E+005
       984     1.8960000000E+005
       985     1.8840500000E+005
       986     1.8840500000E+005
       987     1.8480500000E+005
       988     1.8600500000E+005
       989     2.1360000000E+005
       990     1.8600000000E+005
       991     2.1240000000E+005
       992     1.9080500000E+005
       993     1.9080500000E+005
       994     1.8840500000E+005
       995     1.8960000000E+005
       996     1.8720500000E+005
       997     1.8960500000E+005
       998     1.8840500000E+005
       999     1.9080500000E+005
      1000     1.9200500000E+005
      1001     1.8360500000E+005
      1002     1.8840500000E+005
      1003     2.1120500000E+005
      1004     1.8480000000E+005
      1005     1.8960500000E+005
      1006     2.1120000000E+005
      1007     1.8360500000E+005
      1008     1.9200500000E+005
      1009     1.9200500000E+005
      1010     1.8480500000E+005
      1011     1.8720500000E+005
      1012     2.1120000000E+005
      1013     1.8840500000E+005
      1014     2.1120000000E+005
      1015     1.8480500000E+005
      1016     2.1000500000E+005
      1017     2.1120000000E+005
      1018     2.1120000000E+005
      1019     2.1000500000E+005
      1020     1.8840500000E+005
      1021     1.8960500000E+005
      1022     2.1000500000E+005
      1023     2.1000500000E+005
      1024     2.1000500000E+005
      1025     1.8120500000E+005
      1026     2.1000500000E+005
      1027     1.8960500000E+005
      1028     1.8240500000E+005
      1029     1.8360500000E+005
      1030     1.8840500000E+005
      1031     1.9080000000E+005
      1032     1.8240500000E+005
      1033     1.8480500000E+005
      1034     1.9080000000E+005
      1035     1.8360000000E+005
      1036     1.8720500000E+005
      1037     1.9680000000E+005
      1038     1.9440000000E+005
      1039     1.9320500000E+005
      1040     1.9560500000E+005
      1041     1.9200500000E+005
      1042     1.9560500000E+005
      1043     1.9560000000E+005
      1044     1.9560500000E+005
      1045     1.9800500000E+005
      1046     2.1120500000E+005
      1047     1.9560000000E+005
      1048     1.9680000000E+005
      1049     2.1960500000E+005
      1050     1.9440500000E+005
      1051     2.1840000000E+005
      1052     2.1120500000E+005
      1053     1.9560500000E+005
      1054     1.9920500000E+005
      1055     1.9440500000E+005
      1056     1.9200500000E+005
      1057     1.9680500000E+005
      1058     1.9920000000E+005
      1059     1.9680500000E+005
      1060     1.9680500000E+005
      1061     1.9680500000E+005
      1062     1.9680500000E+005
      1063     1.9680500000E+005
      1064     1.9560500000E+005
      1065     1.9680500000E+005
      1066     1.9800500000E+005
      1067     1.9800500000E+005
      1068     1.9920000000E+005
      1069     2.0160500000E+005
