  nc_newport_river_core_cr4_bath    v31.06 iterative         Albemarle-Pamlico Estuar
          2       1069  0.1000000E+001        1     1 FileFmtVersion:    1050624
     2.5920000000E+005          51840
         1     0.0000000000E+000
         2     1.3025090495E-001
         3     3.3447473276E-001
         4     3.7007795152E-001
         5     4.8511370998E-001
         6     5.4486559425E-001
         7     5.1875933883E-001
         8     6.5929906170E-001
         9     3.4396580205E-001
        10     5.3288976728E-001
        11     6.5896219497E-001
        12     3.4194055936E-001
        13     3.9622463095E-001
        14     6.9009542615E-001
        15     3.6916509117E-001
        16     6.1910360315E-001
        17     7.7395687660E-001
        18     6.7330635411E-001
        19     1.1829783372E+000
        20     0.0000000000E+000
        21     5.2586943423E-001
        22     1.0306133037E+000
        23     1.3645038405E+000
        24     1.8896936843E-001
        25     5.3695623782E-001
        26     1.3420426909E+000
        27     1.2917915002E+000
        28     6.1260816699E-001
        29     3.1070895480E+000
        30     7.3147173922E-001
        31     1.0921453303E+000
        32     5.8910634913E-001
        33     5.9293969369E-001
        34     1.0056616835E+000
        35     1.0505754212E+000
        36     6.7568641888E-001
        37     1.0392476968E+000
        38     1.0815775547E+000
        39     1.5127123794E+000
        40     7.5667009603E-001
        41     0.0000000000E+000
        42     9.6338249511E-001
        43     0.0000000000E+000
        44     0.0000000000E+000
        45     4.4681164886E+000
        46     1.5388953273E+000
        47     1.0005358510E+000
        48     1.0286849696E+000
        49     1.0134367600E+000
        50     1.2310811504E+000
        51     4.7988103229E-001
        52     3.7030923333E-001
        53     5.9108725903E-001
        54     1.2485740434E+000
        55     1.5591491480E+000
        56     1.1000263388E+000
        57     1.0768357647E+000
        58     1.2051717235E+000
        59     3.4945897947E-001
        60     0.0000000000E+000
        61     1.0358170639E+000
        62     8.4016401823E-001
        63     4.2042418485E-001
        64     9.2859597039E-001
        65     9.0460164804E-001
        66     8.0801154341E-001
        67     7.3713515643E-001
        68     1.1629742901E+000
        69     1.2696569662E+000
        70     1.6936699294E+000
        71     7.4205953484E-001
        72     3.7383731263E-001
        73     7.8381214412E-001
        74     6.5946892088E-001
        75     4.0915959517E-001
        76     3.4011406149E-001
        77     3.3676400492E-001
        78     0.0000000000E+000
        79     5.5117880214E-001
        80     7.4735815078E-001
        81     1.2408888726E+000
        82     8.2370191002E-001
        83     9.0852242315E-001
        84     9.8909691079E-001
        85     8.9784473879E-001
        86     1.1609426011E+000
        87     1.1523119466E+000
        88     2.5054956251E-001
        89     7.2976468455E-001
        90     7.9458367886E-001
        91     6.3651658218E-001
        92     6.4070300858E-001
        93     5.6796149016E-001
        94     1.0554080639E+000
        95     7.6167130722E-001
        96     1.0516745659E+000
        97     9.0111012939E-001
        98     9.7513109236E-001
        99     1.2436541954E+000
       100     6.9218744402E-001
       101     7.0662138516E-001
       102     6.5085623689E-001
       103     5.9140571235E-001
       104     1.3398114128E+000
       105     0.0000000000E+000
       106     5.0363254788E-001
       107     7.2472775488E-001
       108     6.8125149360E-001
       109     4.0003741205E-001
       110     2.3122443660E+000
       111     8.1048284301E-001
       112     8.3338012286E-001
       113     1.0881752097E+000
       114     1.1339066272E+000
       115     8.6680334492E-001
       116     8.8973974783E-001
       117     7.2943963939E-001
       118     5.6939353224E-001
       119     6.7174891842E-001
       120     0.0000000000E+000
       121     7.3990710692E-001
       122     5.1840746251E-001
       123     1.1831306320E+000
       124     0.0000000000E+000
       125     4.3443135944E-001
       126     3.9060086376E-001
       127     5.6252341872E-001
       128     1.0316336819E+000
       129     6.7119155611E-001
       130     1.0605422851E+000
       131     7.3168291582E-001
       132     1.1870130775E+000
       133     1.0558751863E+000
       134     1.1839580100E+000
       135     8.6178615630E-001
       136     6.4030945938E-001
       137     7.4232797122E-001
       138     7.1312728703E-001
       139     6.4112835911E-001
       140     5.8263859404E-001
       141     3.7404631744E-001
       142     4.5883027013E-001
       143     4.1552783084E-001
       144     0.0000000000E+000
       145     4.7520230525E-001
       146     1.1133492729E+000
       147     7.7214055158E-001
       148     1.2352376875E+000
       149     1.0627474986E+000
       150     1.1049493934E+000
       151     1.1298508613E+000
       152     1.2817503895E+000
       153     6.5954740050E-001
       154     7.7428715544E-001
       155     9.9525360785E-001
       156     4.5774504992E-001
       157     6.6781732322E-001
       158     6.1232960862E-001
       159     6.4585346896E-001
       160     3.1487992144E-001
       161     4.5983435390E-001
       162     3.9563518135E-001
       163     7.8977294015E-001
       164     1.2840281698E+000
       165     1.1353313689E+000
       166     8.8608146491E-001
       167     1.0757036776E+000
       168     1.2909939491E+000
       169     5.2000225208E-001
       170     1.2817288860E+000
       171     9.8912441908E-001
       172     0.0000000000E+000
       173     5.7802176875E-001
       174     8.1190532590E-001
       175     5.7470664109E-001
       176     1.1268661980E+000
       177     7.7319612835E-001
       178     7.4599565649E-001
       179     1.2668364183E+000
       180     1.0469122243E+000
       181     1.2165234114E+000
       182     1.1234349380E+000
       183     0.0000000000E+000
       184     1.0463713786E+001
       185     1.0828904185E+000
       186     1.3377958362E+000
       187     8.0180839102E-001
       188     1.3784792174E+000
       189     1.4793947651E+000
       190     7.4482224301E-001
       191     1.3065697967E+000
       192     9.5435035096E-001
       193     1.0456707818E+000
       194     0.0000000000E+000
       195     9.6438285708E-001
       196     5.6767595215E-001
       197     3.2937295407E-001
       198     0.0000000000E+000
       199     6.1411821208E-001
       200     8.4180123277E-001
       201     1.0188917979E+000
       202     8.2000956302E-001
       203     6.9658583320E-001
       204     7.4660793672E-001
       205     9.3156565735E-001
       206     1.2065151158E+000
       207     1.1599607574E+000
       208     7.9445527474E-001
       209     4.3535126617E+000
       210     1.4009780087E+000
       211     9.3751293604E-001
       212     8.1878524787E-001
       213     7.0007680304E-001
       214     7.7764133935E-001
       215     8.1934247952E-001
       216     8.2226112782E-001
       217     1.3562942156E+000
       218     1.2065415123E+000
       219     5.9054098157E-001
       220     8.0903864708E-001
       221     6.5859297532E-001
       222     1.0720634217E+000
       223     7.7650488405E-001
       224     6.8232942600E-001
       225     7.0108528363E-001
       226     1.0150786702E+000
       227     1.0968326930E+000
       228     8.4740865389E-001
       229     7.3719136432E-001
       230     8.7164603709E-001
       231     2.5414286106E+000
       232     9.7843717892E-001
       233     3.1130362284E+000
       234     7.9192246090E-001
       235     9.3863877235E-001
       236     7.3936807788E-001
       237     6.6958870074E-001
       238     4.6768109679E-001
       239     2.6869360542E-002
       240     1.2224809530E+000
       241     7.3017308902E-001
       242     7.4859763081E-001
       243     7.4257584836E-001
       244     1.4221795594E+000
       245     9.5556227796E-001
       246     1.0759372065E+000
       247     9.0695809124E-001
       248     7.0783370056E-001
       249     9.5240755904E-001
       250     7.3390548924E-001
       251     6.8391327713E-001
       252     7.5299827672E-001
       253     1.0595761181E+000
       254     2.9752751685E+000
       255     2.6581211830E+000
       256     1.4969039280E+000
       257     1.5044592327E+000
       258     1.1045136004E+000
       259     7.8140250331E-001
       260     1.1348973180E+000
       261     7.1027637497E-001
       262     7.4161181852E-001
       263     6.9345433573E-001
       264     4.4475330488E+000
       265     8.7399688551E-001
       266     1.0338070209E+000
       267     7.0947929829E-001
       268     7.3201231473E-001
       269     1.3514702656E+000
       270     1.3389742055E+000
       271     1.0145045291E+000
       272     7.9250396524E-001
       273     6.4639178799E-001
       274     6.4518305780E-001
       275     6.9616958184E-001
       276     6.8530285835E-001
       277     1.0672969300E+000
       278     1.1800256960E+000
       279     1.6087758832E+000
       280     1.4562289357E+000
       281     1.0209841197E+000
       282     9.5439050016E-001
       283     1.1704362586E+000
       284     6.6481539928E-001
       285     7.7297011587E-001
       286     7.4823818927E-001
       287     1.1131599557E+000
       288     1.0501156889E+000
       289     1.1748687468E+000
       290     6.7967786069E-001
       291     9.1563149259E-001
       292     1.2708333302E+000
       293     9.9355573314E-001
       294     9.1599916093E-001
       295     5.0474111192E-001
       296     0.0000000000E+000
       297     7.9351029713E-001
       298     7.2576527315E-001
       299     7.6750688035E-001
       300     1.2535496356E+000
       301     1.3744040755E+000
       302     1.4028131726E+000
       303     8.9160150856E-001
       304     8.0771910732E-001
       305     1.2197114900E+000
       306     9.0067817871E-001
       307     8.4132838696E-001
       308     1.0506347462E+000
       309     1.4749387500E+000
       310     1.1782266845E+000
       311     1.2939623149E+000
       312     9.9921812038E-001
       313     8.3897335880E-001
       314     8.5370229311E-001
       315     4.2400016170E-001
       316     8.2284951416E-001
       317     5.8766154213E-001
       318     8.5108262094E-001
       319     9.2003458981E-001
       320     9.0837351572E-001
       321     2.6201615861E+000
       322     1.3347363748E+000
       323     1.1520284384E+000
       324     1.0821072104E+000
       325     1.5587410754E+000
       326     1.0640290865E+000
       327     1.2478205494E+000
       328     1.2496064811E+000
       329     1.7302551834E+000
       330     1.0258325568E+000
       331     1.0708747124E+000
       332     1.0840034417E+000
       333     1.0693102479E+000
       334     1.2843450761E+000
       335     1.1615925287E+000
       336     7.7078505057E-001
       337     8.6684484511E-001
       338     9.8707173608E-001
       339     1.2821782710E+000
       340     1.2508087211E+000
       341     1.5305182419E+000
       342     1.0005005676E+000
       343     1.1768262472E+000
       344     1.2920506008E+000
       345     1.3378455107E+000
       346     1.8163951670E+000
       347     6.5172304338E+000
       348     1.2139333855E+000
       349     1.1624466980E+000
       350     1.1652647912E+000
       351     1.1928939360E+000
       352     7.6961494840E-001
       353     1.0120429974E+000
       354     9.2012023135E-001
       355     0.0000000000E+000
       356     8.6194252040E-001
       357     1.1195475507E+000
       358     1.2685640839E+000
       359     9.6795573161E-001
       360     1.0353598975E+000
       361     1.2470825371E+000
       362     1.4259295678E+000
       363     1.1735067372E+000
       364     1.3548866080E+000
       365     1.4706684183E+000
       366     1.2282036374E+000
       367     1.2340319040E+000
       368     1.2792897555E+000
       369     1.2437279569E+000
       370     2.3159223385E+000
       371     1.8171056931E+000
       372     8.4114922216E+000
       373     3.9834309782E+000
       374     4.0728516777E+000
       375     3.3520201731E+000
       376     4.9487032898E+000
       377     9.5959453130E-001
       378     9.5884757590E-001
       379     9.8906729893E-001
       380     9.0131282000E-001
       381     4.7699118457E+000
       382     1.4120763821E+000
       383     1.0649308500E+000
       384     0.0000000000E+000
       385     1.2095822362E+000
       386     7.3386114978E-001
       387     5.3500579620E+000
       388     1.1300559913E+000
       389     1.2163974090E+000
       390     1.2636178573E+000
       391     1.5591267318E+000
       392     1.5058462327E+000
       393     1.6323681994E+000
       394     1.1998113335E+000
       395     1.1406830947E+000
       396     1.2094998717E+000
       397     1.1422663801E+000
       398     1.0578154772E+000
       399     1.1934815522E+000
       400     8.2926073942E-001
       401     1.4193034493E+000
       402     9.4561049592E-001
       403     1.0154730465E+000
       404     1.4554253579E+000
       405     1.2533207685E+000
       406     1.1674957677E+000
       407     1.0927051831E+000
       408     1.0529779274E+000
       409     1.1405830576E+000
       410     1.0354311658E+000
       411     0.0000000000E+000
       412     1.9697671307E+000
       413     1.7289113921E+000
       414     1.0575022132E+000
       415     1.3181095661E+000
       416     1.4720913806E+000
       417     1.3358875693E+000
       418     1.5466094929E+000
       419     1.1277874184E+000
       420     1.1605794062E+000
       421     1.1526649409E+000
       422     1.1673373937E+000
       423     9.2830126623E-001
       424     1.1041556296E+000
       425     9.2034695435E-001
       426     1.0225237456E+000
       427     1.1626227574E+000
       428     1.1352789294E+000
       429     1.3882642963E+000
       430     1.4595646750E+000
       431     1.1052641369E+000
       432     2.9619333930E+000
       433     7.6799706677E-001
       434     1.0319213540E+000
       435     1.4220380733E+000
       436     1.1622542088E+000
       437     1.0272515832E+000
       438     1.0194264825E+000
       439     1.1753525642E+000
       440     9.3586209480E-001
       441     1.3858330639E+000
       442     1.3881002378E+000
       443     1.1784568004E+000
       444     1.1175398169E+000
       445     1.1053720051E+000
       446     1.0918789163E+000
       447     9.4643881455E-001
       448     1.0686246291E+000
       449     1.0803567228E+000
       450     1.0965030060E+000
       451     1.1886170517E+000
       452     1.1870613313E+000
       453     1.1305971155E+000
       454     1.0922193077E+000
       455     1.1831815560E+000
       456     1.0919818925E+000
       457     8.6786460611E-001
       458     3.4986566674E+000
       459     1.2581770443E+000
       460     5.0655958883E+000
       461     1.8608531405E+000
       462     9.3394435328E-001
       463     1.0128516123E+000
       464     1.0467938664E+000
       465     1.2986853575E+000
       466     1.1605013916E+000
       467     1.0973409359E+000
       468     1.0958598966E+000
       469     1.1115991550E+000
       470     1.0203244997E+000
       471     1.0403458238E+000
       472     1.1299916084E+000
       473     1.1416767905E+000
       474     1.0032236365E+000
       475     1.3169917129E+000
       476     1.0904670097E+000
       477     1.1695427091E+000
       478     1.0607819991E+000
       479     9.2355893516E-001
       480     1.1794513469E+000
       481     7.1422404721E+000
       482     9.0440407374E-001
       483     9.2068045671E-001
       484     1.2241270576E+000
       485     1.0797769459E+000
       486     1.0529360042E+000
       487     1.1149704660E+000
       488     9.9225276047E-001
       489     9.9212862759E-001
       490     1.0818385870E+000
       491     9.9951082159E-001
       492     1.0157237003E+000
       493     1.0296407306E+000
       494     1.0601633169E+000
       495     1.0441217418E+000
       496     1.0977052689E+000
       497     1.0080398955E+000
       498     1.0518786862E+000
       499     9.5204262798E-001
       500     0.0000000000E+000
       501     3.0553203554E+000
       502     8.4112475963E-001
       503     9.5120487276E-001
       504     1.0157034986E+000
       505     1.0074754009E+000
       506     1.0609352633E+000
       507     1.0308476676E+000
       508     1.0893317343E+000
       509     1.0098986748E+000
       510     1.0103473810E+000
       511     1.1105627861E+000
       512     1.0257374696E+000
       513     1.0438919841E+000
       514     9.7376748190E-001
       515     9.5360237545E-001
       516     1.0281313680E+000
       517     1.0363645428E+000
       518     1.0673489333E+000
       519     1.0567166303E+000
       520     1.0556479387E+000
       521     9.3166009022E-001
       522     9.6864091595E-001
       523     3.3991104945E+000
       524     8.5489162249E-001
       525     8.8913057317E-001
       526     9.0036747149E-001
       527     9.9558030517E-001
       528     1.0151130415E+000
       529     1.0192590767E+000
       530     1.2439243768E+000
       531     1.1224041932E+000
       532     1.0342998656E+000
       533     1.0213375840E+000
       534     1.0516341313E+000
       535     1.0131375056E+000
       536     1.0055516310E+000
       537     1.0372517859E+000
       538     1.0779148581E+000
       539     1.1669611651E+000
       540     1.1054183342E+000
       541     1.0832572006E+000
       542     1.0526878786E+000
       543     1.0158837761E+000
       544     1.0574711411E+000
       545     7.9345196800E-001
       546     1.4061800549E+000
       547     8.6095970229E-001
       548     1.1800966060E+000
       549     9.7109995016E-001
       550     8.1588291905E-001
       551     7.5245650308E-001
       552     9.8312756436E-001
       553     9.4445034095E-001
       554     9.9226925906E-001
       555     1.0223900746E+000
       556     1.0187716276E+000
       557     8.8834989162E-001
       558     9.6839117135E-001
       559     9.4357784369E-001
       560     9.6492737411E-001
       561     1.0035476426E+000
       562     1.0844368772E+000
       563     1.0597339447E+000
       564     9.9662604250E-001
       565     9.5900129793E-001
       566     7.6866983308E-001
       567     6.2179245432E-001
       568     8.5249252263E-001
       569     8.6947779512E-001
       570     9.0501211663E-001
       571     7.4744042188E-001
       572     1.4138739529E+000
       573     8.3925751270E-001
       574     6.8412881950E-001
       575     8.6459249495E-001
       576     6.5885158760E-001
       577     8.8039185637E-001
       578     8.4489192731E-001
       579     8.0180206871E-001
       580     9.0857978627E-001
       581     8.5985693813E-001
       582     8.9792072362E-001
       583     8.5248075568E-001
       584     8.9507100803E-001
       585     8.6599010490E-001
       586     8.6527742576E-001
       587     8.8044398518E-001
       588     8.8135823356E-001
       589     6.0195078686E-001
       590     2.1753076962E+000
       591     9.5317426734E-001
       592     1.0809453123E+000
       593     9.9548919595E-001
       594     8.9466825135E-001
       595     6.2598920037E-001
       596     7.7931353229E-001
       597     8.9191055609E-001
       598     7.8337352775E-001
       599     7.8946119067E-001
       600     6.9967505682E-001
       601     7.4118096916E-001
       602     6.2413575694E-001
       603     8.0987314194E-001
       604     7.4698740825E-001
       605     8.2178083171E-001
       606     7.8532890803E-001
       607     7.4406868943E-001
       608     7.8579118420E-001
       609     6.7218405218E-001
       610     7.7905234789E-001
       611     7.5150026704E-001
       612     1.2506330229E+000
       613     7.2326974548E-001
       614     2.4860865647E+000
       615     8.6894779223E-001
       616     2.0602437286E+000
       617     8.6476791108E-001
       618     8.2895426367E-001
       619     1.1275786178E+000
       620     1.1255990399E+000
       621     1.6021069059E+000
       622     8.6683977648E-001
       623     6.5889897841E-001
       624     9.1729545068E-001
       625     8.1029194332E-001
       626     6.8764838738E-001
       627     7.2000032113E-001
       628     6.4186508793E-001
       629     7.0542947235E-001
       630     7.2604663534E-001
       631     7.0517489508E-001
       632     6.9180097069E-001
       633     7.0614090852E-001
       634     8.1707384431E-001
       635     6.9849730645E-001
       636     6.0874250486E-001
       637     8.0174549132E-001
       638     1.0407487887E+000
       639     8.2947695088E-001
       640     8.9438416805E-001
       641     8.4051492501E-001
       642     1.0591102462E+000
       643     9.8777482335E-001
       644     9.3299899536E-001
       645     8.4102983146E-001
       646     1.0143394650E+000
       647     5.8353316430E-001
       648     8.5089220513E-001
       649     8.6553446194E-001
       650     6.7612700166E-001
       651     6.5168082547E-001
       652     6.2911518826E-001
       653     6.4658478498E-001
       654     6.3571312586E-001
       655     6.5057478791E-001
       656     6.2248012311E-001
       657     6.0881592709E-001
       658     5.7208894582E-001
       659     5.6353254665E-001
       660     8.9319321744E-001
       661     9.1009566632E-001
       662     7.6318177728E-001
       663     9.0826887030E-001
       664     8.9970991614E-001
       665     1.5050996480E+000
       666     1.2052037735E+000
       667     9.3148429433E-001
       668     4.9572572206E+000
       669     9.0492707443E-001
       670     9.4226203902E-001
       671     8.2466685840E-001
       672     8.4488273305E-001
       673     6.0750093227E-001
       674     7.9476081618E-001
       675     7.8874031546E-001
       676     6.0026391528E-001
       677     6.0497971652E-001
       678     6.2833384989E-001
       679     5.5517399718E-001
       680     5.7624865892E-001
       681     5.8959362499E-001
       682     5.2560024428E-001
       683     6.5708341856E-001
       684     0.0000000000E+000
       685     6.5208491804E-001
       686     7.5006499024E-001
       687     9.6716495415E-001
       688     3.0962479771E+000
       689     1.6747724314E+000
       690     7.7603202562E-001
       691     1.3789713599E+000
       692     1.8494191351E+000
       693     1.3314225039E+000
       694     1.7158160356E+000
       695     1.1596045671E+000
       696     1.0436684586E+000
       697     7.5291339447E-001
       698     8.0356081673E-001
       699     7.4992356898E-001
       700     6.9715404742E-001
       701     7.4895994659E-001
       702     5.7335956457E-001
       703     6.6834288843E-001
       704     5.7292918210E-001
       705     5.9126025223E-001
       706     5.3418714518E-001
       707     5.5825917135E-001
       708     4.0617044779E-001
       709     6.3079488649E-001
       710     5.7298220610E-001
       711     0.0000000000E+000
       712     8.5605230328E-001
       713     1.5240737631E+000
       714     1.0013853622E+000
       715     1.1291611269E+000
       716     2.7065202564E+000
       717     1.2231894863E+000
       718     1.6130090834E+000
       719     3.1313566251E+000
       720     4.7072011699E+000
       721     2.0557148177E+000
       722     3.1218601073E+000
       723     3.0005708705E+000
       724     1.2090656143E+000
       725     1.0789496415E+000
       726     6.9412119430E-001
       727     6.5933307364E-001
       728     6.8110669267E-001
       729     7.5500791449E-001
       730     6.7653843439E-001
       731     6.6422028713E-001
       732     8.3695212009E-001
       733     6.8374496601E-001
       734     6.7268952877E-001
       735     7.4620143276E-001
       736     8.6595481448E-001
       737     7.4646909617E-001
       738     1.2870434062E+000
       739     1.1111404360E+000
       740     1.2280984187E+000
       741     4.6790999201E-001
       742     9.9421407051E-001
       743     1.0885731269E+000
       744     1.3201941763E+000
       745     9.7106919436E-001
       746     1.1949840323E+000
       747     4.9387931972E+000
       748     9.2847731876E-001
       749     7.2800398038E-001
       750     6.1506844434E-001
       751     6.7240872529E-001
       752     8.7029125341E-001
       753     9.2067446966E-001
       754     9.9111221559E-001
       755     7.8259270111E-001
       756     1.6914157811E+000
       757     1.1573049793E+000
       758     1.7788844448E+000
       759     9.6627832144E-001
       760     2.4910789720E+000
       761     5.9926962892E+000
       762     1.0598689011E+000
       763     2.7807759229E+000
       764     7.5078370808E-001
       765     6.7224470497E-001
       766     6.0691398713E-001
       767     6.2787376071E-001
       768     8.1019837886E-001
       769     8.8489038481E-001
       770     7.1620087220E-001
       771     1.2918249576E+000
       772     1.2691950522E+000
       773     9.6190163178E-001
       774     8.6024971399E-001
       775     1.6628448411E+000
       776     8.6227125993E-001
       777     1.1290356488E+000
       778     1.0621419824E+000
       779     1.0907585450E+000
       780     7.5397557659E-001
       781     6.7046783354E-001
       782     6.1880192199E-001
       783     6.0861700227E-001
       784     7.3823589903E-001
       785     7.9142995813E-001
       786     6.6143462358E-001
       787     3.2465692402E+000
       788     1.5147618040E+000
       789     5.5206915576E+000
       790     1.0192941967E+000
       791     2.6776204809E+000
       792     8.6764292318E-001
       793     1.2851822869E+000
       794     9.1841691142E-001
       795     7.5738834133E-001
       796     6.3746794159E-001
       797     6.0546806745E-001
       798     9.5366046381E-001
       799     5.4234225228E-001
       800     0.0000000000E+000
       801     7.3498457280E-001
       802     2.5929420936E+000
       803     1.1969436969E+000
       804     1.0121342706E+000
       805     8.3580166745E-001
       806     1.1342518584E+000
       807     6.8219884696E-001
       808     9.5870569008E-001
       809     7.3996019360E-001
       810     7.4477919995E-001
       811     4.5834723235E-001
       812     8.8936398911E-001
       813     3.5390335031E+000
       814     1.1139991034E+000
       815     8.4712728744E-001
       816     0.0000000000E+000
       817     8.0983501192E-001
       818     9.5684276134E-001
       819     1.2514767583E+000
       820     9.4670184007E-001
       821     8.6345806825E-001
       822     9.5333729560E-001
       823     1.0411205593E+000
       824     9.2807263234E-001
       825     9.7275046168E-001
       826     8.5146110863E-001
       827     8.5069357524E-001
       828     1.1239367521E+000
       829     1.0250882666E+000
       830     7.6133695136E-001
       831     9.2829264178E-001
       832     5.9890648945E-001
       833     0.0000000000E+000
       834     5.3881248487E-001
       835     7.0598809464E-001
       836     1.0394063751E+000
       837     8.9720085616E-001
       838     1.0576519331E+000
       839     8.8889040065E-001
       840     5.4625486743E-001
       841     7.1718149301E-001
       842     3.7541290500E-001
       843     8.0450409622E-001
       844     1.1381418604E+000
       845     1.1308770232E+000
       846     7.2407077726E-001
       847     1.0662301672E+000
       848     1.0268270156E+000
       849     1.3397111759E+000
       850     1.0818205278E+000
       851     5.6183277050E-001
       852     1.2335112393E+000
       853     1.1539187073E+000
       854     1.4548644275E+000
       855     1.2682116595E+000
       856     9.9593889740E-001
       857     4.7690272491E+000
       858     0.0000000000E+000
       859     1.0095857610E+000
       860     6.1076253065E-001
       861     1.4356240782E+000
       862     1.5968047791E+000
       863     1.3628714026E+000
       864     1.2964888433E+000
       865     1.1979158731E+000
       866     7.5989542700E-001
       867     5.7206220161E-001
       868     8.1383608790E-001
       869     7.5183935307E-001
       870     9.5592266747E-001
       871     1.5367909380E+000
       872     0.0000000000E+000
       873     3.1758526530E-001
       874     1.7560135557E+000
       875     1.6325779966E+000
       876     1.4683422771E+000
       877     1.1661502766E+000
       878     1.1846638930E+000
       879     2.9221124989E+000
       880     1.7731530529E+000
       881     2.8953978154E-001
       882     0.0000000000E+000
       883     2.5555798486E-001
       884     3.6516173208E-001
       885     2.1426394878E+000
       886     1.5937774453E+000
       887     3.7019554710E+000
       888     1.4567900896E+000
       889     7.6220469772E-001
       890     2.4294339207E-001
       891     1.5498635531E+000
       892     1.0003199925E+000
       893     3.0952796701E-001
       894     5.0310426575E-001
       895     1.4880961049E+000
       896     1.8049869193E+000
       897     1.0329496275E+000
       898     9.8016118489E-001
       899     8.1948985730E-001
       900     5.2589177245E+000
       901     5.2289560748E-001
       902     0.0000000000E+000
       903     3.7186714762E-001
       904     3.8834708536E-001
       905     4.5447798862E-001
       906     5.3479680164E-001
       907     3.7049485495E-001
       908     6.5963915398E-001
       909     8.0110685086E-001
       910     1.1732233534E+000
       911     5.5297620404E-001
       912     7.8492534471E-001
       913     1.5775380769E+000
       914     3.5312692450E-001
       915     1.8488510227E-001
       916     4.7394636376E-001
       917     6.1407497109E-001
       918     1.2885884889E+000
       919     5.7884610874E-001
       920     5.2093644329E-001
       921     3.6799711376E-001
       922     7.6615064130E-001
       923     6.4574822281E-001
       924     4.8542477735E-001
       925     1.7043578054E+000
       926     5.6112243652E-001
       927     7.0525748155E-001
       928     6.6296756869E-001
       929     4.8828654723E-001
       930     7.6866236291E-001
       931     6.1288858431E-001
       932     7.5272790676E-001
       933     8.8242956516E-001
       934     5.0852141020E-001
       935     7.0162006073E-001
       936     4.8695664926E-001
       937     5.6184005679E-001
       938     5.1254504938E-001
       939     1.0322993970E+000
       940     1.3501198673E+000
       941     6.0462227957E-001
       942     5.4752795598E-001
       943     5.0273680948E-001
       944     9.5223197390E-001
       945     1.0576010116E+000
       946     1.1326470893E+000
       947     9.9709387347E-001
       948     6.2665237548E-001
       949     6.6510776262E-001
       950     6.2060578308E-001
       951     5.9000182522E-001
       952     3.8650353286E-001
       953     5.3230434671E-001
       954     9.1662400475E-001
       955     1.0650945214E+000
       956     7.7286583742E-001
       957     5.0955800976E-001
       958     9.6369342539E-001
       959     1.0481879585E+000
       960     7.3003650727E-001
       961     7.4716687627E-001
       962     6.1295979412E-001
       963     5.5013252414E-001
       964     1.0029672128E+000
       965     6.8367062640E-001
       966     6.1350673186E-001
       967     1.1887570712E+000
       968     9.1006321023E-001
       969     7.7448213591E-001
       970     6.6134527503E-001
       971     1.0590581592E+000
       972     6.9387447930E-001
       973     0.0000000000E+000
       974     1.2363443433E+000
       975     8.5359871668E-001
       976     8.0241422899E-001
       977     6.5529124741E-001
       978     5.5115818362E-001
       979     1.1653991218E+000
       980     7.4548122837E-001
       981     6.1670400671E-001
       982     1.1689420849E+000
       983     0.0000000000E+000
       984     8.9573376755E-001
       985     8.1720053565E-001
       986     6.2153685516E-001
       987     5.0120787765E-001
       988     1.1590789833E+000
       989     8.1855761490E-001
       990     6.2444474867E-001
       991     1.2335555472E+000
       992     3.2321856485E-001
       993     7.1649580308E-001
       994     9.3892751528E-001
       995     7.5320256573E-001
       996     8.6161582641E-001
       997     1.1363318274E+000
       998     1.1122655178E+000
       999     5.1849582623E-001
      1000     6.2627329018E-001
      1001     9.4041999159E-001
      1002     8.0515231746E-001
      1003     8.0654666074E-001
      1004     5.9237883837E-001
      1005     7.7261633289E-001
      1006     1.0628653162E+000
      1007     6.2299994278E-001
      1008     8.4252855540E-001
      1009     8.0168052772E-001
      1010     5.2140585639E-001
      1011     7.0705482220E-001
      1012     5.5210981507E-001
      1013     7.6346309603E-001
      1014     1.0761176629E+000
      1015     6.4564128566E-001
      1016     1.0747748465E+000
      1017     4.5622820543E-001
      1018     5.8861481434E-001
      1019     5.4990461380E-001
      1020     6.2031525527E-001
      1021     9.1767568057E-001
      1022     9.9385729463E-001
      1023     5.0877027373E-001
      1024     5.6370290333E-001
      1025     3.8039108924E-001
      1026     6.2552413717E-001
      1027     9.3408624996E-001
      1028     8.1643918012E-001
      1029     7.5378568502E-001
      1030     5.6591607551E-001
      1031     9.5955586416E-001
      1032     1.0161867296E+000
      1033     1.2056993405E+000
      1034     9.6892023746E-001
      1035     1.7367147537E+000
      1036     1.2771769741E+000
      1037     2.0238379250E+000
      1038     9.3986075353E-001
      1039     1.1909394721E+000
      1040     1.2772029088E+000
      1041     4.8499848827E-001
      1042     9.8189204169E-001
      1043     6.6540771588E-001
      1044     7.7665747553E-001
      1045     8.6461243653E-001
      1046     3.2082528686E-001
      1047     0.0000000000E+000
      1048     3.9326291705E-001
      1049     4.4935858841E-001
      1050     6.5927284088E-001
      1051     2.5849671868E-001
      1052     2.8938157920E-001
      1053     2.0454929315E-001
      1054     4.1949410540E-001
      1055     0.0000000000E+000
      1056     9.1286101104E-001
      1057     6.8712183265E-001
      1058     5.6440741184E-001
      1059     7.0929859451E-001
      1060     4.2797852435E-001
      1061     7.6961956322E-001
      1062     4.2724385743E-001
      1063     7.1019326697E-001
      1064     4.6648102508E-001
      1065     5.3250881458E-001
      1066     2.6813292424E-001
      1067     4.5043605805E-001
      1068     1.2239651557E-001
      1069     0.0000000000E+000
     2.5920000000E+005          51840
         1    -9.9999000000E+004
         2     1.6917500000E+005
         3     1.9592500000E+005
         4     1.6934500000E+005
         5     1.6928000000E+005
         6     1.7882000000E+005
         7     1.6918500000E+005
         8     1.7845500000E+005
         9     1.7890000000E+005
        10     1.9617000000E+005
        11     1.7902500000E+005
        12     1.6790000000E+005
        13     1.6761000000E+005
        14     1.8573500000E+005
        15     1.7880500000E+005
        16     1.9453500000E+005
        17     1.6719000000E+005
        18     1.9269000000E+005
        19     1.6698500000E+005
        20    -9.9999000000E+004
        21     2.1513500000E+005
        22     1.6776500000E+005
        23     1.6771500000E+005
        24     2.2337500000E+005
        25     2.1810500000E+005
        26     1.6818500000E+005
        27     1.8554500000E+005
        28     2.1600500000E+005
        29     2.2269000000E+005
        30     1.8480000000E+005
        31     1.6787500000E+005
        32     1.9440000000E+005
        33     1.9205500000E+005
        34     1.8550500000E+005
        35     1.6652500000E+005
        36     1.9440000000E+005
        37     1.9085000000E+005
        38     1.6554500000E+005
        39     1.9659000000E+005
        40     2.0033500000E+005
        41    -9.9999000000E+004
        42     1.9440000000E+005
        43    -9.9999000000E+004
        44    -9.9999000000E+004
        45     2.1823000000E+005
        46     2.0306000000E+005
        47     1.9440000000E+005
        48     1.9440000000E+005
        49     1.7096500000E+005
        50     1.7352000000E+005
        51     2.0837000000E+005
        52     1.9846000000E+005
        53     1.6850000000E+005
        54     1.6504500000E+005
        55     2.1359500000E+005
        56     1.6617500000E+005
        57     1.8787500000E+005
        58     2.0087000000E+005
        59     1.7508000000E+005
        60    -9.9999000000E+004
        61     1.8113500000E+005
        62     1.7829500000E+005
        63     1.7774500000E+005
        64     1.9937500000E+005
        65     1.6449000000E+005
        66     2.1754500000E+005
        67     1.8123500000E+005
        68     1.6638000000E+005
        69     1.9440000000E+005
        70     2.2645000000E+005
        71     1.9859500000E+005
        72     1.7942000000E+005
        73     1.7715500000E+005
        74     1.7989000000E+005
        75     1.7917000000E+005
        76     1.7414500000E+005
        77     2.1113000000E+005
        78    -9.9999000000E+004
        79     1.9972500000E+005
        80     2.0959500000E+005
        81     1.6458500000E+005
        82     2.0908000000E+005
        83     1.6693000000E+005
        84     1.8581000000E+005
        85     1.8496500000E+005
        86     2.1438000000E+005
        87     1.7230000000E+005
        88     1.8349000000E+005
        89     1.9717000000E+005
        90     1.7715500000E+005
        91     1.6836000000E+005
        92     1.7844500000E+005
        93     1.7642500000E+005
        94     1.6450000000E+005
        95     1.6582500000E+005
        96     1.6565000000E+005
        97     1.8550000000E+005
        98     1.7353000000E+005
        99     1.7256000000E+005
       100     1.9967500000E+005
       101     1.9821000000E+005
       102     1.9187000000E+005
       103     1.9947000000E+005
       104     2.0785500000E+005
       105    -9.9999000000E+004
       106     2.4999000000E+005
       107     1.8034500000E+005
       108     1.7883000000E+005
       109     2.1650500000E+005
       110     2.1128500000E+005
       111     1.8069000000E+005
       112     1.6565500000E+005
       113     1.8711000000E+005
       114     1.7320000000E+005
       115     1.7280000000E+005
       116     1.7217000000E+005
       117     1.8195000000E+005
       118     1.7376500000E+005
       119     1.8335500000E+005
       120    -9.9999000000E+004
       121     1.7610500000E+005
       122     1.9698000000E+005
       123     1.6686000000E+005
       124    -9.9999000000E+004
       125     2.4922000000E+005
       126     2.1600500000E+005
       127     1.6994000000E+005
       128     1.7932500000E+005
       129     1.6408500000E+005
       130     1.7976500000E+005
       131     1.8067500000E+005
       132     1.8720500000E+005
       133     1.7252500000E+005
       134     1.7141500000E+005
       135     1.7285500000E+005
       136     1.8290500000E+005
       137     1.7381000000E+005
       138     2.1507500000E+005
       139     1.6612500000E+005
       140     1.6678000000E+005
       141     1.9899500000E+005
       142     1.7015500000E+005
       143     2.1000000000E+005
       144    -9.9999000000E+004
       145     1.7038500000E+005
       146     1.6542500000E+005
       147     1.8032000000E+005
       148     1.7861000000E+005
       149     1.7931000000E+005
       150     1.6709000000E+005
       151     1.8686000000E+005
       152     1.7162500000E+005
       153     1.7260500000E+005
       154     1.7578000000E+005
       155     1.6719500000E+005
       156     1.9282000000E+005
       157     1.8072500000E+005
       158     1.6638000000E+005
       159     1.6700000000E+005
       160     1.7667500000E+005
       161     1.6941500000E+005
       162     2.0013000000E+005
       163     1.6815000000E+005
       164     1.7805500000E+005
       165     1.7836000000E+005
       166     1.6738500000E+005
       167     1.8600500000E+005
       168     1.7152500000E+005
       169     1.9281500000E+005
       170     1.9832500000E+005
       171     1.9831000000E+005
       172    -9.9999000000E+004
       173     1.9449000000E+005
       174     1.7907000000E+005
       175     1.6729000000E+005
       176     1.7345000000E+005
       177     2.0017000000E+005
       178     1.7777500000E+005
       179     1.7771000000E+005
       180     1.7848000000E+005
       181     1.7749500000E+005
       182     1.6454500000E+005
       183    -9.9999000000E+004
       184     1.7011500000E+005
       185     1.6560500000E+005
       186     1.7012000000E+005
       187     1.9706000000E+005
       188     1.9806000000E+005
       189     1.9887500000E+005
       190     1.9499000000E+005
       191     1.7132000000E+005
       192     1.7417000000E+005
       193     1.7188500000E+005
       194    -9.9999000000E+004
       195     1.9914000000E+005
       196     1.7212500000E+005
       197     1.8049000000E+005
       198    -9.9999000000E+004
       199     1.9581000000E+005
       200     1.9680000000E+005
       201     1.6751500000E+005
       202     1.7361000000E+005
       203     1.8324000000E+005
       204     1.7752000000E+005
       205     1.7750000000E+005
       206     1.7761500000E+005
       207     1.7733500000E+005
       208     1.7689500000E+005
       209     2.3046500000E+005
       210     1.6824500000E+005
       211     1.7012000000E+005
       212     1.7693000000E+005
       213     1.7712000000E+005
       214     1.9663000000E+005
       215     1.9762000000E+005
       216     1.6714000000E+005
       217     1.9800000000E+005
       218     1.9767000000E+005
       219     2.0325000000E+005
       220     1.8569500000E+005
       221     1.7228000000E+005
       222     1.9841500000E+005
       223     1.9712500000E+005
       224     1.9733500000E+005
       225     1.9766500000E+005
       226     1.7695500000E+005
       227     1.7746000000E+005
       228     1.7729000000E+005
       229     1.9701500000E+005
       230     2.4338000000E+005
       231     2.2955500000E+005
       232     1.6837500000E+005
       233     1.5881500000E+005
       234     1.7729000000E+005
       235     1.8064500000E+005
       236     1.7727000000E+005
       237     1.7778000000E+005
       238     1.5540000000E+004
       239     1.6948000000E+005
       240     2.0323500000E+005
       241     1.9741000000E+005
       242     1.8320500000E+005
       243     1.9731500000E+005
       244     1.9873000000E+005
       245     1.7208000000E+005
       246     1.9881000000E+005
       247     1.9887000000E+005
       248     1.9796500000E+005
       249     1.7738000000E+005
       250     1.7771000000E+005
       251     1.9724000000E+005
       252     1.6596000000E+005
       253     1.8664000000E+005
       254     1.6145000000E+005
       255     1.6576000000E+005
       256     1.9841500000E+005
       257     1.9920500000E+005
       258     1.6400500000E+005
       259     1.8197000000E+005
       260     1.6173000000E+005
       261     1.7793000000E+005
       262     1.8068500000E+005
       263     1.7800000000E+005
       264     2.0301500000E+005
       265     2.0334000000E+005
       266     1.6591500000E+005
       267     1.9724500000E+005
       268     1.8394500000E+005
       269     1.7407500000E+005
       270     1.7441500000E+005
       271     1.7463500000E+005
       272     1.6828500000E+005
       273     1.7862000000E+005
       274     1.9695000000E+005
       275     1.9745000000E+005
       276     1.9742000000E+005
       277     1.9870500000E+005
       278     1.6176000000E+005
       279     1.9817500000E+005
       280     1.9910500000E+005
       281     1.7952500000E+005
       282     1.7826500000E+005
       283     1.6452000000E+005
       284     1.7781500000E+005
       285     1.7824500000E+005
       286     1.9657000000E+005
       287     1.5900500000E+005
       288     1.5568500000E+005
       289     1.8379000000E+005
       290     1.9755000000E+005
       291     1.7455500000E+005
       292     1.7439500000E+005
       293     1.7465000000E+005
       294     1.7467500000E+005
       295     1.7956500000E+005
       296    -9.9999000000E+004
       297     1.9814000000E+005
       298     1.9704000000E+005
       299     1.9740500000E+005
       300     1.9853500000E+005
       301     1.7306500000E+005
       302     1.9892500000E+005
       303     1.9726000000E+005
       304     1.9730000000E+005
       305     1.6433500000E+005
       306     1.9696000000E+005
       307     1.9671500000E+005
       308     1.9679000000E+005
       309     2.0342500000E+005
       310     2.0531000000E+005
       311     1.5779500000E+005
       312     1.8474500000E+005
       313     1.6788000000E+005
       314     1.6955500000E+005
       315     1.7367500000E+005
       316     1.7067000000E+005
       317     1.7104000000E+005
       318     2.0330000000E+005
       319     1.6712000000E+005
       320     1.9730500000E+005
       321     1.8255000000E+005
       322     1.9904500000E+005
       323     1.7887000000E+005
       324     1.9787000000E+005
       325     1.9857500000E+005
       326     1.9735000000E+005
       327     1.9730000000E+005
       328     1.9837000000E+005
       329     1.8770000000E+005
       330     2.0408000000E+005
       331     2.0516500000E+005
       332     1.6556500000E+005
       333     1.6842500000E+005
       334     1.7487500000E+005
       335     1.7485000000E+005
       336     2.0377000000E+005
       337     1.9840000000E+005
       338     1.9806500000E+005
       339     1.9880500000E+005
       340     1.9914000000E+005
       341     1.9874500000E+005
       342     1.9800500000E+005
       343     1.9813000000E+005
       344     1.9856500000E+005
       345     1.9874000000E+005
       346     1.6044500000E+005
       347     1.6569500000E+005
       348     2.0364000000E+005
       349     2.0484500000E+005
       350     1.9995500000E+005
       351     2.0400000000E+005
       352     1.6842000000E+005
       353     1.6879500000E+005
       354     1.6919500000E+005
       355    -9.9999000000E+004
       356     1.7326500000E+005
       357     2.0033500000E+005
       358     1.7971000000E+005
       359     1.6812000000E+005
       360     1.9912500000E+005
       361     1.9937000000E+005
       362     1.9898500000E+005
       363     1.9893000000E+005
       364     1.9876500000E+005
       365     1.9884500000E+005
       366     2.0352000000E+005
       367     2.0463000000E+005
       368     2.0080000000E+005
       369     1.9994000000E+005
       370     1.9556000000E+005
       371     1.9194500000E+005
       372     1.5969000000E+005
       373     1.4457000000E+005
       374     1.9819500000E+005
       375     1.9644500000E+005
       376     1.5361000000E+005
       377     2.0126000000E+005
       378     1.6872000000E+005
       379     1.7016500000E+005
       380     2.0441000000E+005
       381     2.3220500000E+005
       382     2.0367500000E+005
       383     2.0387500000E+005
       384    -9.9999000000E+004
       385     1.7328500000E+005
       386     2.0008500000E+005
       387     1.5213500000E+005
       388     1.6813500000E+005
       389     2.0023000000E+005
       390     1.9961000000E+005
       391     1.9944000000E+005
       392     1.9939500000E+005
       393     1.9954000000E+005
       394     2.0345500000E+005
       395     2.0454000000E+005
       396     2.0068000000E+005
       397     2.0040000000E+005
       398     1.5961500000E+005
       399     2.0188500000E+005
       400     1.9255000000E+005
       401     1.9833000000E+005
       402     1.9479500000E+005
       403     2.0318500000E+005
       404     1.5608000000E+005
       405     1.6871000000E+005
       406     1.6905000000E+005
       407     2.0150000000E+005
       408     1.5957000000E+005
       409     2.0412500000E+005
       410     2.0261000000E+005
       411    -9.9999000000E+004
       412     1.6475500000E+005
       413     1.9733500000E+005
       414     2.0298500000E+005
       415     2.0451000000E+005
       416     2.0024500000E+005
       417     1.9979000000E+005
       418     2.0000500000E+005
       419     2.0060500000E+005
       420     2.0130500000E+005
       421     2.0077500000E+005
       422     2.0088000000E+005
       423     2.0090500000E+005
       424     2.0180000000E+005
       425     2.0110500000E+005
       426     1.9786000000E+005
       427     2.0206500000E+005
       428     1.9826000000E+005
       429     2.0557500000E+005
       430     1.6890000000E+005
       431     1.4668500000E+005
       432     1.4598500000E+005
       433     2.0586500000E+005
       434     2.0487000000E+005
       435     1.6900000000E+005
       436     1.7703500000E+005
       437     2.0198000000E+005
       438     1.6481000000E+005
       439     1.7289500000E+005
       440     2.0361500000E+005
       441     2.0512000000E+005
       442     2.0069000000E+005
       443     2.0040000000E+005
       444     2.0154000000E+005
       445     2.0122500000E+005
       446     2.0179500000E+005
       447     2.0142000000E+005
       448     2.0175500000E+005
       449     2.0178000000E+005
       450     1.9546500000E+005
       451     1.9038500000E+005
       452     2.0588000000E+005
       453     2.0591500000E+005
       454     2.0252500000E+005
       455     2.0556000000E+005
       456     2.0570500000E+005
       457     2.1069000000E+005
       458     1.9050500000E+005
       459     1.8356000000E+005
       460     1.9230500000E+005
       461     1.9471000000E+005
       462     2.0065500000E+005
       463     1.9984000000E+005
       464     1.9546000000E+005
       465     2.0165000000E+005
       466     2.0201500000E+005
       467     2.0556000000E+005
       468     2.0231500000E+005
       469     2.0206500000E+005
       470     2.0176500000E+005
       471     2.0206500000E+005
       472     2.0155000000E+005
       473     2.0147500000E+005
       474     2.0028500000E+005
       475     2.0665500000E+005
       476     1.6867500000E+005
       477     2.0238000000E+005
       478     1.9786000000E+005
       479     2.0056500000E+005
       480     2.0471500000E+005
       481     1.5140000000E+005
       482     2.0784500000E+005
       483     2.0903000000E+005
       484     2.0375000000E+005
       485     1.7698000000E+005
       486     1.9886000000E+005
       487     1.8166500000E+005
       488     1.8982500000E+005
       489     2.0071500000E+005
       490     2.0273000000E+005
       491     2.0628500000E+005
       492     2.0587000000E+005
       493     2.0254500000E+005
       494     2.0182000000E+005
       495     2.0196000000E+005
       496     2.0148000000E+005
       497     2.0160500000E+005
       498     2.0721500000E+005
       499     1.6948500000E+005
       500    -9.9999000000E+004
       501     2.0287000000E+005
       502     2.0298000000E+005
       503     1.9099500000E+005
       504     2.0328000000E+005
       505     1.9086500000E+005
       506     2.0431000000E+005
       507     2.0185500000E+005
       508     1.7630000000E+005
       509     1.9989500000E+005
       510     1.9966000000E+005
       511     2.0196000000E+005
       512     2.0030000000E+005
       513     2.0175500000E+005
       514     2.0737500000E+005
       515     2.0691500000E+005
       516     2.0648000000E+005
       517     2.0252500000E+005
       518     2.0210500000E+005
       519     2.0230000000E+005
       520     2.0133000000E+005
       521     2.0779000000E+005
       522     1.6929000000E+005
       523     1.9551500000E+005
       524     2.0271500000E+005
       525     1.9817000000E+005
       526     1.9086000000E+005
       527     2.0054000000E+005
       528     2.0197000000E+005
       529     2.0323000000E+005
       530     1.9650000000E+005
       531     2.0173000000E+005
       532     2.0030500000E+005
       533     2.0064000000E+005
       534     2.0033500000E+005
       535     2.0055500000E+005
       536     2.0112500000E+005
       537     2.0124000000E+005
       538     2.0779500000E+005
       539     2.0764500000E+005
       540     2.0737500000E+005
       541     2.0688000000E+005
       542     2.0235500000E+005
       543     2.0165000000E+005
       544     2.0778500000E+005
       545     1.9904500000E+005
       546     1.9562000000E+005
       547     2.0355500000E+005
       548     1.9811500000E+005
       549     1.7928000000E+005
       550     1.9775000000E+005
       551     2.0502500000E+005
       552     1.9772000000E+005
       553     1.9873500000E+005
       554     1.7782000000E+005
       555     2.0019000000E+005
       556     2.0036500000E+005
       557     2.0229000000E+005
       558     2.0088000000E+005
       559     2.0072000000E+005
       560     2.0119500000E+005
       561     2.0813500000E+005
       562     2.0821000000E+005
       563     2.0799500000E+005
       564     2.0761000000E+005
       565     2.0448000000E+005
       566     2.0235000000E+005
       567     2.1768500000E+005
       568     2.0395500000E+005
       569     1.9959500000E+005
       570     2.0009000000E+005
       571     1.9796500000E+005
       572     1.9742000000E+005
       573     2.0115000000E+005
       574     1.9699500000E+005
       575     1.9060000000E+005
       576     1.9647000000E+005
       577     1.8416000000E+005
       578     1.9943500000E+005
       579     1.9362000000E+005
       580     2.0024500000E+005
       581     1.9955500000E+005
       582     2.0105000000E+005
       583     2.0064000000E+005
       584     2.0388500000E+005
       585     2.0923500000E+005
       586     2.0901000000E+005
       587     2.0887500000E+005
       588     2.0850500000E+005
       589     2.0894000000E+005
       590     2.1118500000E+005
       591     2.0298500000E+005
       592     1.9713500000E+005
       593     1.9666500000E+005
       594     2.0153000000E+005
       595     1.9740000000E+005
       596     1.9090500000E+005
       597     1.9598500000E+005
       598     1.9602500000E+005
       599     1.9914500000E+005
       600     1.9860500000E+005
       601     1.9870500000E+005
       602     1.9783000000E+005
       603     1.9972000000E+005
       604     1.9929000000E+005
       605     2.0343500000E+005
       606     2.0318000000E+005
       607     2.0328000000E+005
       608     2.0430000000E+005
       609     2.1004500000E+005
       610     2.0966000000E+005
       611     2.0410500000E+005
       612     2.0422000000E+005
       613     2.1562000000E+005
       614     1.9983000000E+005
       615     2.0138000000E+005
       616     1.9894000000E+005
       617     2.0024500000E+005
       618     1.9842000000E+005
       619     1.9667000000E+005
       620     1.8937000000E+005
       621     1.8960500000E+005
       622     1.8872000000E+005
       623     1.9647000000E+005
       624     1.8528000000E+005
       625     1.8699500000E+005
       626     1.7903500000E+005
       627     1.8633500000E+005
       628     1.7977000000E+005
       629     1.9955500000E+005
       630     2.0309500000E+005
       631     2.0332000000E+005
       632     2.0318500000E+005
       633     2.0904000000E+005
       634     2.1032500000E+005
       635     2.1002000000E+005
       636     2.0997500000E+005
       637     2.1008500000E+005
       638     2.0086000000E+005
       639     1.9562500000E+005
       640     1.9594500000E+005
       641     1.9843500000E+005
       642     1.9629000000E+005
       643     2.0032000000E+005
       644     1.8931500000E+005
       645     1.8071000000E+005
       646     1.7640500000E+005
       647     1.9644500000E+005
       648     1.7996500000E+005
       649     1.8703000000E+005
       650     1.9625500000E+005
       651     2.0232500000E+005
       652     1.8003500000E+005
       653     2.0355000000E+005
       654     2.0485500000E+005
       655     2.0313000000E+005
       656     2.0360000000E+005
       657     2.1022500000E+005
       658     2.1029000000E+005
       659     1.7399000000E+005
       660     1.7385000000E+005
       661     2.0043500000E+005
       662     1.9040500000E+005
       663     2.0214500000E+005
       664     1.9900500000E+005
       665     2.0011500000E+005
       666     2.0075500000E+005
       667     2.0130000000E+005
       668     1.8213500000E+005
       669     2.0008500000E+005
       670     1.9759000000E+005
       671     1.8823000000E+005
       672     1.8043500000E+005
       673     1.9631500000E+005
       674     1.7996000000E+005
       675     1.7927500000E+005
       676     2.0376000000E+005
       677     2.0321000000E+005
       678     2.0372000000E+005
       679     2.0495500000E+005
       680     2.0305500000E+005
       681     2.0394000000E+005
       682     2.1087000000E+005
       683     2.1323500000E+005
       684    -9.9999000000E+004
       685     2.1078500000E+005
       686     2.1143500000E+005
       687     1.7638500000E+005
       688     1.9239000000E+005
       689     1.8626000000E+005
       690     1.9817000000E+005
       691     1.9920000000E+005
       692     1.6057000000E+005
       693     2.0007000000E+005
       694     1.7149000000E+005
       695     1.8020500000E+005
       696     1.8508000000E+005
       697     1.9304000000E+005
       698     1.8566000000E+005
       699     1.8092000000E+005
       700     1.8379000000E+005
       701     1.8014000000E+005
       702     2.0394500000E+005
       703     1.8007500000E+005
       704     2.0379000000E+005
       705     2.0588000000E+005
       706     2.0514000000E+005
       707     2.0544500000E+005
       708     1.7468500000E+005
       709     1.7852000000E+005
       710     1.8125000000E+005
       711    -9.9999000000E+004
       712     1.8144500000E+005
       713     2.2175000000E+005
       714     2.1611000000E+005
       715     1.9213000000E+005
       716     2.2160000000E+005
       717     1.8680000000E+005
       718     1.6455500000E+005
       719     1.8680500000E+005
       720     1.9065000000E+005
       721     1.9306500000E+005
       722     1.8732000000E+005
       723     1.7004000000E+005
       724     1.7684000000E+005
       725     1.7416000000E+005
       726     1.9322500000E+005
       727     1.8918500000E+005
       728     1.8100500000E+005
       729     1.8629500000E+005
       730     1.8221000000E+005
       731     2.0454500000E+005
       732     1.7427500000E+005
       733     2.0612000000E+005
       734     1.7510000000E+005
       735     1.7488000000E+005
       736     1.7430500000E+005
       737     1.8275500000E+005
       738     2.2200000000E+005
       739     1.8252000000E+005
       740     1.8414000000E+005
       741     1.5779000000E+005
       742     1.7356000000E+005
       743     1.7364500000E+005
       744     1.6733000000E+005
       745     1.8757000000E+005
       746     1.7866500000E+005
       747     1.6458500000E+005
       748     1.7468500000E+005
       749     1.7988500000E+005
       750     2.0430500000E+005
       751     2.0511000000E+005
       752     1.7412500000E+005
       753     1.7382500000E+005
       754     1.7485500000E+005
       755     1.8715000000E+005
       756     1.9153500000E+005
       757     1.8863500000E+005
       758     1.9026500000E+005
       759     1.7461000000E+005
       760     1.8258500000E+005
       761     1.7351500000E+005
       762     1.8346500000E+005
       763     1.7489500000E+005
       764     1.8142000000E+005
       765     1.8051500000E+005
       766     2.0534000000E+005
       767     2.0541500000E+005
       768     2.0501500000E+005
       769     2.1235000000E+005
       770     1.8731500000E+005
       771     1.8877000000E+005
       772     1.8889000000E+005
       773     1.8999500000E+005
       774     1.9393500000E+005
       775     1.5072500000E+005
       776     1.8909000000E+005
       777     1.4738500000E+005
       778     1.8155500000E+005
       779     1.7594000000E+005
       780     1.8235000000E+005
       781     1.8192000000E+005
       782     1.8075000000E+005
       783     2.1368500000E+005
       784     2.0400500000E+005
       785     2.1378000000E+005
       786     1.8435000000E+005
       787     1.5437000000E+005
       788     1.3739000000E+005
       789     1.9350500000E+005
       790     1.9447000000E+005
       791     1.4564500000E+005
       792     1.8474000000E+005
       793     1.8203000000E+005
       794     1.8462000000E+005
       795     1.8337500000E+005
       796     1.8076500000E+005
       797     2.1401500000E+005
       798     1.8020000000E+005
       799     2.1488500000E+005
       800    -9.9999000000E+004
       801     1.8487500000E+005
       802     1.9381500000E+005
       803     2.0670000000E+005
       804     1.8249500000E+005
       805     1.9833500000E+005
       806     1.8273500000E+005
       807     1.8410000000E+005
       808     1.8318000000E+005
       809     1.8354000000E+005
       810     1.8493000000E+005
       811     1.8624500000E+005
       812     1.8460000000E+005
       813     1.9420000000E+005
       814     1.9707500000E+005
       815     1.7914000000E+005
       816    -9.9999000000E+004
       817     1.8549500000E+005
       818     1.8312500000E+005
       819     1.8484500000E+005
       820     1.8251500000E+005
       821     1.8322000000E+005
       822     1.8136500000E+005
       823     1.9631500000E+005
       824     2.0173500000E+005
       825     1.8360000000E+005
       826     1.8472500000E+005
       827     1.8459500000E+005
       828     1.8372000000E+005
       829     1.8421500000E+005
       830     1.8336500000E+005
       831     1.8348000000E+005
       832     2.0215500000E+005
       833    -9.9999000000E+004
       834     1.5356500000E+005
       835     1.8779000000E+005
       836     1.8214000000E+005
       837     1.8481500000E+005
       838     1.8455000000E+005
       839     1.8383000000E+005
       840     1.9742000000E+005
       841     1.8638000000E+005
       842     2.1946500000E+005
       843     1.8146000000E+005
       844     1.8082000000E+005
       845     1.8295500000E+005
       846     1.8692500000E+005
       847     1.8200500000E+005
       848     1.8315500000E+005
       849     1.9739000000E+005
       850     1.8875000000E+005
       851     2.1989000000E+005
       852     1.8934000000E+005
       853     1.8211500000E+005
       854     1.8192000000E+005
       855     1.8750500000E+005
       856     1.8219500000E+005
       857     1.8752500000E+005
       858    -9.9999000000E+004
       859     1.8749500000E+005
       860     1.9835500000E+005
       861     1.8143500000E+005
       862     1.8590500000E+005
       863     1.8196000000E+005
       864     1.8584500000E+005
       865     1.8695500000E+005
       866     1.7304500000E+005
       867     1.9997000000E+005
       868     2.1313000000E+005
       869     2.2029000000E+005
       870     2.0271000000E+005
       871     1.8602000000E+005
       872    -9.9999000000E+004
       873     2.0496500000E+005
       874     1.8625000000E+005
       875     1.9134500000E+005
       876     1.8168000000E+005
       877     1.8613000000E+005
       878     1.8663000000E+005
       879     1.7998000000E+005
       880     1.8678500000E+005
       881     2.1193000000E+005
       882    -9.9999000000E+004
       883     2.1839500000E+005
       884     1.8236500000E+005
       885     1.8638500000E+005
       886     1.8581000000E+005
       887     1.7564500000E+005
       888     1.8753000000E+005
       889     1.8680500000E+005
       890     1.9690000000E+005
       891     1.9522000000E+005
       892     1.8932000000E+005
       893     1.8279000000E+005
       894     1.8025500000E+005
       895     1.8674500000E+005
       896     1.8680000000E+005
       897     1.8823000000E+005
       898     1.8870500000E+005
       899     1.9373500000E+005
       900     1.8680000000E+005
       901     1.8318000000E+005
       902    -9.9999000000E+004
       903     1.9517500000E+005
       904     1.8114500000E+005
       905     1.8090000000E+005
       906     1.8065000000E+005
       907     1.8101000000E+005
       908     1.8068000000E+005
       909     1.7744500000E+005
       910     1.8187500000E+005
       911     1.8861500000E+005
       912     1.8813500000E+005
       913     1.8170000000E+005
       914     2.2752500000E+005
       915     2.1953500000E+005
       916     1.7999500000E+005
       917     1.8939500000E+005
       918     1.7613500000E+005
       919     1.8099500000E+005
       920     1.8120000000E+005
       921     2.0577500000E+005
       922     1.7657000000E+005
       923     1.9392000000E+005
       924     2.1003000000E+005
       925     1.8064500000E+005
       926     2.1106500000E+005
       927     2.1510000000E+005
       928     1.9105500000E+005
       929     1.8964000000E+005
       930     1.8933000000E+005
       931     2.1623000000E+005
       932     1.7940500000E+005
       933     1.8180000000E+005
       934     1.8200500000E+005
       935     1.7911000000E+005
       936     1.7677500000E+005
       937     2.1008500000E+005
       938     2.0974000000E+005
       939     1.8458500000E+005
       940     1.8678500000E+005
       941     2.1230500000E+005
       942     2.1045000000E+005
       943     1.8372500000E+005
       944     1.8635500000E+005
       945     1.8727000000E+005
       946     1.8760500000E+005
       947     1.8650500000E+005
       948     1.8565000000E+005
       949     2.1003000000E+005
       950     1.9451500000E+005
       951     1.9565500000E+005
       952     1.7919000000E+005
       953     1.8070500000E+005
       954     1.8553500000E+005
       955     1.8756500000E+005
       956     2.1086000000E+005
       957     2.0953500000E+005
       958     1.8551000000E+005
       959     1.8509500000E+005
       960     1.8494500000E+005
       961     2.0992500000E+005
       962     2.0989500000E+005
       963     1.8024500000E+005
       964     1.8122500000E+005
       965     1.9734500000E+005
       966     1.9631000000E+005
       967     1.8429500000E+005
       968     2.0977000000E+005
       969     1.9487000000E+005
       970     1.7932500000E+005
       971     1.8319000000E+005
       972     2.1064000000E+005
       973    -9.9999000000E+004
       974     1.8360500000E+005
       975     2.0977000000E+005
       976     2.1001000000E+005
       977     1.7831500000E+005
       978     2.2497000000E+005
       979     1.8635500000E+005
       980     2.1054500000E+005
       981     2.0857500000E+005
       982     1.8359500000E+005
       983    -9.9999000000E+004
       984     2.1002000000E+005
       985     2.1023500000E+005
       986     2.1129500000E+005
       987     2.0899000000E+005
       988     1.8569500000E+005
       989     2.1108000000E+005
       990     1.8888000000E+005
       991     1.8361500000E+005
       992     2.3460000000E+005
       993     2.1439000000E+005
       994     2.1061000000E+005
       995     1.7831000000E+005
       996     2.1081000000E+005
       997     1.8635000000E+005
       998     1.8354000000E+005
       999     1.9847500000E+005
      1000     2.1873500000E+005
      1001     1.8683000000E+005
      1002     2.1259000000E+005
      1003     2.1334500000E+005
      1004     2.1343500000E+005
      1005     2.0123000000E+005
      1006     1.8341000000E+005
      1007     2.1246000000E+005
      1008     1.9862500000E+005
      1009     2.1240000000E+005
      1010     1.9503000000E+005
      1011     2.0160500000E+005
      1012     2.1286500000E+005
      1013     2.0091000000E+005
      1014     1.8345000000E+005
      1015     1.9744500000E+005
      1016     1.8316000000E+005
      1017     1.9213500000E+005
      1018     2.0102500000E+005
      1019     2.0045500000E+005
      1020     2.0124000000E+005
      1021     1.9144000000E+005
      1022     1.8386500000E+005
      1023     2.0289000000E+005
      1024     2.0012000000E+005
      1025     1.9971500000E+005
      1026     2.1188500000E+005
      1027     1.9474500000E+005
      1028     1.8433500000E+005
      1029     1.9943000000E+005
      1030     2.0148500000E+005
      1031     1.9445500000E+005
      1032     1.8494000000E+005
      1033     2.1118500000E+005
      1034     1.9472500000E+005
      1035     2.1080500000E+005
      1036     2.1073000000E+005
      1037     2.1011500000E+005
      1038     1.9075500000E+005
      1039     1.8647500000E+005
      1040     2.1025000000E+005
      1041     1.9993500000E+005
      1042     1.8816500000E+005
      1043     1.9978500000E+005
      1044     1.8776500000E+005
      1045     1.9028000000E+005
      1046     1.9089500000E+005
      1047    -9.9999000000E+004
      1048     1.9961500000E+005
      1049     1.9986000000E+005
      1050     1.9151500000E+005
      1051     2.0370500000E+005
      1052     1.9202500000E+005
      1053     2.2519500000E+005
      1054     1.9981000000E+005
      1055    -9.9999000000E+004
      1056     2.0096000000E+005
      1057     1.9445500000E+005
      1058     2.0158000000E+005
      1059     2.0218000000E+005
      1060     2.0147000000E+005
      1061     2.0155000000E+005
      1062     1.9163000000E+005
      1063     1.9879500000E+005
      1064     2.0236500000E+005
      1065     2.0103000000E+005
      1066     1.9684000000E+005
      1067     2.0042500000E+005
      1068     1.9357000000E+005
      1069    -9.9999000000E+004
