  nc_newport_river_core_cr4_bath    v31.06 iterative         Albemarle-Pamlico Estuar
          2       1069  0.1000000E+001        1     1 FileFmtVersion:    1050624
     2.5920000000E+005          51840
         1     2.9628993480E+001
         2     2.9620328351E+001
         3     2.9734376590E+001
         4     2.9698432253E+001
         5     2.9816630815E+001
         6     2.9811526292E+001
         7     2.9942483447E+001
         8     2.9897349255E+001
         9     2.9987242977E+001
        10     3.0035416287E+001
        11     2.9983178012E+001
        12     3.0053491316E+001
        13     3.0079042838E+001
        14     3.0094796857E+001
        15     3.0120558793E+001
        16     3.0138746013E+001
        17     3.0209551332E+001
        18     3.0240330770E+001
        19     3.0296892478E+001
        20     2.9197837063E+001
        21     2.9279376757E+001
        22     3.0335275230E+001
        23     3.0388606717E+001
        24     2.9321821370E+001
        25     2.9428401855E+001
        26     3.0419138052E+001
        27     3.0468657342E+001
        28     2.9471260936E+001
        29     2.9531218194E+001
        30     3.0544799278E+001
        31     3.0492882478E+001
        32     2.9622287991E+001
        33     2.9671558654E+001
        34     3.0604353700E+001
        35     3.0555041759E+001
        36     2.9768785983E+001
        37     2.9826607617E+001
        38     3.0655963074E+001
        39     3.0622644075E+001
        40     2.9908311450E+001
        41     2.9954492145E+001
        42     2.9964928510E+001
        43     3.0454930434E+001
        44     3.0613342809E+001
        45     3.0720354819E+001
        46     3.0665077588E+001
        47     3.0021712192E+001
        48     3.0078655492E+001
        49     3.0548873801E+001
        50     3.0417562208E+001
        51     3.0645347135E+001
        52     3.0665126586E+001
        53     3.0691304406E+001
        54     3.0793479026E+001
        55     3.0753712111E+001
        56     3.0722155119E+001
        57     3.0181390058E+001
        58     3.0134122328E+001
        59     3.0384423687E+001
        60     3.0367582983E+001
        61     3.0495640726E+001
        62     3.0366205404E+001
        63     3.0701491366E+001
        64     3.0760933737E+001
        65     3.0857384655E+001
        66     3.0837388348E+001
        67     3.0792466517E+001
        68     3.0785205367E+001
        69     3.0300788086E+001
        70     3.0212841955E+001
        71     3.0424496345E+001
        72     3.0445860631E+001
        73     3.0385498453E+001
        74     3.0288093318E+001
        75     3.0172754461E+001
        76     3.0148646955E+001
        77     3.0774450046E+001
        78     3.0833346986E+001
        79     3.0792195150E+001
        80     3.0894825897E+001
        81     3.0917020993E+001
        82     3.0846631930E+001
        83     3.0820550234E+001
        84     3.0362935476E+001
        85     3.0466071767E+001
        86     3.0314586795E+001
        87     3.0557472366E+001
        88     3.0286500465E+001
        89     3.0257347050E+001
        90     3.0847823216E+001
        91     3.0866808561E+001
        92     3.0914185348E+001
        93     3.0953435691E+001
        94     3.1000837776E+001
        95     3.0888459625E+001
        96     3.0880316264E+001
        97     3.0518945533E+001
        98     3.0415688643E+001
        99     3.0658287570E+001
       100     3.0395035986E+001
       101     3.0382200731E+001
       102     3.0902048823E+001
       103     3.0870185694E+001
       104     3.0922236769E+001
       105     3.1135420103E+001
       106     3.1190145620E+001
       107     3.0942697494E+001
       108     3.0965598479E+001
       109     3.1004113972E+001
       110     3.1050962943E+001
       111     3.0949393400E+001
       112     3.0955081524E+001
       113     3.0639918740E+001
       114     3.0552795884E+001
       115     3.0723907050E+001
       116     3.0719370687E+001
       117     3.0628088383E+001
       118     3.0517991445E+001
       119     3.0477812710E+001
       120     3.0880985785E+001
       121     3.0958834583E+001
       122     3.0941359232E+001
       123     3.0971648411E+001
       124     3.1326102308E+001
       125     3.1218247677E+001
       126     3.1269571037E+001
       127     3.1202173159E+001
       128     3.1005804681E+001
       129     3.1061330163E+001
       130     3.1023112330E+001
       131     3.1011523787E+001
       132     3.0719695018E+001
       133     3.0692991623E+001
       134     3.0783146740E+001
       135     3.0740660670E+001
       136     3.0697640062E+001
       137     3.0617556946E+001
       138     3.0962966962E+001
       139     3.1014450839E+001
       140     3.1007909094E+001
       141     3.1314588615E+001
       142     3.1259376422E+001
       143     3.1390393823E+001
       144     3.1500444746E+001
       145     3.1195929983E+001
       146     3.1086341359E+001
       147     3.1064437754E+001
       148     3.1102687240E+001
       149     3.1069042398E+001
       150     3.1181724945E+001
       151     3.0807911200E+001
       152     3.0858973578E+001
       153     3.0820304764E+001
       154     3.0706365994E+001
       155     3.1014538537E+001
       156     3.0999985917E+001
       157     3.1101511277E+001
       158     3.1063657898E+001
       159     3.1053888341E+001
       160     3.1336941770E+001
       161     3.1280085512E+001
       162     3.1431768234E+001
       163     3.1263668017E+001
       164     3.1171217876E+001
       165     3.1143132130E+001
       166     3.1248209953E+001
       167     3.0890707056E+001
       168     3.0937515859E+001
       169     3.1037272134E+001
       170     3.0922962787E+001
       171     3.0857865186E+001
       172     3.1020799206E+001
       173     3.1064099781E+001
       174     3.1158050739E+001
       175     3.1130795712E+001
       176     3.1103160101E+001
       177     3.1363819006E+001
       178     3.1323996462E+001
       179     3.1230471932E+001
       180     3.1218938997E+001
       181     3.1297304163E+001
       182     3.1469446394E+001
       183     3.1965192012E+001
       184     3.1852197942E+001
       185     3.1590874924E+001
       186     3.1720958917E+001
       187     3.1277126063E+001
       188     3.0956581719E+001
       189     3.0987655175E+001
       190     3.1077825032E+001
       191     3.0991823031E+001
       192     3.1020583936E+001
       193     3.0988396974E+001
       194     3.0944710389E+001
       195     3.1037012552E+001
       196     3.1150086797E+001
       197     3.1034704215E+001
       198     3.1259938125E+001
       199     3.1127435409E+001
       200     3.1125035747E+001
       201     3.1213029566E+001
       202     3.1170370217E+001
       203     3.1191455344E+001
       204     3.1417755359E+001
       205     3.1360809044E+001
       206     3.1301032061E+001
       207     3.1358617256E+001
       208     3.1521677745E+001
       209     3.2067205764E+001
       210     3.1973352298E+001
       211     3.1864555033E+001
       212     3.1642791293E+001
       213     3.1764154954E+001
       214     3.1356399392E+001
       215     3.1289312385E+001
       216     3.1344005148E+001
       217     3.1032155328E+001
       218     3.1070358307E+001
       219     3.1039789712E+001
       220     3.1082683794E+001
       221     3.1189660645E+001
       222     3.1153543381E+001
       223     3.1180955519E+001
       224     3.1255176053E+001
       225     3.1242580478E+001
       226     3.1450664303E+001
       227     3.1408180996E+001
       228     3.1558631725E+001
       229     3.1452256719E+001
       230     3.2155560746E+001
       231     3.2231503698E+001
       232     3.2075206025E+001
       233     3.2297406515E+001
       234     3.1660722453E+001
       235     3.1980524809E+001
       236     3.1871228793E+001
       237     3.1758289859E+001
       238     3.2637717380E+001
       239     3.2597185135E+001
       240     3.2547084018E+001
       241     3.1426877537E+001
       242     3.1342749905E+001
       243     3.1406278524E+001
       244     3.1122135082E+001
       245     3.1144604891E+001
       246     3.1199427747E+001
       247     3.1247732271E+001
       248     3.1324929901E+001
       249     3.1520626349E+001
       250     3.1635078516E+001
       251     3.1525026901E+001
       252     3.1547034318E+001
       253     3.2519966971E+001
       254     3.2342013185E+001
       255     3.2473376298E+001
       256     3.2376281771E+001
       257     3.2420223355E+001
       258     3.2170984942E+001
       259     3.2076359864E+001
       260     3.2247363730E+001
       261     3.1747338068E+001
       262     3.1967892429E+001
       263     3.1856632634E+001
       264     3.2663766612E+001
       265     3.2602921539E+001
       266     3.2554697628E+001
       267     3.1492867414E+001
       268     3.1433143843E+001
       269     3.1218101844E+001
       270     3.1276317908E+001
       271     3.1335790549E+001
       272     3.1406558430E+001
       273     3.1743304269E+001
       274     3.1639185886E+001
       275     3.1593006315E+001
       276     3.1630359275E+001
       277     3.2503707991E+001
       278     3.2308995616E+001
       279     3.2441180551E+001
       280     3.2372659496E+001
       281     3.2164811489E+001
       282     3.2064797097E+001
       283     3.2244922309E+001
       284     3.1853259772E+001
       285     3.1959972912E+001
       286     3.1847420371E+001
       287     3.2694894461E+001
       288     3.2631758618E+001
       289     3.2560081103E+001
       290     3.1541148295E+001
       291     3.1496375456E+001
       292     3.1321165676E+001
       293     3.1361755206E+001
       294     3.1427046851E+001
       295     3.1334011005E+001
       296     3.1306180834E+001
       297     3.1645859999E+001
       298     3.1744796178E+001
       299     3.1698630788E+001
       300     3.2486950502E+001
       301     3.2324664452E+001
       302     3.2407640433E+001
       303     3.2158947036E+001
       304     3.2061743564E+001
       305     3.2251918409E+001
       306     3.1858835898E+001
       307     3.1960618425E+001
       308     3.1938084604E+001
       309     3.2731112949E+001
       310     3.2675216052E+001
       311     3.2608765452E+001
       312     3.2535392489E+001
       313     3.1597952150E+001
       314     3.1524361490E+001
       315     3.1399143502E+001
       316     3.1454778135E+001
       317     3.1399187314E+001
       318     3.1703891674E+001
       319     3.1754120795E+001
       320     3.1808185632E+001
       321     3.2445095389E+001
       322     3.2346902814E+001
       323     3.2166283719E+001
       324     3.2075539143E+001
       325     3.2267031680E+001
       326     3.1925715317E+001
       327     3.2005412892E+001
       328     3.2047371282E+001
       329     3.2741223561E+001
       330     3.2675718809E+001
       331     3.2604728169E+001
       332     3.2510716848E+001
       333     3.1635837169E+001
       334     3.1554702982E+001
       335     3.1506074979E+001
       336     3.1743598235E+001
       337     3.1818821790E+001
       338     3.1865837505E+001
       339     3.2381396307E+001
       340     3.2175206408E+001
       341     3.2290129446E+001
       342     3.1969958714E+001
       343     3.2042171177E+001
       344     3.2105944120E+001
       345     3.2157459312E+001
       346     3.2747480296E+001
       347     3.2686020455E+001
       348     3.2612833137E+001
       349     3.2538769352E+001
       350     3.2450357421E+001
       351     3.2849258294E+001
       352     3.1744575583E+001
       353     3.1656353302E+001
       354     3.1619951605E+001
       355     3.1644343418E+001
       356     3.3058839959E+001
       357     3.3041795379E+001
       358     3.3046202701E+001
       359     3.1847485735E+001
       360     3.1946017846E+001
       361     3.2370542232E+001
       362     3.2260628101E+001
       363     3.2071231587E+001
       364     3.2154729508E+001
       365     3.2217572569E+001
       366     3.2778334386E+001
       367     3.2698844486E+001
       368     3.2608437932E+001
       369     3.2488880823E+001
       370     3.2945782038E+001
       371     3.2864496553E+001
       372     3.3037177385E+001
       373     3.3071710252E+001
       374     3.3075023708E+001
       375     3.3087496908E+001
       376     3.3088963080E+001
       377     3.3101816163E+001
       378     3.1855968398E+001
       379     3.1758674796E+001
       380     3.3052717031E+001
       381     3.3042421935E+001
       382     3.3026451587E+001
       383     3.3009125770E+001
       384     3.3016284346E+001
       385     3.3022147616E+001
       386     3.3022134958E+001
       387     3.3023859938E+001
       388     3.1958166534E+001
       389     3.2069267771E+001
       390     3.2431494950E+001
       391     3.2326777758E+001
       392     3.2185733137E+001
       393     3.2268927473E+001
       394     3.2781884115E+001
       395     3.2689048738E+001
       396     3.2566135177E+001
       397     3.2506676615E+001
       398     3.2929794786E+001
       399     3.2838623212E+001
       400     3.2976747288E+001
       401     3.3027771452E+001
       402     3.2995769670E+001
       403     3.3032587062E+001
       404     3.3028226189E+001
       405     3.1961028224E+001
       406     3.1862537114E+001
       407     3.3011762296E+001
       408     3.2995478858E+001
       409     3.2978175280E+001
       410     3.2978670817E+001
       411     3.2995086526E+001
       412     3.2983523869E+001
       413     3.2985228501E+001
       414     3.2980351569E+001
       415     3.2070937934E+001
       416     3.2184503710E+001
       417     3.2386485131E+001
       418     3.2300581831E+001
       419     3.2471459242E+001
       420     3.2747396677E+001
       421     3.2637073100E+001
       422     3.2572394351E+001
       423     3.2877318186E+001
       424     3.2785743082E+001
       425     3.2907334394E+001
       426     3.2971474592E+001
       427     3.2930901111E+001
       428     3.2954720951E+001
       429     3.2049317004E+001
       430     3.1968207551E+001
       431     3.2944178943E+001
       432     3.2924120378E+001
       433     3.2946617440E+001
       434     3.2949932318E+001
       435     3.2963105003E+001
       436     3.2942080203E+001
       437     3.2933825406E+001
       438     3.2931271093E+001
       439     3.2939474493E+001
       440     3.2918639181E+001
       441     3.2160968925E+001
       442     3.2275118435E+001
       443     3.2392578447E+001
       444     3.2504306805E+001
       445     3.2681504955E+001
       446     3.2594309716E+001
       447     3.2815063754E+001
       448     3.2718474357E+001
       449     3.2830213026E+001
       450     3.2894318476E+001
       451     3.2863772016E+001
       452     3.2098487457E+001
       453     3.1961537060E+001
       454     3.2895904353E+001
       455     3.2871724556E+001
       456     3.2877898670E+001
       457     3.2910680925E+001
       458     3.2904144674E+001
       459     3.2906287703E+001
       460     3.2884286129E+001
       461     3.2867021741E+001
       462     3.2862400318E+001
       463     3.2880170738E+001
       464     3.2845466325E+001
       465     3.2219309366E+001
       466     3.2325308509E+001
       467     3.2426548291E+001
       468     3.2519654254E+001
       469     3.2619975558E+001
       470     3.2735576644E+001
       471     3.2629957429E+001
       472     3.2739146638E+001
       473     3.2776020302E+001
       474     3.2810301205E+001
       475     3.2133104427E+001
       476     3.2025928841E+001
       477     3.2832726416E+001
       478     3.2816634101E+001
       479     3.2821515895E+001
       480     3.2845830594E+001
       481     3.2777658616E+001
       482     3.2749098374E+001
       483     3.2695477047E+001
       484     3.2839227616E+001
       485     3.2830170918E+001
       486     3.2794791540E+001
       487     3.2798162247E+001
       488     3.2796776784E+001
       489     3.2758485688E+001
       490     3.2240839659E+001
       491     3.2341932311E+001
       492     3.2410184089E+001
       493     3.2499620776E+001
       494     3.2649818312E+001
       495     3.2545282902E+001
       496     3.2676238166E+001
       497     3.2713962477E+001
       498     3.2119920829E+001
       499     3.2003765832E+001
       500     3.1903883605E+001
       501     3.2591248511E+001
       502     3.2495241203E+001
       503     3.2756939564E+001
       504     3.2758887373E+001
       505     3.2747740787E+001
       506     3.2696873827E+001
       507     3.2657435532E+001
       508     3.2775865156E+001
       509     3.2746788341E+001
       510     3.2722513267E+001
       511     3.2729654731E+001
       512     3.2696393468E+001
       513     3.2654484788E+001
       514     3.2170241545E+001
       515     3.2273096893E+001
       516     3.2358542808E+001
       517     3.2426568984E+001
       518     3.2572209449E+001
       519     3.2482050709E+001
       520     3.2592738456E+001
       521     3.2044497406E+001
       522     3.1964880737E+001
       523     3.2565217169E+001
       524     3.2402036042E+001
       525     3.2467671285E+001
       526     3.2695620808E+001
       527     3.2693759397E+001
       528     3.2677136513E+001
       529     3.2640852334E+001
       530     3.2601174380E+001
       531     3.2695696227E+001
       532     3.2665789977E+001
       533     3.2637285972E+001
       534     3.2642211367E+001
       535     3.2558876094E+001
       536     3.2583524035E+001
       537     3.2553640333E+001
       538     3.2139377309E+001
       539     3.2226939122E+001
       540     3.2306049947E+001
       541     3.2375871304E+001
       542     3.2461858386E+001
       543     3.2490188414E+001
       544     3.2038163072E+001
       545     3.1956673353E+001
       546     3.2505532896E+001
       547     3.2310116787E+001
       548     3.2375925680E+001
       549     3.2411652305E+001
       550     3.2633147513E+001
       551     3.2578225607E+001
       552     3.2614485765E+001
       553     3.2582184214E+001
       554     3.2526970513E+001
       555     3.2608055609E+001
       556     3.2581020678E+001
       557     3.2549991321E+001
       558     3.2499550895E+001
       559     3.2492677381E+001
       560     3.2458092673E+001
       561     3.2100345429E+001
       562     3.2178445651E+001
       563     3.2256566312E+001
       564     3.2329283715E+001
       565     3.2391789330E+001
       566     3.1990936420E+001
       567     3.1867802107E+001
       568     3.2220964892E+001
       569     3.2136555684E+001
       570     3.2057455945E+001
       571     3.2426504982E+001
       572     3.2284213725E+001
       573     3.2320071558E+001
       574     3.2333342372E+001
       575     3.2555273075E+001
       576     3.2507571208E+001
       577     3.2519545539E+001
       578     3.2489961183E+001
       579     3.2433272003E+001
       580     3.2506546925E+001
       581     3.2460363115E+001
       582     3.2403110959E+001
       583     3.2402823659E+001
       584     3.2348735822E+001
       585     3.2049035399E+001
       586     3.2126685973E+001
       587     3.2205803896E+001
       588     3.2275588438E+001
       589     3.1923918389E+001
       590     3.1786849528E+001
       591     3.1982552553E+001
       592     3.2196132615E+001
       593     3.2111756440E+001
       594     3.2031026144E+001
       595     3.2342064624E+001
       596     3.2229475681E+001
       597     3.2242152290E+001
       598     3.2251308346E+001
       599     3.2412119207E+001
       600     3.2453602836E+001
       601     3.2423538832E+001
       602     3.2373095189E+001
       603     3.2389341211E+001
       604     3.2368478123E+001
       605     3.2302182301E+001
       606     3.2304182929E+001
       607     3.2299038889E+001
       608     3.2229655049E+001
       609     3.1990352791E+001
       610     3.2073303982E+001
       611     3.2154464285E+001
       612     3.1861606659E+001
       613     3.1721439097E+001
       614     3.1920310908E+001
       615     3.1851572995E+001
       616     3.1786810076E+001
       617     3.1728876191E+001
       618     3.1671699523E+001
       619     3.1953778175E+001
       620     3.2141673592E+001
       621     3.2056627196E+001
       622     3.1975984647E+001
       623     3.2288844016E+001
       624     3.2152311837E+001
       625     3.2160571677E+001
       626     3.2198018294E+001
       627     3.2338682098E+001
       628     3.2330256880E+001
       629     3.2285616733E+001
       630     3.2197805924E+001
       631     3.2205411806E+001
       632     3.2213497702E+001
       633     3.2116273688E+001
       634     3.1937348984E+001
       635     3.2025112379E+001
       636     3.1812072654E+001
       637     3.1670538386E+001
       638     3.1882458768E+001
       639     3.1813663529E+001
       640     3.1753255788E+001
       641     3.1627236542E+001
       642     3.1691485992E+001
       643     3.1897159848E+001
       644     3.2064744297E+001
       645     3.1980742715E+001
       646     3.1910442949E+001
       647     3.2234045645E+001
       648     3.2069884585E+001
       649     3.2104149270E+001
       650     3.2149885523E+001
       651     3.2251603004E+001
       652     3.2207525388E+001
       653     3.2185669860E+001
       654     3.2085821077E+001
       655     3.2106255511E+001
       656     3.2117376015E+001
       657     3.1991291094E+001
       658     3.1885480356E+001
       659     3.1768708117E+001
       660     3.1667542712E+001
       661     3.1821969503E+001
       662     3.1751966206E+001
       663     3.1577338724E+001
       664     3.1631307280E+001
       665     3.1536963395E+001
       666     3.1493155397E+001
       667     3.1448417768E+001
       668     3.1416051710E+001
       669     3.1686667122E+001
       670     3.1836585239E+001
       671     3.1982137475E+001
       672     3.1892861374E+001
       673     3.2130996206E+001
       674     3.2012410793E+001
       675     3.2058295211E+001
       676     3.2149780245E+001
       677     3.2095988086E+001
       678     3.2091955340E+001
       679     3.1990554956E+001
       680     3.2012591996E+001
       681     3.2018654344E+001
       682     3.1876473078E+001
       683     3.1507719973E+001
       684     3.1466356626E+001
       685     3.1763192190E+001
       686     3.1640093416E+001
       687     3.1754340923E+001
       688     3.1376284692E+001
       689     3.1339024686E+001
       690     3.1306291174E+001
       691     3.1576584118E+001
       692     3.1621419201E+001
       693     3.1522530310E+001
       694     3.1467790027E+001
       695     3.1419354821E+001
       696     3.1674145614E+001
       697     3.1802934627E+001
       698     3.1926613188E+001
       699     3.1843655378E+001
       700     3.2023991313E+001
       701     3.1952898972E+001
       702     3.2049359537E+001
       703     3.1989818318E+001
       704     3.1990896925E+001
       705     3.1928310953E+001
       706     3.1900451136E+001
       707     3.1921017640E+001
       708     3.1793918250E+001
       709     3.1602199466E+001
       710     3.1699927787E+001
       711     3.1638947003E+001
       712     3.1721910849E+001
       713     3.1173656030E+001
       714     3.1272227654E+001
       715     3.1240555313E+001
       716     3.1212474896E+001
       717     3.1193070538E+001
       718     3.1379968195E+001
       719     3.1288482822E+001
       720     3.1334626269E+001
       721     3.1558461206E+001
       722     3.1601344049E+001
       723     3.1496250067E+001
       724     3.1433682337E+001
       725     3.1641965833E+001
       726     3.1757865571E+001
       727     3.1860746811E+001
       728     3.1785617919E+001
       729     3.1917234044E+001
       730     3.1849560128E+001
       731     3.1936698870E+001
       732     3.1883467213E+001
       733     3.1874477331E+001
       734     3.1832833336E+001
       735     3.1814366602E+001
       736     3.1705693894E+001
       737     3.1674975363E+001
       738     3.1187756828E+001
       739     3.1246489886E+001
       740     3.1213736487E+001
       741     3.1277499516E+001
       742     3.1370833784E+001
       743     3.1320673658E+001
       744     3.1529892133E+001
       745     3.1563631534E+001
       746     3.1462979282E+001
       747     3.1400853277E+001
       748     3.1591962713E+001
       749     3.1703455579E+001
       750     3.1756645305E+001
       751     3.1797326916E+001
       752     3.1810843020E+001
       753     3.1766580984E+001
       754     3.1717484797E+001
       755     3.1618372089E+001
       756     3.1189354919E+001
       757     3.1156762340E+001
       758     3.1228770602E+001
       759     3.1518464588E+001
       760     3.1265217333E+001
       761     3.1332840326E+001
       762     3.1481569332E+001
       763     3.1408058062E+001
       764     3.1533750411E+001
       765     3.1657439331E+001
       766     3.1699816822E+001
       767     3.1721252635E+001
       768     3.1707593097E+001
       769     3.1654071422E+001
       770     3.1568238725E+001
       771     3.1183047674E+001
       772     3.1148259476E+001
       773     3.1114741330E+001
       774     3.1048057125E+001
       775     3.1211772820E+001
       776     3.1459197010E+001
       777     3.1271767992E+001
       778     3.1343544558E+001
       779     3.1411276862E+001
       780     3.1480890429E+001
       781     3.1604863282E+001
       782     3.1626541894E+001
       783     3.1627793671E+001
       784     3.1613248829E+001
       785     3.1356371876E+001
       786     3.1517268188E+001
       787     3.1144409146E+001
       788     3.1071523178E+001
       789     3.0977114722E+001
       790     3.0948839685E+001
       791     3.1200129218E+001
       792     3.1403166911E+001
       793     3.1276333652E+001
       794     3.1345998161E+001
       795     3.1426689940E+001
       796     3.1536492725E+001
       797     3.1532147642E+001
       798     3.1536570400E+001
       799     3.1436962770E+001
       800     3.1322783235E+001
       801     3.1451365801E+001
       802     3.0879437307E+001
       803     3.0849918312E+001
       804     3.1128487504E+001
       805     3.1042115747E+001
       806     3.1207835070E+001
       807     3.1341360751E+001
       808     3.1277162854E+001
       809     3.1352857400E+001
       810     3.1445913895E+001
       811     3.1419323521E+001
       812     3.1370511996E+001
       813     3.0766327962E+001
       814     3.0756150935E+001
       815     3.1146408613E+001
       816     3.1085642478E+001
       817     3.1199013615E+001
       818     3.1016084242E+001
       819     3.0956048584E+001
       820     3.1252605401E+001
       821     3.1264157424E+001
       822     3.1319771322E+001
       823     3.0662953847E+001
       824     3.0679145727E+001
       825     3.0877206087E+001
       826     3.1095032141E+001
       827     3.1149810314E+001
       828     3.1007141636E+001
       829     3.0913867800E+001
       830     3.1155374460E+001
       831     3.1181917083E+001
       832     3.0542102853E+001
       833     2.9221273810E+001
       834     3.0611377844E+001
       835     3.0780632959E+001
       836     3.0833251932E+001
       837     3.1044537284E+001
       838     3.0929523045E+001
       839     3.1054352300E+001
       840     3.0455390187E+001
       841     2.9362800385E+001
       842     2.9299494641E+001
       843     3.0563395713E+001
       844     3.0491615114E+001
       845     3.0681300143E+001
       846     3.0749388861E+001
       847     3.0834918275E+001
       848     3.0929847544E+001
       849     3.0374895883E+001
       850     2.9512944904E+001
       851     2.9454233144E+001
       852     3.0597774139E+001
       853     3.0511018521E+001
       854     3.0413975515E+001
       855     3.0682849030E+001
       856     3.0789754092E+001
       857     3.0300601801E+001
       858     3.0251626214E+001
       859     2.9654010131E+001
       860     2.9577446383E+001
       861     3.0335530449E+001
       862     3.0571379815E+001
       863     3.0449586612E+001
       864     3.0647878345E+001
       865     3.0227115516E+001
       866     3.0208231389E+001
       867     3.0083315795E+001
       868     2.9941108672E+001
       869     2.9798373938E+001
       870     2.9733519292E+001
       871     3.0177539992E+001
       872     3.1027628696E+001
       873     3.0946196754E+001
       874     3.0262851121E+001
       875     3.0361437546E+001
       876     3.0502267171E+001
       877     3.0069106738E+001
       878     2.9885522802E+001
       879     3.0100025278E+001
       880     3.0176696707E+001
       881     2.9094208937E+001
       882     2.9038949290E+001
       883     3.0901029422E+001
       884     3.0786370595E+001
       885     3.0239937143E+001
       886     3.0382876036E+001
       887     2.9993399480E+001
       888     3.0082956955E+001
       889     2.9255064618E+001
       890     2.9207942529E+001
       891     2.9864661965E+001
       892     2.9727268746E+001
       893     3.0807105506E+001
       894     3.0657957390E+001
       895     3.0143832345E+001
       896     3.0261889718E+001
       897     2.9947036704E+001
       898     3.0009617004E+001
       899     2.9575150347E+001
       900     2.9417867985E+001
       901     2.9377422868E+001
       902     2.8212042854E+001
       903     2.9809384754E+001
       904     2.9657658735E+001
       905     3.0663789708E+001
       906     3.0533832331E+001
       907     3.0534213784E+001
       908     3.0496455338E+001
       909     3.0068540952E+001
       910     3.0189277919E+001
       911     2.9869584706E+001
       912     2.9944354743E+001
       913     2.9511751762E+001
       914     2.8377928511E+001
       915     2.8295940950E+001
       916     2.9558751563E+001
       917     2.9720084611E+001
       918     3.0148019637E+001
       919     3.0549589268E+001
       920     3.0419256663E+001
       921     3.0374867833E+001
       922     3.0043635858E+001
       923     2.9912314205E+001
       924     2.9792283453E+001
       925     2.9392737363E+001
       926     2.8579009198E+001
       927     2.8477739356E+001
       928     2.9441682934E+001
       929     2.9612888409E+001
       930     3.0085409717E+001
       931     3.0191734868E+001
       932     3.0287797692E+001
       933     3.0404285527E+001
       934     3.0259007130E+001
       935     3.0314561708E+001
       936     2.9977673352E+001
       937     2.9818796685E+001
       938     2.9673245115E+001
       939     2.9314041083E+001
       940     2.9257318763E+001
       941     2.8768330558E+001
       942     2.8684923161E+001
       943     2.9487792545E+001
       944     3.0113019266E+001
       945     3.0193519989E+001
       946     3.0172976215E+001
       947     3.0103027719E+001
       948     2.9929062671E+001
       949     2.9781915848E+001
       950     2.9681665514E+001
       951     2.9571673193E+001
       952     2.9344862204E+001
       953     2.9195555758E+001
       954     2.9119191164E+001
       955     2.8948288315E+001
       956     2.8866009993E+001
       957     2.9453367075E+001
       958     2.9992989258E+001
       959     3.0068955492E+001
       960     2.9822942703E+001
       961     2.9662383532E+001
       962     2.9545716878E+001
       963     2.9338300252E+001
       964     2.9216901123E+001
       965     2.9050828064E+001
       966     2.9405896682E+001
       967     2.9916008443E+001
       968     2.9703138941E+001
       969     2.9519328907E+001
       970     2.9242807129E+001
       971     2.9109672805E+001
       972     2.9348747229E+001
       973     2.8499251766E+001
       974     2.9770840582E+001
       975     2.9585931120E+001
       976     2.9431707520E+001
       977     2.9210929238E+001
       978     2.8648904975E+001
       979     2.9068164822E+001
       980     2.9292384791E+001
       981     2.8688145049E+001
       982     2.9663552571E+001
       983     2.8656099719E+001
       984     2.9470457900E+001
       985     2.9327191547E+001
       986     2.9120578513E+001
       987     2.8848354229E+001
       988     2.8966803214E+001
       989     2.9207095929E+001
       990     2.8885425282E+001
       991     2.9556684961E+001
       992     2.8549531019E+001
       993     2.8646786454E+001
       994     2.9371630341E+001
       995     2.9027353286E+001
       996     2.9191524470E+001
       997     2.8898606243E+001
       998     2.9466686086E+001
       999     2.8434717785E+001
      1000     2.8512019311E+001
      1001     2.8735477841E+001
      1002     2.9266281082E+001
      1003     2.9064050373E+001
      1004     2.8925578382E+001
      1005     2.9245632144E+001
      1006     2.9397548315E+001
      1007     2.8587171900E+001
      1008     2.8452518437E+001
      1009     2.8504960127E+001
      1010     2.8783054405E+001
      1011     2.9083457812E+001
      1012     2.8929843084E+001
      1013     2.9165190151E+001
      1014     2.9335757586E+001
      1015     2.8633860087E+001
      1016     2.9308973057E+001
      1017     2.8799693314E+001
      1018     2.9034705481E+001
      1019     2.8911287240E+001
      1020     2.9158352122E+001
      1021     2.8698403848E+001
      1022     2.9275690154E+001
      1023     2.8808797795E+001
      1024     2.8975230027E+001
      1025     2.9078699581E+001
      1026     2.8763229706E+001
      1027     2.8629377128E+001
      1028     2.9117599893E+001
      1029     2.8915546300E+001
      1030     2.8794996291E+001
      1031     2.8696196953E+001
      1032     2.8971494199E+001
      1033     2.8870468368E+001
      1034     2.8937631229E+001
      1035     2.8987413134E+001
      1036     2.9123160456E+001
      1037     2.9168910863E+001
      1038     2.9540447497E+001
      1039     2.9386533335E+001
      1040     2.9348656596E+001
      1041     2.9611829668E+001
      1042     2.9635758988E+001
      1043     2.9522563927E+001
      1044     2.9508445358E+001
      1045     2.9673301469E+001
      1046     2.9665348583E+001
      1047     2.9615714234E+001
      1048     2.9618675226E+001
      1049     2.9652014776E+001
      1050     2.9596590736E+001
      1051     2.9652130595E+001
      1052     2.9626325642E+001
      1053     2.9633645285E+001
      1054     2.9640935513E+001
      1055     2.9496054310E+001
      1056     2.9536673360E+001
      1057     2.9489504835E+001
      1058     2.9194054739E+001
      1059     2.9214762356E+001
      1060     2.8797525707E+001
      1061     2.8870098529E+001
      1062     2.8469932130E+001
      1063     2.8602523551E+001
      1064     2.8059310205E+001
      1065     2.8261751468E+001
      1066     2.7735084169E+001
      1067     2.7946034550E+001
      1068     2.7519212345E+001
      1069     2.7720743031E+001
     2.5920000000E+005          51840
         1     1.7250000000E+005
         2     1.7222000000E+005
         3     1.7167000000E+005
         4     1.7146000000E+005
         5     1.7097500000E+005
         6     1.7064500000E+005
         7     1.7028500000E+005
         8     1.6982000000E+005
         9     1.6970000000E+005
        10     1.6999500000E+005
        11     1.6906500000E+005
        12     1.6939500000E+005
        13     1.6977500000E+005
        14     1.6835500000E+005
        15     1.6879500000E+005
        16     1.6925500000E+005
        17     1.6781500000E+005
        18     1.6862000000E+005
        19     1.6737500000E+005
        20     1.8547500000E+005
        21     1.8393000000E+005
        22     1.6801500000E+005
        23     1.6699000000E+005
        24     1.8386000000E+005
        25     1.8183500000E+005
        26     1.6740000000E+005
        27     1.6655000000E+005
        28     1.8242500000E+005
        29     1.8084500000E+005
        30     1.6613000000E+005
        31     1.6733000000E+005
        32     1.8089500000E+005
        33     1.7996000000E+005
        34     1.6632000000E+005
        35     1.6751500000E+005
        36     1.7994500000E+005
        37     1.7886500000E+005
        38     1.6663500000E+005
        39     1.6755500000E+005
        40     1.7908500000E+005
        41     1.7937500000E+005
        42     1.7804500000E+005
        43     1.7584000000E+005
        44     1.6990000000E+005
        45     1.6674000000E+005
        46     1.6770500000E+005
        47     1.7834500000E+005
        48     1.7701000000E+005
        49     1.7513500000E+005
        50     1.7591000000E+005
        51     1.7021000000E+005
        52     1.6995000000E+005
        53     1.7046000000E+005
        54     1.6665500000E+005
        55     1.6725000000E+005
        56     1.6795000000E+005
        57     1.7630000000E+005
        58     1.7747500000E+005
        59     1.7418000000E+005
        60     1.7390500000E+005
        61     1.7520000000E+005
        62     1.7606000000E+005
        63     1.7007500000E+005
        64     1.7020000000E+005
        65     1.6641500000E+005
        66     1.6704500000E+005
        67     1.6758000000E+005
        68     1.6812500000E+005
        69     1.7504000000E+005
        70     1.7664000000E+005
        71     1.7404500000E+005
        72     1.7365000000E+005
        73     1.7574000000E+005
        74     1.7649000000E+005
        75     1.7752000000E+005
        76     1.7789500000E+005
        77     1.6985500000E+005
        78     1.6958000000E+005
        79     1.7047000000E+005
        80     1.6725000000E+005
        81     1.6675000000E+005
        82     1.6777500000E+005
        83     1.6854000000E+005
        84     1.7488000000E+005
        85     1.7392000000E+005
        86     1.7555000000E+005
        87     1.7303000000E+005
        88     1.7641000000E+005
        89     1.7661000000E+005
        90     1.6989500000E+005
        91     1.7022500000E+005
        92     1.6764500000E+005
        93     1.6717000000E+005
        94     1.6672000000E+005
        95     1.6818000000E+005
        96     1.6876000000E+005
        97     1.7369000000E+005
        98     1.7471500000E+005
        99     1.7280000000E+005
       100     1.7555000000E+005
       101     1.7547000000E+005
       102     1.6934500000E+005
       103     1.7069500000E+005
       104     1.6993500000E+005
       105     1.6583500000E+005
       106     1.6577500000E+005
       107     1.6792500000E+005
       108     1.6754000000E+005
       109     1.6727500000E+005
       110     1.6683000000E+005
       111     1.6842500000E+005
       112     1.6894500000E+005
       113     1.7295000000E+005
       114     1.7374500000E+005
       115     1.7280000000E+005
       116     1.7280000000E+005
       117     1.7354000000E+005
       118     1.7465500000E+005
       119     1.7467000000E+005
       120     1.7090500000E+005
       121     1.6947500000E+005
       122     1.7023000000E+005
       123     1.6990500000E+005
       124     1.6597500000E+005
       125     1.6618500000E+005
       126     1.6613500000E+005
       127     1.6669000000E+005
       128     1.6788000000E+005
       129     1.6743500000E+005
       130     1.6847000000E+005
       131     1.6907500000E+005
       132     1.7280000000E+005
       133     1.7301500000E+005
       134     1.7280000000E+005
       135     1.7287000000E+005
       136     1.7327500000E+005
       137     1.7391000000E+005
       138     1.7057500000E+005
       139     1.6962500000E+005
       140     1.7017000000E+005
       141     1.6652000000E+005
       142     1.6676000000E+005
       143     1.6642000000E+005
       144     1.6654000000E+005
       145     1.6724500000E+005
       146     1.6802000000E+005
       147     1.6930500000E+005
       148     1.6850500000E+005
       149     1.6885500000E+005
       150     1.6788500000E+005
       151     1.7280000000E+005
       152     1.7263500000E+005
       153     1.7280000000E+005
       154     1.7340500000E+005
       155     1.7053500000E+005
       156     1.7089500000E+005
       157     1.6948000000E+005
       158     1.6990000000E+005
       159     1.7041000000E+005
       160     1.6692000000E+005
       161     1.6723500000E+005
       162     1.6695500000E+005
       163     1.6760000000E+005
       164     1.6837000000E+005
       165     1.6896000000E+005
       166     1.6811000000E+005
       167     1.7280000000E+005
       168     1.7229000000E+005
       169     1.7125000000E+005
       170     1.7280000000E+005
       171     1.7280000000E+005
       172     1.7321000000E+005
       173     1.7083500000E+005
       174     1.6947500000E+005
       175     1.6990500000E+005
       176     1.7037000000E+005
       177     1.6743000000E+005
       178     1.6789000000E+005
       179     1.6870500000E+005
       180     1.6926000000E+005
       181     1.6843000000E+005
       182     1.6737000000E+005
       183     1.6740000000E+005
       184     1.6757000000E+005
       185     1.6735500000E+005
       186     1.6746000000E+005
       187     1.6960000000E+005
       188     1.7260000000E+005
       189     1.7277000000E+005
       190     1.7130500000E+005
       191     1.7205000000E+005
       192     1.7166000000E+005
       193     1.7280000000E+005
       194     1.7280000000E+005
       195     1.7280000000E+005
       196     1.7280000000E+005
       197     1.7280500000E+005
       198     1.7280000000E+005
       199     1.7084500000E+005
       200     1.7132500000E+005
       201     1.6989500000E+005
       202     1.7034500000E+005
       203     1.7074500000E+005
       204     1.6787500000E+005
       205     1.6824500000E+005
       206     1.6900500000E+005
       207     1.6861000000E+005
       208     1.6790000000E+005
       209     1.6805500000E+005
       210     1.6810500000E+005
       211     1.6807500000E+005
       212     1.6797500000E+005
       213     1.6806000000E+005
       214     1.6941500000E+005
       215     1.7010500000E+005
       216     1.6994000000E+005
       217     1.7235500000E+005
       218     1.7182000000E+005
       219     1.7280000000E+005
       220     1.7271000000E+005
       221     1.7280000000E+005
       222     1.7159500000E+005
       223     1.7113500000E+005
       224     1.7049500000E+005
       225     1.7095500000E+005
       226     1.6841500000E+005
       227     1.6892500000E+005
       228     1.6843500000E+005
       229     1.6937000000E+005
       230     1.6864000000E+005
       231     1.6915500000E+005
       232     1.6869500000E+005
       233     1.6961500000E+005
       234     1.6854000000E+005
       235     1.6869500000E+005
       236     1.6859500000E+005
       237     1.6852000000E+005
       238     1.7117000000E+005
       239     1.7091500000E+005
       240     1.7077000000E+005
       241     1.6984000000E+005
       242     1.7049000000E+005
       243     1.7027000000E+005
       244     1.7220000000E+005
       245     1.7280000000E+005
       246     1.7185000000E+005
       247     1.7138500000E+005
       248     1.7097500000E+005
       249     1.6895000000E+005
       250     1.6897500000E+005
       251     1.6990500000E+005
       252     1.6947500000E+005
       253     1.7073000000E+005
       254     1.7001500000E+005
       255     1.7066500000E+005
       256     1.7036000000E+005
       257     1.7054000000E+005
       258     1.6923500000E+005
       259     1.6922500000E+005
       260     1.6975500000E+005
       261     1.6902000000E+005
       262     1.6916500000E+005
       263     1.6907500000E+005
       264     1.7137500000E+005
       265     1.7117500000E+005
       266     1.7096000000E+005
       267     1.7036500000E+005
       268     1.7078500000E+005
       269     1.7234500000E+005
       270     1.7191000000E+005
       271     1.7152000000E+005
       272     1.7125000000E+005
       273     1.6950500000E+005
       274     1.6946500000E+005
       275     1.7048000000E+005
       276     1.6998000000E+005
       277     1.7090000000E+005
       278     1.7017000000E+005
       279     1.7075500000E+005
       280     1.7052000000E+005
       281     1.6969500000E+005
       282     1.6965000000E+005
       283     1.7013500000E+005
       284     1.6956500000E+005
       285     1.6963500000E+005
       286     1.7002000000E+005
       287     1.7162000000E+005
       288     1.7142000000E+005
       289     1.7120000000E+005
       290     1.7091500000E+005
       291     1.7135000000E+005
       292     1.7248000000E+005
       293     1.7207000000E+005
       294     1.7175000000E+005
       295     1.7280000000E+005
       296     1.7280000000E+005
       297     1.7105000000E+005
       298     1.7008500000E+005
       299     1.7059500000E+005
       300     1.7106000000E+005
       301     1.7053500000E+005
       302     1.7085000000E+005
       303     1.7009500000E+005
       304     1.7008500000E+005
       305     1.7052000000E+005
       306     1.7052000000E+005
       307     1.7015500000E+005
       308     1.7057500000E+005
       309     1.7192000000E+005
       310     1.7175500000E+005
       311     1.7158000000E+005
       312     1.7142000000E+005
       313     1.7148500000E+005
       314     1.7188000000E+005
       315     1.7260000000E+005
       316     1.7227000000E+005
       317     1.7280000000E+005
       318     1.7160500000E+005
       319     1.7121000000E+005
       320     1.7082000000E+005
       321     1.7120000000E+005
       322     1.7089500000E+005
       323     1.7052000000E+005
       324     1.7051500000E+005
       325     1.7091500000E+005
       326     1.7109500000E+005
       327     1.7101000000E+005
       328     1.7079500000E+005
       329     1.7213500000E+005
       330     1.7200500000E+005
       331     1.7185000000E+005
       332     1.7166500000E+005
       333     1.7203500000E+005
       334     1.7238000000E+005
       335     1.7280000000E+005
       336     1.7205500000E+005
       337     1.7178500000E+005
       338     1.7143000000E+005
       339     1.7133500000E+005
       340     1.7097500000E+005
       341     1.7131500000E+005
       342     1.7165000000E+005
       343     1.7150000000E+005
       344     1.7134000000E+005
       345     1.7126000000E+005
       346     1.7243500000E+005
       347     1.7235500000E+005
       348     1.7222500000E+005
       349     1.7213500000E+005
       350     1.7178500000E+005
       351     1.7280000000E+005
       352     1.7248000000E+005
       353     1.7256000000E+005
       354     1.7280000000E+005
       355     1.7280000000E+005
       356     1.7401000000E+005
       357     1.7393000000E+005
       358     1.7385000000E+005
       359     1.7229000000E+005
       360     1.7206000000E+005
       361     1.7182000000E+005
       362     1.7157500000E+005
       363     1.7205500000E+005
       364     1.7191500000E+005
       365     1.7177000000E+005
       366     1.7280000000E+005
       367     1.7278000000E+005
       368     1.7262500000E+005
       369     1.7226500000E+005
       370     1.7280000000E+005
       371     1.7280000000E+005
       372     1.7280000000E+005
       373     1.7362500000E+005
       374     1.7338000000E+005
       375     1.7316500000E+005
       376     1.7280000000E+005
       377     1.7282000000E+005
       378     1.7280000000E+005
       379     1.7280000000E+005
       380     1.7419500000E+005
       381     1.7438500000E+005
       382     1.7456500000E+005
       383     1.7476000000E+005
       384     1.7490500000E+005
       385     1.7412500000E+005
       386     1.7395500000E+005
       387     1.7377500000E+005
       388     1.7257500000E+005
       389     1.7250500000E+005
       390     1.7244000000E+005
       391     1.7216000000E+005
       392     1.7249000000E+005
       393     1.7239000000E+005
       394     1.7280000000E+005
       395     1.7280000000E+005
       396     1.7280000000E+005
       397     1.7280000000E+005
       398     1.7280000000E+005
       399     1.7280000000E+005
       400     1.7280000000E+005
       401     1.7354000000E+005
       402     1.7280000000E+005
       403     1.7322000000E+005
       404     1.7287000000E+005
       405     1.7280000000E+005
       406     1.7280000000E+005
       407     1.7435000000E+005
       408     1.7459000000E+005
       409     1.7482500000E+005
       410     1.7505000000E+005
       411     1.7520000000E+005
       412     1.7428000000E+005
       413     1.7405500000E+005
       414     1.7380000000E+005
       415     1.7280000000E+005
       416     1.7280000000E+005
       417     1.7280000000E+005
       418     1.7280000000E+005
       419     1.7280000000E+005
       420     1.7280000000E+005
       421     1.7280000000E+005
       422     1.7280000000E+005
       423     1.7280000000E+005
       424     1.7280000000E+005
       425     1.7280000000E+005
       426     1.7353500000E+005
       427     1.7296000000E+005
       428     1.7326000000E+005
       429     1.7280000000E+005
       430     1.7280000000E+005
       431     1.7546000000E+005
       432     1.7575000000E+005
       433     1.7591000000E+005
       434     1.7502000000E+005
       435     1.7453000000E+005
       436     1.7482000000E+005
       437     1.7528000000E+005
       438     1.7437000000E+005
       439     1.7408000000E+005
       440     1.7387000000E+005
       441     1.7280000000E+005
       442     1.7280000000E+005
       443     1.7280000000E+005
       444     1.7280000000E+005
       445     1.7280000000E+005
       446     1.7280000000E+005
       447     1.7280000000E+005
       448     1.7280000000E+005
       449     1.7302000000E+005
       450     1.7362500000E+005
       451     1.7335500000E+005
       452     1.7280000000E+005
       453     1.7280000000E+005
       454     1.7560500000E+005
       455     1.7592000000E+005
       456     1.7618000000E+005
       457     1.7637000000E+005
       458     1.7516500000E+005
       459     1.7470500000E+005
       460     1.7501000000E+005
       461     1.7549500000E+005
       462     1.7459500000E+005
       463     1.7426000000E+005
       464     1.7405000000E+005
       465     1.7280000000E+005
       466     1.7280000000E+005
       467     1.7280000000E+005
       468     1.7280000000E+005
       469     1.7280000000E+005
       470     1.7293500000E+005
       471     1.7300500000E+005
       472     1.7330000000E+005
       473     1.7354000000E+005
       474     1.7380500000E+005
       475     1.7286000000E+005
       476     1.7294500000E+005
       477     1.7587000000E+005
       478     1.7624500000E+005
       479     1.7661500000E+005
       480     1.7687500000E+005
       481     1.7742000000E+005
       482     1.7800000000E+005
       483     1.7873000000E+005
       484     1.7533500000E+005
       485     1.7501000000E+005
       486     1.7482000000E+005
       487     1.7573000000E+005
       488     1.7447500000E+005
       489     1.7422000000E+005
       490     1.7289500000E+005
       491     1.7280500000E+005
       492     1.7295500000E+005
       493     1.7311500000E+005
       494     1.7337500000E+005
       495     1.7344500000E+005
       496     1.7371500000E+005
       497     1.7398500000E+005
       498     1.7325500000E+005
       499     1.7347500000E+005
       500     1.7394000000E+005
       501     1.7908000000E+005
       502     1.7933500000E+005
       503     1.7665500000E+005
       504     1.7619500000E+005
       505     1.7716000000E+005
       506     1.7775500000E+005
       507     1.7836000000E+005
       508     1.7544500000E+005
       509     1.7520000000E+005
       510     1.7490000000E+005
       511     1.7588500000E+005
       512     1.7461500000E+005
       513     1.7437500000E+005
       514     1.7341000000E+005
       515     1.7332000000E+005
       516     1.7344000000E+005
       517     1.7363500000E+005
       518     1.7381000000E+005
       519     1.7384000000E+005
       520     1.7416000000E+005
       521     1.7373500000E+005
       522     1.7411000000E+005
       523     1.7871500000E+005
       524     1.7982500000E+005
       525     1.7912000000E+005
       526     1.7708500000E+005
       527     1.7667000000E+005
       528     1.7633000000E+005
       529     1.7762500000E+005
       530     1.7816000000E+005
       531     1.7563500000E+005
       532     1.7535000000E+005
       533     1.7503500000E+005
       534     1.7609000000E+005
       535     1.7522500000E+005
       536     1.7483500000E+005
       537     1.7460000000E+005
       538     1.7382000000E+005
       539     1.7384500000E+005
       540     1.7395000000E+005
       541     1.7413000000E+005
       542     1.7426500000E+005
       543     1.7458000000E+005
       544     1.7414000000E+005
       545     1.7441000000E+005
       546     1.7857500000E+005
       547     1.8015500000E+005
       548     1.7953000000E+005
       549     1.7899000000E+005
       550     1.7717500000E+005
       551     1.7762000000E+005
       552     1.7680500000E+005
       553     1.7656000000E+005
       554     1.7810500000E+005
       555     1.7581500000E+005
       556     1.7550500000E+005
       557     1.7628500000E+005
       558     1.7526500000E+005
       559     1.7562500000E+005
       560     1.7505500000E+005
       561     1.7429500000E+005
       562     1.7435500000E+005
       563     1.7445000000E+005
       564     1.7461500000E+005
       565     1.7482000000E+005
       566     1.7460000000E+005
       567     1.7480500000E+005
       568     1.8050500000E+005
       569     1.8081500000E+005
       570     1.8107500000E+005
       571     1.7855000000E+005
       572     1.7990000000E+005
       573     1.7939500000E+005
       574     1.7897000000E+005
       575     1.7730500000E+005
       576     1.7777500000E+005
       577     1.7706000000E+005
       578     1.7678000000E+005
       579     1.7814000000E+005
       580     1.7599500000E+005
       581     1.7649000000E+005
       582     1.7561500000E+005
       583     1.7606000000E+005
       584     1.7530500000E+005
       585     1.7479000000E+005
       586     1.7486000000E+005
       587     1.7495500000E+005
       588     1.7513000000E+005
       589     1.7508000000E+005
       590     1.7541000000E+005
       591     1.8135000000E+005
       592     1.8025500000E+005
       593     1.8058000000E+005
       594     1.8089500000E+005
       595     1.7856500000E+005
       596     1.7977500000E+005
       597     1.7937500000E+005
       598     1.7897500000E+005
       599     1.7696500000E+005
       600     1.7761000000E+005
       601     1.7730500000E+005
       602     1.7807000000E+005
       603     1.7648000000E+005
       604     1.7689000000E+005
       605     1.7576500000E+005
       606     1.7614500000E+005
       607     1.7657500000E+005
       608     1.7563000000E+005
       609     1.7530000000E+005
       610     1.7537500000E+005
       611     1.7546500000E+005
       612     1.7561000000E+005
       613     1.7597000000E+005
       614     1.8166500000E+005
       615     1.8194500000E+005
       616     1.8219500000E+005
       617     1.8236500000E+005
       618     1.8254500000E+005
       619     1.8123500000E+005
       620     1.8014000000E+005
       621     1.8049500000E+005
       622     1.8086000000E+005
       623     1.7842500000E+005
       624     1.7976500000E+005
       625     1.7938500000E+005
       626     1.7886500000E+005
       627     1.7735000000E+005
       628     1.7781500000E+005
       629     1.7707500000E+005
       630     1.7616000000E+005
       631     1.7659500000E+005
       632     1.7696500000E+005
       633     1.7595500000E+005
       634     1.7582500000E+005
       635     1.7589000000E+005
       636     1.7613000000E+005
       637     1.7655500000E+005
       638     1.8156000000E+005
       639     1.8184000000E+005
       640     1.8209000000E+005
       641     1.8258500000E+005
       642     1.8225000000E+005
       643     1.8122500000E+005
       644     1.8015000000E+005
       645     1.8053000000E+005
       646     1.8090000000E+005
       647     1.7834000000E+005
       648     1.7979500000E+005
       649     1.7930000000E+005
       650     1.7880000000E+005
       651     1.7761000000E+005
       652     1.7807500000E+005
       653     1.7740500000E+005
       654     1.7639500000E+005
       655     1.7673000000E+005
       656     1.7716000000E+005
       657     1.7637500000E+005
       658     1.7640000000E+005
       659     1.7661500000E+005
       660     1.7703000000E+005
       661     1.8154000000E+005
       662     1.8186000000E+005
       663     1.8272500000E+005
       664     1.8237500000E+005
       665     1.8276000000E+005
       666     1.8287000000E+005
       667     1.8301500000E+005
       668     1.8303000000E+005
       669     1.8201000000E+005
       670     1.8119500000E+005
       671     1.8020000000E+005
       672     1.8065000000E+005
       673     1.7859500000E+005
       674     1.7968000000E+005
       675     1.7914500000E+005
       676     1.7789000000E+005
       677     1.7839000000E+005
       678     1.7767500000E+005
       679     1.7679500000E+005
       680     1.7715000000E+005
       681     1.7754500000E+005
       682     1.7688500000E+005
       683     1.7786500000E+005
       684     1.7824500000E+005
       685     1.7706000000E+005
       686     1.7748000000E+005
       687     1.8155500000E+005
       688     1.8314500000E+005
       689     1.8324500000E+005
       690     1.8330500000E+005
       691     1.8250000000E+005
       692     1.8218000000E+005
       693     1.8262000000E+005
       694     1.8278000000E+005
       695     1.8290000000E+005
       696     1.8179500000E+005
       697     1.8104500000E+005
       698     1.8007500000E+005
       699     1.8050500000E+005
       700     1.7892500000E+005
       701     1.7949000000E+005
       702     1.7818000000E+005
       703     1.7869000000E+005
       704     1.7803500000E+005
       705     1.7795000000E+005
       706     1.7724000000E+005
       707     1.7759500000E+005
       708     1.7743000000E+005
       709     1.7794500000E+005
       710     1.7759000000E+005
       711     1.7830500000E+005
       712     1.8137000000E+005
       713     1.8362000000E+005
       714     1.8340500000E+005
       715     1.8348500000E+005
       716     1.8354500000E+005
       717     1.8358000000E+005
       718     1.8298000000E+005
       719     1.8323000000E+005
       720     1.8310500000E+005
       721     1.8233500000E+005
       722     1.8199500000E+005
       723     1.8250500000E+005
       724     1.8269000000E+005
       725     1.8162500000E+005
       726     1.8089500000E+005
       727     1.7997000000E+005
       728     1.8040000000E+005
       729     1.7920000000E+005
       730     1.7964500000E+005
       731     1.7854000000E+005
       732     1.7900500000E+005
       733     1.7844500000E+005
       734     1.7817000000E+005
       735     1.7780500000E+005
       736     1.7795500000E+005
       737     1.8122000000E+005
       738     1.8350500000E+005
       739     1.8334000000E+005
       740     1.8342000000E+005
       741     1.8310500000E+005
       742     1.8284000000E+005
       743     1.8300000000E+005
       744     1.8219000000E+005
       745     1.8186500000E+005
       746     1.8238500000E+005
       747     1.8259500000E+005
       748     1.8151500000E+005
       749     1.8073000000E+005
       750     1.8011500000E+005
       751     1.7952000000E+005
       752     1.7900000000E+005
       753     1.7871000000E+005
       754     1.7842500000E+005
       755     1.8110500000E+005
       756     1.8338500000E+005
       757     1.8356000000E+005
       758     1.8322000000E+005
       759     1.8177500000E+005
       760     1.8298500000E+005
       761     1.8273500000E+005
       762     1.8207500000E+005
       763     1.8235500000E+005
       764     1.8147000000E+005
       765     1.8057000000E+005
       766     1.8001500000E+005
       767     1.7954500000E+005
       768     1.7921000000E+005
       769     1.7899000000E+005
       770     1.8100000000E+005
       771     1.8326500000E+005
       772     1.8343500000E+005
       773     1.8346000000E+005
       774     1.8365500000E+005
       775     1.8306000000E+005
       776     1.8181500000E+005
       777     1.8274000000E+005
       778     1.8240500000E+005
       779     1.8207500000E+005
       780     1.8141500000E+005
       781     1.8046000000E+005
       782     1.8000500000E+005
       783     1.7968000000E+005
       784     1.7949000000E+005
       785     1.7996500000E+005
       786     1.8090500000E+005
       787     1.8319000000E+005
       788     1.8336000000E+005
       789     1.8376000000E+005
       790     1.8360500000E+005
       791     1.8284000000E+005
       792     1.8177000000E+005
       793     1.8243500000E+005
       794     1.8208000000E+005
       795     1.8135000000E+005
       796     1.8042500000E+005
       797     1.8008000000E+005
       798     1.7973500000E+005
       799     1.7975500000E+005
       800     1.8044500000E+005
       801     1.8089500000E+005
       802     1.8400500000E+005
       803     1.8388500000E+005
       804     1.8294500000E+005
       805     1.8322000000E+005
       806     1.8252000000E+005
       807     1.8173000000E+005
       808     1.8209000000E+005
       809     1.8135000000E+005
       810     1.8053500000E+005
       811     1.8031500000E+005
       812     1.8097500000E+005
       813     1.8421000000E+005
       814     1.8409000000E+005
       815     1.8258000000E+005
       816     1.8287000000E+005
       817     1.8221500000E+005
       818     1.8284500000E+005
       819     1.8288500000E+005
       820     1.8176000000E+005
       821     1.8133000000E+005
       822     1.8082000000E+005
       823     1.8466500000E+005
       824     1.8423500000E+005
       825     1.8331000000E+005
       826     1.8246500000E+005
       827     1.8208000000E+005
       828     1.8258000000E+005
       829     1.8288000000E+005
       830     1.8172000000E+005
       831     1.8119500000E+005
       832     1.8488500000E+005
       833     1.8863500000E+005
       834     1.8419500000E+005
       835     1.8349000000E+005
       836     1.8310000000E+005
       837     1.8219500000E+005
       838     1.8261000000E+005
       839     1.8176000000E+005
       840     1.8500000000E+005
       841     1.8827500000E+005
       842     1.8802500000E+005
       843     1.8405500000E+005
       844     1.8450500000E+005
       845     1.8370000000E+005
       846     1.8323500000E+005
       847     1.8282000000E+005
       848     1.8228500000E+005
       849     1.8494500000E+005
       850     1.8788000000E+005
       851     1.8762000000E+005
       852     1.8378500000E+005
       853     1.8409500000E+005
       854     1.8451500000E+005
       855     1.8330000000E+005
       856     1.8267000000E+005
       857     1.8497000000E+005
       858     1.8540500000E+005
       859     1.8752000000E+005
       860     1.8706500000E+005
       861     1.8455500000E+005
       862     1.8360000000E+005
       863     1.8404000000E+005
       864     1.8304500000E+005
       865     1.8504500000E+005
       866     1.8539500000E+005
       867     1.8581000000E+005
       868     1.8637000000E+005
       869     1.8694500000E+005
       870     1.8658000000E+005
       871     1.8503000000E+005
       872     1.7834500000E+005
       873     1.7831500000E+005
       874     1.8459500000E+005
       875     1.8408000000E+005
       876     1.8349500000E+005
       877     1.8559000000E+005
       878     1.8611500000E+005
       879     1.8518500000E+005
       880     1.8478500000E+005
       881     1.8816500000E+005
       882     1.8814000000E+005
       883     1.7896000000E+005
       884     1.7888000000E+005
       885     1.8426500000E+005
       886     1.8364000000E+005
       887     1.8551000000E+005
       888     1.8486000000E+005
       889     1.8763000000E+005
       890     1.8745500000E+005
       891     1.8569500000E+005
       892     1.8600000000E+005
       893     1.7960500000E+005
       894     1.7954000000E+005
       895     1.8425000000E+005
       896     1.8377500000E+005
       897     1.8518500000E+005
       898     1.8467500000E+005
       899     1.8664000000E+005
       900     1.8715500000E+005
       901     1.8688000000E+005
       902     1.8970500000E+005
       903     1.8547000000E+005
       904     1.8595500000E+005
       905     1.8020000000E+005
       906     1.8058000000E+005
       907     1.8033500000E+005
       908     1.8017000000E+005
       909     1.8416500000E+005
       910     1.8362500000E+005
       911     1.8498500000E+005
       912     1.8448000000E+005
       913     1.8655000000E+005
       914     1.8922500000E+005
       915     1.8928500000E+005
       916     1.8600000000E+005
       917     1.8540000000E+005
       918     1.8335000000E+005
       919     1.8080500000E+005
       920     1.8097500000E+005
       921     1.8080500000E+005
       922     1.8388000000E+005
       923     1.8426000000E+005
       924     1.8483500000E+005
       925     1.8664000000E+005
       926     1.8854500000E+005
       927     1.8869000000E+005
       928     1.8611000000E+005
       929     1.8547000000E+005
       930     1.8341500000E+005
       931     1.8300500000E+005
       932     1.8249500000E+005
       933     1.8139000000E+005
       934     1.8138000000E+005
       935     1.8199500000E+005
       936     1.8375000000E+005
       937     1.8435000000E+005
       938     1.8497500000E+005
       939     1.8627500000E+005
       940     1.8680500000E+005
       941     1.8806500000E+005
       942     1.8791000000E+005
       943     1.8559000000E+005
       944     1.8302500000E+005
       945     1.8242000000E+005
       946     1.8201000000E+005
       947     1.8277000000E+005
       948     1.8366000000E+005
       949     1.8414500000E+005
       950     1.8463500000E+005
       951     1.8509000000E+005
       952     1.8586000000E+005
       953     1.8642000000E+005
       954     1.8697500000E+005
       955     1.8752000000E+005
       956     1.8740500000E+005
       957     1.8534500000E+005
       958     1.8317000000E+005
       959     1.8259500000E+005
       960     1.8373000000E+005
       961     1.8433500000E+005
       962     1.8486500000E+005
       963     1.8561500000E+005
       964     1.8609500000E+005
       965     1.8675500000E+005
       966     1.8516500000E+005
       967     1.8315500000E+005
       968     1.8390000000E+005
       969     1.8458000000E+005
       970     1.8568500000E+005
       971     1.8631500000E+005
       972     1.8506000000E+005
       973     1.8800000000E+005
       974     1.8342000000E+005
       975     1.8404500000E+005
       976     1.8459500000E+005
       977     1.8549500000E+005
       978     1.8724500000E+005
       979     1.8614500000E+005
       980     1.8497500000E+005
       981     1.8699500000E+005
       982     1.8349000000E+005
       983     1.9610000000E+005
       984     1.8418000000E+005
       985     1.8465500000E+005
       986     1.8560500000E+005
       987     1.8648500000E+005
       988     1.8625500000E+005
       989     1.8506500000E+005
       990     1.8622500000E+005
       991     1.8357500000E+005
       992     1.9547500000E+005
       993     1.9543000000E+005
       994     1.8425500000E+005
       995     1.8570500000E+005
       996     1.8492500000E+005
       997     1.8600000000E+005
       998     1.8361000000E+005
       999     1.9387000000E+005
      1000     1.9440000000E+005
      1001     1.8670000000E+005
      1002     1.8438000000E+005
      1003     1.8528000000E+005
      1004     1.8569000000E+005
      1005     1.8419000000E+005
      1006     1.8359000000E+005
      1007     1.8780500000E+005
      1008     1.8953500000E+005
      1009     1.8954500000E+005
      1010     1.8648500000E+005
      1011     1.8493000000E+005
      1012     1.8562500000E+005
      1013     1.8435500000E+005
      1014     1.8357000000E+005
      1015     1.8766000000E+005
      1016     1.8347000000E+005
      1017     1.8651000000E+005
      1018     1.8503500000E+005
      1019     1.8582000000E+005
      1020     1.8432500000E+005
      1021     1.8737500000E+005
      1022     1.8364500000E+005
      1023     1.8677000000E+005
      1024     1.8550000000E+005
      1025     1.8491000000E+005
      1026     1.8787000000E+005
      1027     1.8894500000E+005
      1028     1.8481500000E+005
      1029     1.8638500000E+005
      1030     1.8873500000E+005
      1031     1.9103500000E+005
      1032     1.8651000000E+005
      1033     1.8881000000E+005
      1034     1.9370000000E+005
      1035     1.8820500000E+005
      1036     1.9307500000E+005
      1037     1.9149500000E+005
      1038     1.9131500000E+005
      1039     1.9139000000E+005
      1040     1.9313500000E+005
      1041     1.9232000000E+005
      1042     1.9161500000E+005
      1043     1.9247000000E+005
      1044     1.9327000000E+005
      1045     1.9199500000E+005
      1046     1.9241500000E+005
      1047     1.9336000000E+005
      1048     1.9309000000E+005
      1049     1.9293000000E+005
      1050     1.9378000000E+005
      1051     1.9338000000E+005
      1052     1.9389000000E+005
      1053     1.9398500000E+005
      1054     1.9411500000E+005
      1055     1.9483500000E+005
      1056     1.9467000000E+005
      1057     1.9487500000E+005
      1058     1.9514000000E+005
      1059     1.9531500000E+005
      1060     1.9584000000E+005
      1061     1.9584500000E+005
      1062     1.9652000000E+005
      1063     1.9627000000E+005
      1064     1.9734500000E+005
      1065     1.9698000000E+005
      1066     1.9793000000E+005
      1067     1.9766000000E+005
      1068     1.9844500000E+005
      1069     1.9816500000E+005
