  nc_newport_river_core_cr4_bath    v31.06 iterative         Albemarle-Pamlico Estuar
          1       1069  0.1000000E+001        1     1 FileFmtVersion:    1050624
     2.5920000000E+005          51840
         1     2.4989187717E+000
         2     3.6281206608E+000
         3     3.2863538265E+000
         4     3.9062440395E+000
         5     3.3073611259E+000
         6     3.7431304455E+000
         7     3.2964713573E+000
         8     4.0191555023E+000
         9     4.0680437088E+000
        10     2.9279353619E+000
        11     4.2494025230E+000
        12     4.0590720177E+000
        13     3.1055510044E+000
        14     4.2245011330E+000
        15     4.4309339523E+000
        16     3.3534667492E+000
        17     3.7868356705E+000
        18     3.4036512375E+000
        19     3.7084264755E+000
        20     2.7868785858E+000
        21     3.8548979759E+000
        22     3.3514316082E+000
        23     3.1572937965E+000
        24     2.8134896755E+000
        25     4.1530370712E+000
        26     3.2826387882E+000
        27     3.0362305641E+000
        28     2.4871289730E+000
        29     4.1244864464E+000
        30     4.1098394394E+000
        31     3.2044694424E+000
        32     3.8963048458E+000
        33     4.2265396118E+000
        34     3.9369671345E+000
        35     3.5106103420E+000
        36     3.8974950314E+000
        37     4.3230500221E+000
        38     3.5520660877E+000
        39     3.2910096645E+000
        40     3.5022919178E+000
        41     2.3486099243E+000
        42     3.7781119347E+000
        43     3.6564676762E+000
        44     3.7558119297E+000
        45     4.1820864677E+000
        46     3.7170503139E+000
        47     3.7021107674E+000
        48     4.1782913208E+000
        49     2.5804295540E+000
        50     3.3080863953E+000
        51     4.0772886276E+000
        52     4.0701284409E+000
        53     3.7882759571E+000
        54     3.0897111893E+000
        55     4.8132357597E+000
        56     3.1828827858E+000
        57     4.4030818939E+000
        58     3.3954086304E+000
        59     3.6969165802E+000
        60     3.4517352581E+000
        61     3.0679769516E+000
        62     2.8278281689E+000
        63     4.5061717033E+000
        64     3.4973063469E+000
        65     3.9026341438E+000
        66     4.7975769043E+000
        67     4.7880864143E+000
        68     2.9829745293E+000
        69     4.2580685616E+000
        70     3.9617204666E+000
        71     3.6925365925E+000
        72     4.0977506638E+000
        73     3.1609420776E+000
        74     4.0667757988E+000
        75     3.9530255795E+000
        76     4.0547013283E+000
        77     3.5611274242E+000
        78     3.3479297161E+000
        79     4.1234602928E+000
        80     4.8583874702E+000
        81     2.3748767376E+000
        82     4.8176708221E+000
        83     3.8828136921E+000
        84     4.4958605766E+000
        85     4.7379078865E+000
        86     3.6973545551E+000
        87     3.4941222668E+000
        88     3.3707804680E+000
        89     3.0613873005E+000
        90     3.0580716133E+000
        91     3.7553510666E+000
        92     5.0315818787E+000
        93     4.5180878639E+000
        94     3.3771672249E+000
        95     4.5995841026E+000
        96     3.3431658745E+000
        97     4.6984872818E+000
        98     3.8389990330E+000
        99     3.3530838490E+000
       100     1.9855573177E+000
       101     3.3431959152E+000
       102     3.3634796143E+000
       103     3.5684130192E+000
       104     2.4462301731E+000
       105     3.3701152802E+000
       106     3.4475526810E+000
       107     4.8098740578E+000
       108     4.7800292969E+000
       109     4.3367695808E+000
       110     3.0996012688E+000
       111     4.6838130951E+000
       112     4.8913493156E+000
       113     4.5672569275E+000
       114     3.6938257217E+000
       115     3.6872003078E+000
       116     3.6635670662E+000
       117     3.6392605305E+000
       118     2.1978831291E+000
       119     4.1106386185E+000
       120     3.8912899494E+000
       121     4.6874628067E+000
       122     3.3779430389E+000
       123     3.1044311523E+000
       124     2.5198664665E+000
       125     3.0032451153E+000
       126     2.9170060158E+000
       127     3.2503983974E+000
       128     4.3379464149E+000
       129     3.2783653736E+000
       130     4.7903156281E+000
       131     4.6765356064E+000
       132     4.5297560692E+000
       133     3.3083798885E+000
       134     3.0404341221E+000
       135     3.8988540173E+000
       136     4.2614536285E+000
       137     3.5471532345E+000
       138     3.4179863930E+000
       139     4.6714181900E+000
       140     4.0591840744E+000
       141     3.2620205879E+000
       142     3.4657449722E+000
       143     2.9484250546E+000
       144     3.1806902885E+000
       145     3.0108580589E+000
       146     2.5714235306E+000
       147     4.7188172340E+000
       148     4.1305208206E+000
       149     4.7728099823E+000
       150     2.5882346630E+000
       151     4.5187921524E+000
       152     2.9235219955E+000
       153     4.3619031906E+000
       154     3.7675118446E+000
       155     2.9981942177E+000
       156     3.4451882839E+000
       157     4.7961349487E+000
       158     4.3535757065E+000
       159     3.4806368351E+000
       160     3.9606163502E+000
       161     4.1784830093E+000
       162     3.3934891224E+000
       163     2.9497871399E+000
       164     3.9214529991E+000
       165     4.9790539742E+000
       166     3.3136665821E+000
       167     4.1864423752E+000
       168     3.0352370739E+000
       169     3.1362342834E+000
       170     4.1108951569E+000
       171     3.5414588451E+000
       172     2.7718067169E+000
       173     3.7803757191E+000
       174     4.7625155449E+000
       175     4.1369671822E+000
       176     2.5209882259E+000
       177     2.3001134396E+000
       178     4.0690541267E+000
       179     4.8437762260E+000
       180     4.8736157417E+000
       181     4.6022462845E+000
       182     2.7070605755E+000
       183     1.7991738319E+000
       184     2.0281550884E+000
       185     3.0157823563E+000
       186     2.8995640278E+000
       187     3.7189431190E+000
       188     3.9099407196E+000
       189     4.2015872002E+000
       190     4.2350530624E+000
       191     2.7517580986E+000
       192     3.2162210941E+000
       193     2.9926793575E+000
       194     3.6948819160E+000
       195     4.1460633278E+000
       196     2.9130923748E+000
       197     2.7477090359E+000
       198     3.3166036606E+000
       199     4.2608222961E+000
       200     4.5741086006E+000
       201     2.9807312489E+000
       202     3.6788151264E+000
       203     4.5808835030E+000
       204     4.4780793190E+000
       205     4.5394735336E+000
       206     4.9849047661E+000
       207     4.8655214310E+000
       208     4.6526145935E+000
       209     1.9693884850E+000
       210     2.3979392052E+000
       211     4.0988454819E+000
       212     4.4855470657E+000
       213     4.3706402779E+000
       214     4.0375175476E+000
       215     3.6663029194E+000
       216     3.6410129070E+000
       217     4.0080089569E+000
       218     3.8856265545E+000
       219     2.7453374863E+000
       220     4.2129340172E+000
       221     3.1778721809E+000
       222     4.3088283539E+000
       223     4.5118570328E+000
       224     4.5251836777E+000
       225     4.5372571945E+000
       226     4.8213520050E+000
       227     4.8286647797E+000
       228     4.7119359970E+000
       229     3.9453589916E+000
       230     2.0429594517E+000
       231     1.9944380522E+000
       232     2.6430757046E+000
       233     2.2300684452E+000
       234     4.4518251419E+000
       235     3.5040657520E+000
       236     4.2151803970E+000
       237     4.5338029861E+000
       238     3.0016751289E+000
       239     2.3189711571E+000
       240     2.1653480530E+000
       241     4.0532016754E+000
       242     4.5735664368E+000
       243     4.2735800743E+000
       244     4.1381297112E+000
       245     3.2765662670E+000
       246     3.7850832939E+000
       247     4.0442438126E+000
       248     4.4299216270E+000
       249     4.7127690315E+000
       250     4.5977287292E+000
       251     4.2919669151E+000
       252     3.8205921650E+000
       253     2.4799430370E+000
       254     2.1719965935E+000
       255     1.4307653904E+000
       256     2.1640133858E+000
       257     1.3669006824E+000
       258     2.5031473637E+000
       259     3.6580655575E+000
       260     2.4719817638E+000
       261     4.6151423454E+000
       262     3.9869570732E+000
       263     4.5721154213E+000
       264     1.7094056606E+000
       265     3.2294490337E+000
       266     1.8668609858E+000
       267     4.4726324081E+000
       268     4.5126295090E+000
       269     2.8126475811E+000
       270     2.8941624165E+000
       271     3.2954971790E+000
       272     3.7419433594E+000
       273     4.3216695786E+000
       274     4.3006525040E+000
       275     4.3563637733E+000
       276     4.2375378609E+000
       277     1.4410502911E+000
       278     1.9988576174E+000
       279     1.7229405642E+000
       280     1.8447284698E+000
       281     2.8930821419E+000
       282     3.7808463573E+000
       283     2.2961859703E+000
       284     4.5842585564E+000
       285     4.4298057556E+000
       286     4.5185079575E+000
       287     2.3006975651E+000
       288     2.6761748791E+000
       289     2.3466274738E+000
       290     4.2490882874E+000
       291     3.3341112137E+000
       292     2.9559829235E+000
       293     3.0124728680E+000
       294     3.2582411766E+000
       295     3.1608691216E+000
       296     3.1658313274E+000
       297     3.7614879608E+000
       298     4.3571820259E+000
       299     4.2510390282E+000
       300     1.4956737757E+000
       301     1.8492752314E+000
       302     1.4153293371E+000
       303     3.3676059246E+000
       304     3.6871664524E+000
       305     2.4676525593E+000
       306     4.3670797348E+000
       307     4.3932719231E+000
       308     4.4295487404E+000
       309     1.9650559425E+000
       310     1.8472148180E+000
       311     1.6271189451E+000
       312     2.2869629860E+000
       313     3.7454636097E+000
       314     3.6222956181E+000
       315     3.1749215126E+000
       316     3.2374222279E+000
       317     3.0253317356E+000
       318     3.8737168312E+000
       319     3.3608896732E+000
       320     4.2836594582E+000
       321     1.5599187613E+000
       322     1.4929691553E+000
       323     3.5273227692E+000
       324     3.1603763103E+000
       325     2.3525130749E+000
       326     4.2445859909E+000
       327     4.3386974335E+000
       328     3.4985480309E+000
       329     1.9485859871E+000
       330     1.7920352221E+000
       331     2.1200709343E+000
       332     1.3883206844E+000
       333     3.0039136410E+000
       334     1.9651405811E+000
       335     2.2784378529E+000
       336     3.7313053608E+000
       337     3.7960166931E+000
       338     3.7043876648E+000
       339     1.9535912275E+000
       340     1.9673727751E+000
       341     3.0780305862E+000
       342     4.0564837456E+000
       343     4.2466349602E+000
       344     4.0723900795E+000
       345     3.4402050972E+000
       346     1.3695387840E+000
       347     1.5797344446E+000
       348     1.8584431410E+000
       349     2.7282733917E+000
       350     2.8602933884E+000
       351     2.0589370728E+000
       352     3.5119235516E+000
       353     2.8933210373E+000
       354     2.5880143642E+000
       355     3.1547653675E+000
       356     1.9465632439E+000
       357     1.6877418756E+000
       358     1.3468022346E+000
       359     3.1738729477E+000
       360     3.8464131355E+000
       361     3.9852564335E+000
       362     3.2244415283E+000
       363     4.0830516815E+000
       364     4.0764651299E+000
       365     3.7216737270E+000
       366     1.4208829403E+000
       367     2.1118657589E+000
       368     3.1646652222E+000
       369     3.7912456989E+000
       370     1.5611629486E+000
       371     2.3514866829E+000
       372     1.8058866262E+000
       373     1.7426776886E+000
       374     1.4282088280E+000
       375     1.6088774204E+000
       376     2.0868906975E+000
       377     1.6428462267E+000
       378     3.1557638645E+000
       379     2.4366714954E+000
       380     2.2666811943E+000
       381     1.0214828253E+000
       382     1.5331850052E+000
       383     1.8591505289E+000
       384     2.1653738022E+000
       385     1.6824603081E+000
       386     2.4435820580E+000
       387     1.3054932356E+000
       388     2.8489160538E+000
       389     3.5243511200E+000
       390     4.3032317162E+000
       391     3.9254586697E+000
       392     3.6442286968E+000
       393     3.5151426792E+000
       394     3.2081465721E+000
       395     3.6433446407E+000
       396     4.1365814209E+000
       397     4.4753327370E+000
       398     2.7913856506E+000
       399     3.4054441452E+000
       400     3.1764817238E+000
       401     1.5341826677E+000
       402     2.8176274300E+000
       403     1.9682402611E+000
       404     2.6369771957E+000
       405     2.7141592503E+000
       406     3.2558422089E+000
       407     1.8463451862E+000
       408     2.1118419170E+000
       409     1.9506355524E+000
       410     2.1685764790E+000
       411     1.8900992870E+000
       412     1.4384125471E+000
       413     1.7036049366E+000
       414     2.1231725216E+000
       415     2.9695386887E+000
       416     3.0558187962E+000
       417     4.2652626038E+000
       418     3.9352533817E+000
       419     4.4378867149E+000
       420     3.8100733757E+000
       421     3.9336111546E+000
       422     4.4507074356E+000
       423     3.6484777927E+000
       424     3.8936848640E+000
       425     3.7648632526E+000
       426     2.7678756714E+000
       427     4.0192990303E+000
       428     3.3473312855E+000
       429     2.5599987507E+000
       430     2.1241850853E+000
       431     1.7650462389E+000
       432     1.5931075811E+000
       433     1.5270717144E+000
       434     1.8531787395E+000
       435     1.7246875763E+000
       436     1.8827351332E+000
       437     2.1750555038E+000
       438     2.7571241856E+000
       439     3.2565636635E+000
       440     3.8912897110E+000
       441     2.7973961830E+000
       442     3.5157842636E+000
       443     4.4025316238E+000
       444     4.5544590950E+000
       445     4.0664281845E+000
       446     4.4850635529E+000
       447     4.0246815681E+000
       448     4.1557564735E+000
       449     3.9073734283E+000
       450     4.1342606544E+000
       451     4.4174370766E+000
       452     2.8163459301E+000
       453     2.9767792225E+000
       454     2.1902449131E+000
       455     2.2489097118E+000
       456     2.3534309864E+000
       457     2.1065971851E+000
       458     1.9474152327E+000
       459     3.3153498173E+000
       460     2.5828757286E+000
       461     2.2197947502E+000
       462     4.0383386612E+000
       463     4.0789103508E+000
       464     4.2820005417E+000
       465     3.0204877853E+000
       466     3.7982048988E+000
       467     4.3603253365E+000
       468     4.4559664726E+000
       469     4.1564083099E+000
       470     4.1961317062E+000
       471     4.2305774689E+000
       472     4.0588960648E+000
       473     4.6465053558E+000
       474     4.3755164146E+000
       475     2.7091984749E+000
       476     1.6441076994E+000
       477     2.5320789814E+000
       478     2.2751913071E+000
       479     2.6022119522E+000
       480     1.9910577536E+000
       481     1.9815605879E+000
       482     2.4072897434E+000
       483     2.7822527885E+000
       484     3.0149762630E+000
       485     3.7125315666E+000
       486     4.1851296425E+000
       487     2.2714538574E+000
       488     4.3145036697E+000
       489     4.5210299492E+000
       490     3.6205646992E+000
       491     4.2869682312E+000
       492     4.3471913338E+000
       493     4.4370522499E+000
       494     4.2438116074E+000
       495     4.2082757950E+000
       496     4.1270976067E+000
       497     3.9479570389E+000
       498     2.6033990383E+000
       499     2.4398567677E+000
       500     2.8507916927E+000
       501     2.3536770344E+000
       502     2.2148246765E+000
       503     2.7072272301E+000
       504     2.2460794449E+000
       505     3.1047062874E+000
       506     2.9246156216E+000
       507     2.7762978077E+000
       508     3.6407976151E+000
       509     4.2461743355E+000
       510     4.4145498276E+000
       511     3.2997682095E+000
       512     4.6492586136E+000
       513     4.8983082771E+000
       514     3.3315808773E+000
       515     4.2018866539E+000
       516     4.2183570862E+000
       517     4.2390069962E+000
       518     4.2398862839E+000
       519     4.1074376106E+000
       520     4.1921167374E+000
       521     2.6048827171E+000
       522     1.8317385912E+000
       523     2.7236037254E+000
       524     2.3657157421E+000
       525     2.5692660809E+000
       526     2.9035050869E+000
       527     3.3410296440E+000
       528     3.8306703568E+000
       529     2.7424557209E+000
       530     2.8432376385E+000
       531     4.2346730232E+000
       532     4.4980654716E+000
       533     4.8010721207E+000
       534     4.3793835640E+000
       535     4.9842429161E+000
       536     5.0146861076E+000
       537     5.0109076500E+000
       538     2.2119390965E+000
       539     3.6711368561E+000
       540     3.9493696690E+000
       541     4.7329607010E+000
       542     4.1100001335E+000
       543     5.0379900932E+000
       544     2.5493278503E+000
       545     2.2351024151E+000
       546     2.6814980507E+000
       547     2.2570333481E+000
       548     2.9485099316E+000
       549     4.2545256615E+000
       550     3.9833457470E+000
       551     4.0342402458E+000
       552     4.2265491486E+000
       553     4.5929698944E+000
       554     3.9073023796E+000
       555     4.6252918243E+000
       556     4.9311838150E+000
       557     4.8032965660E+000
       558     5.0161790848E+000
       559     5.0118761063E+000
       560     5.0138382912E+000
       561     2.8304729462E+000
       562     3.7883763313E+000
       563     4.4382419586E+000
       564     4.6921238899E+000
       565     4.8727993965E+000
       566     3.4966349602E+000
       567     1.9432703257E+000
       568     2.2892055511E+000
       569     2.5356972218E+000
       570     2.3336400986E+000
       571     4.5883164406E+000
       572     3.0420081615E+000
       573     4.5103840828E+000
       574     4.9190778732E+000
       575     4.3202385902E+000
       576     4.4216012955E+000
       577     4.7108116150E+000
       578     4.9488720894E+000
       579     4.8209137917E+000
       580     5.0534658432E+000
       581     5.0606827736E+000
       582     4.9567790031E+000
       583     5.0560541153E+000
       584     4.9115052223E+000
       585     3.8528139591E+000
       586     4.1334128380E+000
       587     4.1673736572E+000
       588     4.7195911407E+000
       589     3.8642578125E+000
       590     2.0683119297E+000
       591     2.4591708183E+000
       592     3.3977878094E+000
       593     3.2847871780E+000
       594     2.5713317394E+000
       595     5.0973868370E+000
       596     4.6424136162E+000
       597     4.8522372246E+000
       598     5.0840468407E+000
       599     5.1125507355E+000
       600     4.9002528191E+000
       601     5.0890126228E+000
       602     5.1183276176E+000
       603     5.0511493683E+000
       604     5.1264481544E+000
       605     4.9076328278E+000
       606     5.0091843605E+000
       607     5.0488243103E+000
       608     4.8045363426E+000
       609     3.8218951225E+000
       610     4.0886845589E+000
       611     4.5728554726E+000
       612     2.0458726883E+000
       613     2.0457191467E+000
       614     2.5733120441E+000
       615     2.6799294949E+000
       616     2.8042600155E+000
       617     2.8154942989E+000
       618     2.8417110443E+000
       619     2.8235416412E+000
       620     3.9434413910E+000
       621     3.4487628937E+000
       622     3.9389052391E+000
       623     5.1755294800E+000
       624     4.7876534462E+000
       625     5.0553579330E+000
       626     5.2078766823E+000
       627     5.1238441467E+000
       628     5.1709313393E+000
       629     5.1492252350E+000
       630     4.8221807480E+000
       631     4.9465618134E+000
       632     5.0628342628E+000
       633     4.6308965683E+000
       634     4.0447535515E+000
       635     4.2889451981E+000
       636     4.0848240852E+000
       637     2.4418604374E+000
       638     2.7867770195E+000
       639     3.1578752995E+000
       640     3.2455761433E+000
       641     2.8011515141E+000
       642     3.1585979462E+000
       643     3.3688931465E+000
       644     4.6065735817E+000
       645     4.7000198364E+000
       646     4.3695082664E+000
       647     5.2120609283E+000
       648     4.6150393486E+000
       649     4.9326338768E+000
       650     5.2085328102E+000
       651     5.1409535408E+000
       652     5.2178955078E+000
       653     5.0699753761E+000
       654     4.7574238777E+000
       655     4.9430627823E+000
       656     4.9945421219E+000
       657     4.5139060020E+000
       658     4.0362925529E+000
       659     3.4847977161E+000
       660     2.2207436562E+000
       661     3.6322057247E+000
       662     3.9874446392E+000
       663     2.8537847996E+000
       664     2.9132184982E+000
       665     3.1225268841E+000
       666     3.2719640732E+000
       667     3.0887498856E+000
       668     2.8930308819E+000
       669     3.4871561527E+000
       670     4.5422158241E+000
       671     4.9295964241E+000
       672     4.8853588104E+000
       673     5.2211718559E+000
       674     4.9685435295E+000
       675     5.1457319260E+000
       676     5.1448493004E+000
       677     5.1750674248E+000
       678     5.1186389923E+000
       679     4.6789817810E+000
       680     4.8398432732E+000
       681     4.9553170204E+000
       682     4.3480148315E+000
       683     2.4757788181E+000
       684     3.0254673958E+000
       685     3.6700749397E+000
       686     2.1422333717E+000
       687     4.6272435188E+000
       688     2.8609666824E+000
       689     2.9292671680E+000
       690     2.9647927284E+000
       691     3.0873312950E+000
       692     3.4400455952E+000
       693     3.1566586494E+000
       694     2.9430768490E+000
       695     2.8449571133E+000
       696     3.8641076088E+000
       697     4.8701958656E+000
       698     4.8833980560E+000
       699     4.8271069527E+000
       700     5.1729440689E+000
       701     4.9538893700E+000
       702     5.1195511818E+000
       703     5.1035308838E+000
       704     4.9592866898E+000
       705     4.8006472588E+000
       706     4.5659327507E+000
       707     4.7075529099E+000
       708     4.1790227890E+000
       709     1.9145439863E+000
       710     3.2231338024E+000
       711     3.2985360622E+000
       712     4.5802941322E+000
       713     4.4261665344E+000
       714     2.9945540428E+000
       715     2.9886682034E+000
       716     2.9107313156E+000
       717     3.1921648979E+000
       718     2.9579114914E+000
       719     3.2856688499E+000
       720     2.8772914410E+000
       721     2.6995701790E+000
       722     3.3217923641E+000
       723     2.8970305920E+000
       724     2.6969718933E+000
       725     4.1151514053E+000
       726     4.6862535477E+000
       727     4.7938508987E+000
       728     4.6732654572E+000
       729     4.7200212479E+000
       730     4.5758790970E+000
       731     4.8913807869E+000
       732     4.4963679314E+000
       733     4.6952128410E+000
       734     4.5186147690E+000
       735     4.3335828781E+000
       736     3.5541665554E+000
       737     4.4954466820E+000
       738     3.6066107750E+000
       739     3.2727432251E+000
       740     3.9188008308E+000
       741     3.7330133915E+000
       742     3.0683863163E+000
       743     3.1386876106E+000
       744     3.1507530212E+000
       745     3.5941627026E+000
       746     3.0068058968E+000
       747     3.1261103153E+000
       748     4.1945295334E+000
       749     4.5348525047E+000
       750     4.5507493019E+000
       751     4.3494491577E+000
       752     4.0810713768E+000
       753     3.8624351025E+000
       754     3.2396621704E+000
       755     4.4835181236E+000
       756     3.1531171799E+000
       757     3.2098498344E+000
       758     2.8342373371E+000
       759     4.1518974304E+000
       760     2.9457302094E+000
       761     3.2653963566E+000
       762     3.7473061085E+000
       763     3.6255090237E+000
       764     4.4660005569E+000
       765     4.3362593651E+000
       766     4.2269415855E+000
       767     4.1429357529E+000
       768     3.7860684395E+000
       769     2.8358173370E+000
       770     4.4127421379E+000
       771     3.3048751354E+000
       772     3.4516217709E+000
       773     2.9997355938E+000
       774     2.9262344837E+000
       775     2.9349794388E+000
       776     4.4685912132E+000
       777     3.1730523109E+000
       778     3.9209403992E+000
       779     4.1560811996E+000
       780     4.4357018471E+000
       781     4.2670187950E+000
       782     4.0827050209E+000
       783     3.7270169258E+000
       784     2.8589875698E+000
       785     2.2997992039E+000
       786     4.4463067055E+000
       787     3.0968863964E+000
       788     2.9058108330E+000
       789     2.8620016575E+000
       790     2.2907376289E+000
       791     2.9506318569E+000
       792     4.2863802910E+000
       793     3.4602963924E+000
       794     4.0791678429E+000
       795     4.3344283104E+000
       796     4.1663665771E+000
       797     3.6137080193E+000
       798     2.9378707409E+000
       799     1.8093522787E+000
       800     2.7851223946E+000
       801     4.1141700745E+000
       802     2.7713778019E+000
       803     2.2292249203E+000
       804     3.4660022259E+000
       805     3.6899642944E+000
       806     3.4656689167E+000
       807     4.4080915451E+000
       808     4.2472391129E+000
       809     4.0570235252E+000
       810     3.5458068848E+000
       811     2.9830718040E+000
       812     3.7043592930E+000
       813     2.6049489975E+000
       814     2.5420703888E+000
       815     4.0104374886E+000
       816     3.8766026497E+000
       817     4.1166334152E+000
       818     3.9612646103E+000
       819     3.5244677067E+000
       820     4.0979499817E+000
       821     3.6479043961E+000
       822     2.5237984657E+000
       823     2.9071600437E+000
       824     2.9004216194E+000
       825     3.3357152939E+000
       826     4.1282849312E+000
       827     4.0192399025E+000
       828     3.6013019085E+000
       829     3.8825731277E+000
       830     3.7383444309E+000
       831     2.0309865475E+000
       832     3.3000328541E+000
       833     3.3479328156E+000
       834     3.5476679802E+000
       835     3.8975892067E+000
       836     3.7895164490E+000
       837     3.8539843559E+000
       838     3.7674462795E+000
       839     2.0007781982E+000
       840     3.1651420593E+000
       841     2.6064105034E+000
       842     2.5961892605E+000
       843     3.1199865341E+000
       844     4.0200223923E+000
       845     3.2488615513E+000
       846     3.9656350613E+000
       847     3.5344147682E+000
       848     2.5113642216E+000
       849     2.9950039387E+000
       850     2.6789567471E+000
       851     2.5090627670E+000
       852     2.8164134026E+000
       853     3.7411789894E+000
       854     3.5146946907E+000
       855     3.5005395412E+000
       856     2.4392259121E+000
       857     3.3676218987E+000
       858     3.6089138985E+000
       859     3.3838524818E+000
       860     2.3470604420E+000
       861     3.5479600430E+000
       862     3.7861099243E+000
       863     3.5464036465E+000
       864     1.7131356001E+000
       865     3.6042587757E+000
       866     3.3990440369E+000
       867     3.1417930126E+000
       868     2.6936197281E+000
       869     3.0686957836E+000
       870     2.8895299435E+000
       871     3.7162640095E+000
       872     3.0131986141E+000
       873     2.5326976776E+000
       874     4.0154600143E+000
       875     4.0161957741E+000
       876     2.2213494778E+000
       877     3.3550698757E+000
       878     2.1380970478E+000
       879     3.2871940136E+000
       880     4.2802085876E+000
       881     3.2559552193E+000
       882     3.0981156826E+000
       883     3.0345628262E+000
       884     2.2797966003E+000
       885     4.4174761772E+000
       886     2.4447162151E+000
       887     2.9722464085E+000
       888     4.5276565552E+000
       889     2.9316453934E+000
       890     2.5545978546E+000
       891     3.2499873638E+000
       892     3.8201029301E+000
       893     3.0809414387E+000
       894     2.4405665398E+000
       895     4.5652828217E+000
       896     3.3153562546E+000
       897     4.8871259689E+000
       898     4.6937084198E+000
       899     2.9858124256E+000
       900     2.7277803421E+000
       901     2.3933916092E+000
       902     4.0815920830E+000
       903     4.8097953796E+000
       904     4.6041474342E+000
       905     3.1866021156E+000
       906     2.6031141281E+000
       907     3.1095750332E+000
       908     2.1590671539E+000
       909     4.6061978340E+000
       910     3.5202887058E+000
       911     4.8441219330E+000
       912     4.7530798912E+000
       913     3.0643696785E+000
       914     3.6822338104E+000
       915     3.8045933247E+000
       916     4.5613002777E+000
       917     4.9215917587E+000
       918     2.5404727459E+000
       919     3.0529894829E+000
       920     2.8062536716E+000
       921     3.0945823193E+000
       922     4.5734367371E+000
       923     4.6578092575E+000
       924     4.9515805244E+000
       925     2.8218040466E+000
       926     3.3861820698E+000
       927     2.6163809299E+000
       928     4.3210482597E+000
       929     4.9318385124E+000
       930     4.0408821106E+000
       931     2.4865036011E+000
       932     2.8130121231E+000
       933     3.0533509254E+000
       934     2.0508356094E+000
       935     2.1981167793E+000
       936     4.5707488060E+000
       937     4.7831082344E+000
       938     4.9174923897E+000
       939     3.8700847626E+000
       940     2.3404812813E+000
       941     3.0827207565E+000
       942     2.8926463127E+000
       943     4.8398752213E+000
       944     3.5070683956E+000
       945     3.6582684517E+000
       946     2.5410556793E+000
       947     3.5782463551E+000
       948     4.4190392494E+000
       949     4.6493229866E+000
       950     4.7405352592E+000
       951     4.9751939774E+000
       952     4.4808917046E+000
       953     3.1975147724E+000
       954     2.6578857899E+000
       955     1.9952933788E+000
       956     2.3774669170E+000
       957     4.8642497063E+000
       958     3.6208307743E+000
       959     2.2889227867E+000
       960     4.0776338577E+000
       961     4.6522312164E+000
       962     4.8814120293E+000
       963     4.6945095062E+000
       964     3.0798599720E+000
       965     1.9435241222E+000
       966     4.9326391220E+000
       967     2.5343351364E+000
       968     3.9848375320E+000
       969     4.8242955208E+000
       970     3.8795628548E+000
       971     1.2677516937E+000
       972     4.2341327667E+000
       973     3.1131539345E+000
       974     2.4045071602E+000
       975     3.8228564262E+000
       976     4.0722022057E+000
       977     4.0564832687E+000
       978     3.2267916203E+000
       979     1.6165859699E+000
       980     4.3094177246E+000
       981     2.8765430450E+000
       982     2.6147916317E+000
       983     3.2747342587E+000
       984     3.9085021019E+000
       985     4.2285771370E+000
       986     4.0263066292E+000
       987     2.6736319065E+000
       988     1.7617342472E+000
       989     4.4230403900E+000
       990     2.7877516747E+000
       991     1.7538621426E+000
       992     3.8268492222E+000
       993     3.2626607418E+000
       994     4.0159263611E+000
       995     3.5411603451E+000
       996     4.4567961693E+000
       997     2.0301818848E+000
       998     2.2386753559E+000
       999     4.1029906273E+000
      1000     3.2698845863E+000
      1001     2.8410849571E+000
      1002     4.4524264336E+000
      1003     4.4386081696E+000
      1004     4.5142002106E+000
      1005     4.3834280968E+000
      1006     2.4607272148E+000
      1007     3.3405263424E+000
      1008     4.2637863159E+000
      1009     2.8658428192E+000
      1010     4.0895948410E+000
      1011     4.6815891266E+000
      1012     4.7354278564E+000
      1013     4.6934370995E+000
      1014     2.4158322811E+000
      1015     3.4258165359E+000
      1016     2.7402698994E+000
      1017     4.6452031136E+000
      1018     4.7701864243E+000
      1019     4.9225430489E+000
      1020     4.7102284431E+000
      1021     3.7426757812E+000
      1022     3.7020802498E+000
      1023     4.9893746376E+000
      1024     4.8164105415E+000
      1025     4.7984957695E+000
      1026     4.9419755936E+000
      1027     3.9215033054E+000
      1028     3.8357737064E+000
      1029     4.7767200470E+000
      1030     5.0295939445E+000
      1031     3.6768200397E+000
      1032     3.2149131298E+000
      1033     4.9794454575E+000
      1034     3.7865922451E+000
      1035     3.5469348431E+000
      1036     2.9537994862E+000
      1037     4.1892638206E+000
      1038     4.2223014832E+000
      1039     3.6110427380E+000
      1040     3.1408052444E+000
      1041     5.2207884789E+000
      1042     4.1920809746E+000
      1043     5.0170774460E+000
      1044     3.4648401737E+000
      1045     3.9677159786E+000
      1046     4.5562057495E+000
      1047     4.9823064804E+000
      1048     5.0151076317E+000
      1049     5.2235612869E+000
      1050     3.3394887447E+000
      1051     5.1926226616E+000
      1052     5.0797472000E+000
      1053     4.6018705368E+000
      1054     5.0945658684E+000
      1055     3.2866151333E+000
      1056     4.3674111366E+000
      1057     3.7542588711E+000
      1058     3.5907258987E+000
      1059     3.1348330975E+000
      1060     4.2352256775E+000
      1061     3.0836818218E+000
      1062     4.6595449448E+000
      1063     3.2522528172E+000
      1064     3.4854099751E+000
      1065     3.4832808971E+000
      1066     4.3879141808E+000
      1067     3.4886274338E+000
      1068     3.1501176357E+000
      1069     2.9859671593E+000
