  nc_newport_river_core_cr4_bath    v31.06 iterative         Albemarle-Pamlico Estuar
          1       1069  0.1000000E+001        1     1 FileFmtVersion:    1050624
     2.5920000000E+005          51840
         1     1.3411951065E-001
         2     1.6848238707E+000
         3     9.8189330101E-001
         4     1.9766649008E+000
         5     1.1842454672E+000
         6     1.8858584166E+000
         7     1.1113687754E+000
         8     1.9679138660E+000
         9     2.1566283703E+000
        10     8.3317321539E-001
        11     2.0720071793E+000
        12     2.1177175045E+000
        13     1.0303952694E+000
        14     1.8878384829E+000
        15     2.4454963207E+000
        16     1.1396706104E+000
        17     1.7335379124E+000
        18     1.1393401623E+000
        19     1.6838113070E+000
        20     6.7410916090E-001
        21     1.8810970783E+000
        22     1.1480342150E+000
        23     1.5164616108E+000
        24     7.0621991158E-001
        25     2.0834469795E+000
        26     1.6941336393E+000
        27     1.4312425852E+000
        28     5.6297588348E-001
        29     1.9938778877E+000
        30     1.5676602125E+000
        31     1.6415418386E+000
        32     1.1903078556E+000
        33     2.2169306278E+000
        34     1.4442639351E+000
        35     1.6207460165E+000
        36     1.2186757326E+000
        37     2.2206430435E+000
        38     1.7503004074E+000
        39     1.6298691034E+000
        40     1.6415485144E+000
        41     4.2734733224E-001
        42     1.8108967543E+000
        43     1.0202671289E+000
        44     1.8446180820E+000
        45     1.3034638166E+000
        46     1.8509222269E+000
        47     1.3332393169E+000
        48     1.9309079647E+000
        49     7.9372376204E-001
        50     8.6337381601E-001
        51     1.8613331318E+000
        52     1.4295921326E+000
        53     1.4639364481E+000
        54     1.3548008204E+000
        55     2.9903662205E+000
        56     1.3018802404E+000
        57     2.3668017387E+000
        58     1.4594343901E+000
        59     1.5312378407E+000
        60     1.6752853394E+000
        61     7.6384007931E-001
        62     7.9444611073E-001
        63     1.9774435759E+000
        64     1.6034578085E+000
        65     1.2711110115E+000
        66     2.8413639069E+000
        67     2.9875345230E+000
        68     1.3173031807E+000
        69     1.8161723614E+000
        70     1.4065593481E+000
        71     1.6091359854E+000
        72     1.6879109144E+000
        73     9.5640742779E-001
        74     1.4072303772E+000
        75     1.2510274649E+000
        76     1.8223623037E+000
        77     1.5329042673E+000
        78     1.1865131855E+000
        79     1.6950042248E+000
        80     2.9867742062E+000
        81     1.0221391916E+000
        82     2.8606045246E+000
        83     1.8317435980E+000
        84     2.6370856762E+000
        85     2.7224121094E+000
        86     1.3226855993E+000
        87     1.3591220379E+000
        88     1.4081790447E+000
        89     1.3230363131E+000
        90     1.4140615463E+000
        91     1.2597112656E+000
        92     3.1406261921E+000
        93     2.6512448788E+000
        94     1.1328035593E+000
        95     2.6666357517E+000
        96     1.4795285463E+000
        97     2.8448951244E+000
        98     1.2866922617E+000
        99     1.5869239569E+000
       100     4.7681090236E-001
       101     1.6012341976E+000
       102     1.2198392153E+000
       103     1.5950468779E+000
       104     1.1810472012E+000
       105     1.3510935307E+000
       106     1.0093290806E+000
       107     2.9889602661E+000
       108     2.9081888199E+000
       109     2.3749077320E+000
       110     7.9213511944E-001
       111     2.8355257511E+000
       112     2.8532607555E+000
       113     2.7345941067E+000
       114     1.3452252150E+000
       115     1.7234648466E+000
       116     1.4420816898E+000
       117     1.5638340712E+000
       118     5.7385754585E-001
       119     2.1519491673E+000
       120     1.3194825649E+000
       121     2.6589791775E+000
       122     1.3804357052E+000
       123     1.4090605974E+000
       124     5.8014982939E-001
       125     1.2279843092E+000
       126     1.1566529274E+000
       127     1.3874536753E+000
       128     2.5894556046E+000
       129     7.6042443514E-001
       130     2.8340413570E+000
       131     2.7185359001E+000
       132     2.7092423439E+000
       133     1.6457701921E+000
       134     1.1611928940E+000
       135     2.0212078094E+000
       136     2.4101946354E+000
       137     1.3552074432E+000
       138     1.3712357283E+000
       139     2.6874704361E+000
       140     2.1098487377E+000
       141     1.4623520374E+000
       142     1.5128953457E+000
       143     1.0242809057E+000
       144     8.0603510141E-001
       145     1.1822499037E+000
       146     1.2320314646E+000
       147     2.6911473274E+000
       148     2.3353600502E+000
       149     2.8524744511E+000
       150     1.0860002041E+000
       151     2.6919400692E+000
       152     1.3545566797E+000
       153     2.6053481102E+000
       154     1.1539591551E+000
       155     1.3706431389E+000
       156     1.4651756287E+000
       157     2.7113475800E+000
       158     2.3954777718E+000
       159     1.8633550406E+000
       160     1.9193682671E+000
       161     2.0065424442E+000
       162     1.1000212431E+000
       163     1.2748235464E+000
       164     2.0857620239E+000
       165     2.9290437698E+000
       166     1.4713412523E+000
       167     2.5850148201E+000
       168     1.2443299294E+000
       169     1.1715346575E+000
       170     2.6111006737E+000
       171     1.3792500496E+000
       172     5.8579450846E-001
       173     1.7305017710E+000
       174     2.7144184113E+000
       175     2.3465721607E+000
       176     1.1652944088E+000
       177     8.1942588091E-001
       178     2.0371782780E+000
       179     2.8400359154E+000
       180     2.7575232983E+000
       181     2.4790263176E+000
       182     8.5655903816E-001
       183     2.7677410841E-001
       184     4.2651405931E-001
       185     8.2198929787E-001
       186     7.0366096497E-001
       187     1.9647558928E+000
       188     2.2724978924E+000
       189     2.6893792152E+000
       190     2.0611052513E+000
       191     1.0087535381E+000
       192     1.3635051250E+000
       193     1.4466793537E+000
       194     1.4001144171E+000
       195     2.4879000187E+000
       196     9.5738136768E-001
       197     1.1840939522E+000
       198     8.9886778593E-001
       199     2.2626192570E+000
       200     2.6521029472E+000
       201     1.4553757906E+000
       202     1.8867803812E+000
       203     2.6094744205E+000
       204     2.3629703522E+000
       205     2.4815716743E+000
       206     2.8554255962E+000
       207     2.7493991852E+000
       208     2.5946125984E+000
       209     5.7259047031E-001
       210     7.3775595427E-001
       211     1.7899129391E+000
       212     2.4911892414E+000
       213     2.1666162014E+000
       214     2.1845364571E+000
       215     1.8745290041E+000
       216     1.8420784473E+000
       217     2.3426060677E+000
       218     2.0302035809E+000
       219     1.2674211264E+000
       220     2.5308296680E+000
       221     1.0670213699E+000
       222     2.6059472561E+000
       223     2.6295216084E+000
       224     2.5649487972E+000
       225     2.6676800251E+000
       226     2.7035050392E+000
       227     2.7685725689E+000
       228     2.6522128582E+000
       229     2.0827560425E+000
       230     6.2218296528E-001
       231     6.4439153671E-001
       232     9.6361207962E-001
       233     6.8929117918E-001
       234     2.4237000942E+000
       235     1.3404531479E+000
       236     1.8600263596E+000
       237     2.2929251194E+000
       238     1.1495542526E+000
       239     4.7585406899E-001
       240     4.0726867318E-001
       241     2.1403577328E+000
       242     2.6082184315E+000
       243     2.3353266716E+000
       244     2.6387073994E+000
       245     1.4026671648E+000
       246     2.3317689896E+000
       247     2.3920872211E+000
       248     2.5354018211E+000
       249     2.6248159409E+000
       250     2.5323436260E+000
       251     2.3723976612E+000
       252     1.9193894863E+000
       253     9.0848612785E-001
       254     7.3347449303E-001
       255     3.1168580055E-001
       256     9.5761644840E-001
       257     5.0197798014E-001
       258     8.5879671574E-001
       259     1.5382306576E+000
       260     9.6633321047E-001
       261     2.3998985291E+000
       262     1.5708979368E+000
       263     2.2580738068E+000
       264     8.0080324411E-001
       265     1.2231065035E+000
       266     6.7318123579E-001
       267     2.4669837952E+000
       268     2.5871841908E+000
       269     1.5550951958E+000
       270     1.6493767500E+000
       271     1.7842744589E+000
       272     2.0807666779E+000
       273     2.3098258972E+000
       274     2.3069350719E+000
       275     2.3688528538E+000
       276     2.2936789989E+000
       277     5.2060842514E-001
       278     7.7302706242E-001
       279     7.6561665535E-001
       280     8.1022667885E-001
       281     1.0226750374E+000
       282     1.5745141506E+000
       283     8.3317381144E-001
       284     2.3390178680E+000
       285     2.0773088932E+000
       286     2.3361182213E+000
       287     9.1111487150E-001
       288     5.6374573708E-001
       289     9.2155766487E-001
       290     2.4096860886E+000
       291     1.7131561041E+000
       292     1.5286191702E+000
       293     1.6205453873E+000
       294     1.7329870462E+000
       295     1.3893566132E+000
       296     9.0700650215E-001
       297     2.0054347515E+000
       298     2.2213678360E+000
       299     2.2758021355E+000
       300     6.0280311108E-001
       301     7.4419790506E-001
       302     5.6979006529E-001
       303     1.3455945253E+000
       304     1.4020166397E+000
       305     9.0791398287E-001
       306     2.2720110416E+000
       307     2.0365159512E+000
       308     2.3085477352E+000
       309     5.9678459167E-001
       310     5.5619692802E-001
       311     5.2720618248E-001
       312     9.2808777094E-001
       313     2.0288929939E+000
       314     2.0439319611E+000
       315     1.5702611208E+000
       316     1.7561889887E+000
       317     1.0711076260E+000
       318     2.1244242191E+000
       319     1.6502563953E+000
       320     2.1773538589E+000
       321     6.3296264410E-001
       322     5.2883821726E-001
       323     1.6375107765E+000
       324     1.1001178026E+000
       325     9.0241837502E-001
       326     2.1856651306E+000
       327     2.3495957851E+000
       328     1.3152710199E+000
       329     6.4449787140E-001
       330     6.1863511801E-001
       331     8.2254475355E-001
       332     4.9034181237E-001
       333     1.5202512741E+000
       334     9.7921150923E-001
       335     1.0539742708E+000
       336     2.0526192188E+000
       337     2.0259215832E+000
       338     1.8348954916E+000
       339     7.9780024290E-001
       340     6.2435829639E-001
       341     1.2292528152E+000
       342     2.1811800003E+000
       343     2.2883019447E+000
       344     1.9868899584E+000
       345     1.5993723869E+000
       346     5.1991856098E-001
       347     5.4087406397E-001
       348     7.1559739113E-001
       349     1.1137899160E+000
       350     1.2899967432E+000
       351     4.1595727205E-001
       352     1.8692413568E+000
       353     1.4728651047E+000
       354     1.2530260086E+000
       355     8.7411439419E-001
       356     3.5610044003E-001
       357     4.4598007202E-001
       358     3.3437561989E-001
       359     1.6330571175E+000
       360     1.8140344620E+000
       361     1.6883813143E+000
       362     1.4795517921E+000
       363     2.1234109402E+000
       364     2.1115534306E+000
       365     1.8000643253E+000
       366     5.1400393248E-001
       367     7.8655982018E-001
       368     1.4880533218E+000
       369     1.7489960194E+000
       370     2.1744082868E-001
       371     5.8886474371E-001
       372     2.6406261325E-001
       373     3.1162559986E-001
       374     3.1265923381E-001
       375     3.0943471193E-001
       376     2.8498217463E-001
       377     2.9433104396E-001
       378     1.6972571611E+000
       379     1.1915485859E+000
       380     4.7218903899E-001
       381     2.2767838836E-001
       382     4.7431033850E-001
       383     5.2845597267E-001
       384     4.0289029479E-001
       385     4.5025855303E-001
       386     8.5496807098E-001
       387     3.3639669418E-001
       388     1.4146867990E+000
       389     1.5173407793E+000
       390     2.0864725113E+000
       391     1.5888861418E+000
       392     1.7136054039E+000
       393     1.6182292700E+000
       394     1.5052552223E+000
       395     1.8850747347E+000
       396     2.0671715736E+000
       397     2.2415564060E+000
       398     1.1407274008E+000
       399     1.5762107372E+000
       400     1.3730026484E+000
       401     3.7468716502E-001
       402     1.1009714603E+000
       403     5.1861572266E-001
       404     6.5659302473E-001
       405     1.3422237635E+000
       406     1.1433433294E+000
       407     4.5709937811E-001
       408     5.9309893847E-001
       409     5.6362259388E-001
       410     6.6226065159E-001
       411     2.4438144267E-001
       412     3.9128962159E-001
       413     4.4438800216E-001
       414     5.3515285254E-001
       415     1.4642620087E+000
       416     1.4281065464E+000
       417     2.0038599968E+000
       418     1.6590780020E+000
       419     2.2446670532E+000
       420     1.9605622292E+000
       421     2.1460485458E+000
       422     2.2599656582E+000
       423     1.7711365223E+000
       424     1.9947594404E+000
       425     1.8090929985E+000
       426     7.9447060823E-001
       427     1.2423753738E+000
       428     1.0136758089E+000
       429     1.1630947590E+000
       430     9.6942287683E-001
       431     4.8081645370E-001
       432     4.3428552151E-001
       433     1.7806775868E-001
       434     5.2532029152E-001
       435     4.4834214449E-001
       436     4.3254294991E-001
       437     6.8639487028E-001
       438     7.5179004669E-001
       439     9.1647720337E-001
       440     1.4051201344E+000
       441     1.2865496874E+000
       442     1.5062307119E+000
       443     2.2569105625E+000
       444     2.3304488659E+000
       445     2.2136540413E+000
       446     2.2951366901E+000
       447     2.0505688190E+000
       448     2.2493693829E+000
       449     1.9081903696E+000
       450     1.5390859842E+000
       451     1.5730763674E+000
       452     1.2206301689E+000
       453     1.1600730419E+000
       454     6.9809836149E-001
       455     6.8578618765E-001
       456     7.2269594669E-001
       457     4.7811970115E-001
       458     5.6106567383E-001
       459     1.0958106518E+000
       460     6.1276161671E-001
       461     6.3992571831E-001
       462     1.4830770493E+000
       463     1.5423789024E+000
       464     1.6659178734E+000
       465     1.3251582384E+000
       466     1.6102043390E+000
       467     2.2032387257E+000
       468     2.2528829575E+000
       469     2.2553021908E+000
       470     2.2021725178E+000
       471     2.2973897457E+000
       472     1.9944387674E+000
       473     1.6546493769E+000
       474     1.7083135843E+000
       475     1.1895004511E+000
       476     5.8479672670E-001
       477     8.7035292387E-001
       478     6.9057011604E-001
       479     8.6442339420E-001
       480     5.0808739662E-001
       481     5.7254648209E-001
       482     5.3415048122E-001
       483     5.3341293335E-001
       484     9.1414654255E-001
       485     1.1225832701E+000
       486     1.5598577261E+000
       487     5.8136570454E-001
       488     1.6028445959E+000
       489     1.7365121841E+000
       490     1.5047196150E+000
       491     2.1241590977E+000
       492     2.1588833332E+000
       493     2.2128694057E+000
       494     2.2603070736E+000
       495     2.2622506618E+000
       496     2.1080298424E+000
       497     1.9301011562E+000
       498     9.9268728495E-001
       499     9.0605825186E-001
       500     9.6386748552E-001
       501     6.4087891579E-001
       502     6.4787459373E-001
       503     9.2572319508E-001
       504     6.6083633900E-001
       505     1.1578179598E+000
       506     9.7676157951E-001
       507     8.5249459743E-001
       508     1.1151663065E+000
       509     1.6153993607E+000
       510     1.6501810551E+000
       511     9.4749766588E-001
       512     1.7718873024E+000
       513     1.9637557268E+000
       514     1.3066219091E+000
       515     2.0453264713E+000
       516     2.0755765438E+000
       517     2.0856721401E+000
       518     2.2600004673E+000
       519     2.1206469536E+000
       520     2.1734561920E+000
       521     1.0101995468E+000
       522     7.0503431559E-001
       523     8.5242944956E-001
       524     6.4978903532E-001
       525     8.1786054373E-001
       526     9.4794946909E-001
       527     1.1350537539E+000
       528     1.4264650345E+000
       529     7.6415187120E-001
       530     9.2810535431E-001
       531     1.6106730700E+000
       532     1.6561621428E+000
       533     1.8916817904E+000
       534     1.7474857569E+000
       535     2.1256251335E+000
       536     2.1009030342E+000
       537     2.1715559959E+000
       538     8.7911373377E-001
       539     1.6440927982E+000
       540     1.8265442848E+000
       541     1.9295083284E+000
       542     2.1223225594E+000
       543     2.1507375240E+000
       544     1.0620003939E+000
       545     7.1222841740E-001
       546     7.0785343647E-001
       547     7.1087390184E-001
       548     7.9476249218E-001
       549     1.4728651047E+000
       550     1.6120014191E+000
       551     1.5881479979E+000
       552     1.6967680454E+000
       553     1.9323056936E+000
       554     1.3715882301E+000
       555     1.9006333351E+000
       556     1.9819219112E+000
       557     2.0812473297E+000
       558     2.1529355049E+000
       559     2.1847057343E+000
       560     2.1453211308E+000
       561     1.0755708218E+000
       562     1.6466376781E+000
       563     1.7204279900E+000
       564     1.8992338181E+000
       565     2.0950818062E+000
       566     1.4826062918E+000
       567     5.2624130249E-001
       568     7.2750794888E-001
       569     7.3103016615E-001
       570     7.3990136385E-001
       571     1.9417892694E+000
       572     7.4872821569E-001
       573     1.6768479347E+000
       574     2.0594267845E+000
       575     1.7300512791E+000
       576     1.8789690733E+000
       577     1.9453752041E+000
       578     2.1293330193E+000
       579     2.0921525955E+000
       580     2.1701416969E+000
       581     2.2300410271E+000
       582     2.1393184662E+000
       583     2.2174053192E+000
       584     2.1059868336E+000
       585     1.5653332472E+000
       586     1.8300048113E+000
       587     1.8773522377E+000
       588     1.9831670523E+000
       589     1.5726644993E+000
       590     7.0558410883E-001
       591     7.8170108795E-001
       592     8.8297992945E-001
       593     1.0733222961E+000
       594     8.0932933092E-001
       595     2.2025511265E+000
       596     1.8545452356E+000
       597     1.9781912565E+000
       598     2.1451284885E+000
       599     2.2942037582E+000
       600     2.1998353004E+000
       601     2.2751729488E+000
       602     2.2971448898E+000
       603     2.2537410259E+000
       604     2.2916853428E+000
       605     2.1293172836E+000
       606     2.1772313118E+000
       607     2.2497591972E+000
       608     2.0771248341E+000
       609     1.6969681978E+000
       610     1.8200169802E+000
       611     1.9373217821E+000
       612     7.6320779324E-001
       613     6.1992007494E-001
       614     7.8745245934E-001
       615     8.5865634680E-001
       616     8.7192517519E-001
       617     8.9409399033E-001
       618     8.9404487610E-001
       619     8.7812972069E-001
       620     1.1111465693E+000
       621     9.9893456697E-001
       622     1.2825602293E+000
       623     2.3122153282E+000
       624     1.9423038960E+000
       625     2.0908510685E+000
       626     2.2145974636E+000
       627     2.3295168877E+000
       628     2.3666458130E+000
       629     2.2965157032E+000
       630     2.1280260086E+000
       631     2.1686625481E+000
       632     2.2402653694E+000
       633     2.0025355816E+000
       634     1.7619827986E+000
       635     1.8899765015E+000
       636     1.6683741808E+000
       637     8.3316475153E-001
       638     9.4427305460E-001
       639     1.1006318331E+000
       640     1.0318520069E+000
       641     9.0411192179E-001
       642     9.9062252045E-001
       643     1.0563857555E+000
       644     1.8308696747E+000
       645     1.8911010027E+000
       646     1.5719511509E+000
       647     2.3364212513E+000
       648     2.1759405136E+000
       649     1.9028432369E+000
       650     2.2854819298E+000
       651     2.3336982727E+000
       652     2.3648724556E+000
       653     2.2900702953E+000
       654     2.0498015881E+000
       655     2.1438953876E+000
       656     2.1951599121E+000
       657     1.9228368998E+000
       658     1.7911002636E+000
       659     1.5715181828E+000
       660     7.8831744194E-001
       661     1.1980869770E+000
       662     1.3529176712E+000
       663     9.2960608006E-001
       664     9.3023014069E-001
       665     1.1276118755E+000
       666     1.2481706142E+000
       667     1.0529434681E+000
       668     9.7488445044E-001
       669     1.1123175621E+000
       670     1.7148689032E+000
       671     2.1659555435E+000
       672     2.0961203575E+000
       673     2.3075017929E+000
       674     2.1308476925E+000
       675     2.1106507778E+000
       676     2.3042662144E+000
       677     2.2985773087E+000
       678     2.2501451969E+000
       679     2.0037252903E+000
       680     2.0986413956E+000
       681     2.1719021797E+000
       682     1.8313014507E+000
       683     8.3301740885E-001
       684     8.2191359997E-001
       685     1.5899316072E+000
       686     7.0860385895E-001
       687     1.6639233828E+000
       688     9.6238535643E-001
       689     1.0117552280E+000
       690     9.6376240253E-001
       691     1.0332410336E+000
       692     1.1056821346E+000
       693     1.1285562515E+000
       694     1.0332633257E+000
       695     1.0404428244E+000
       696     1.2554744482E+000
       697     2.0429520607E+000
       698     2.0970366001E+000
       699     2.0170264244E+000
       700     2.1927928925E+000
       701     2.1159884930E+000
       702     2.2787384987E+000
       703     2.1505513191E+000
       704     2.1834347248E+000
       705     2.0583555698E+000
       706     1.9250195026E+000
       707     2.0176417828E+000
       708     1.7487801313E+000
       709     6.9674056768E-001
       710     1.3823201656E+000
       711     7.6551520824E-001
       712     1.7868955135E+000
       713     1.0337085724E+000
       714     1.0573647022E+000
       715     9.4890272617E-001
       716     1.2586665154E+000
       717     1.2999987602E+000
       718     9.8624527454E-001
       719     1.0686867237E+000
       720     1.0375179052E+000
       721     8.7487709522E-001
       722     1.0677959919E+000
       723     9.4932883978E-001
       724     9.2058676481E-001
       725     1.4541783333E+000
       726     2.0098204613E+000
       727     2.0820829868E+000
       728     2.0507616997E+000
       729     1.9131351709E+000
       730     1.9448748827E+000
       731     2.0456829071E+000
       732     1.6563181877E+000
       733     1.8768996000E+000
       734     1.9181344509E+000
       735     1.8231157064E+000
       736     1.1731688976E+000
       737     1.8846144676E+000
       738     1.0489294529E+000
       739     1.3207656145E+000
       740     1.3734711409E+000
       741     1.6595257521E+000
       742     1.0642799139E+000
       743     1.1054713726E+000
       744     1.0406712294E+000
       745     1.2079949379E+000
       746     9.7121697664E-001
       747     1.0363907814E+000
       748     1.6008958817E+000
       749     1.9756431580E+000
       750     1.9520238638E+000
       751     1.8402603865E+000
       752     1.4509439468E+000
       753     1.2968111038E+000
       754     9.6573638916E-001
       755     1.9884455204E+000
       756     1.0014247894E+000
       757     1.0620884895E+000
       758     1.0251034498E+000
       759     1.5310108662E+000
       760     9.7332388163E-001
       761     1.0535329580E+000
       762     1.2973545790E+000
       763     1.2336002588E+000
       764     1.9258198738E+000
       765     1.8622995615E+000
       766     1.8134504557E+000
       767     1.7365558147E+000
       768     1.4021152258E+000
       769     5.6805372238E-001
       770     1.9391627312E+000
       771     1.1976921558E+000
       772     1.2900714874E+000
       773     1.0473048687E+000
       774     1.0166780949E+000
       775     1.0199238062E+000
       776     1.7312688828E+000
       777     1.0310401917E+000
       778     1.3608034849E+000
       779     1.5374866724E+000
       780     1.9699006081E+000
       781     1.8243266344E+000
       782     1.7386318445E+000
       783     1.5241793394E+000
       784     8.5321980715E-001
       785     7.6860654354E-001
       786     1.9572149515E+000
       787     1.0754866600E+000
       788     1.0126690865E+000
       789     9.8272699118E-001
       790     7.1816319227E-001
       791     1.0130146742E+000
       792     1.7852728367E+000
       793     1.1617258787E+000
       794     1.4895695448E+000
       795     1.9443143606E+000
       796     1.7542142868E+000
       797     1.4471546412E+000
       798     4.5973768830E-001
       799     5.2796715498E-001
       800     6.4376407862E-001
       801     1.7313566208E+000
       802     9.7528254986E-001
       803     6.6875797510E-001
       804     1.1373047829E+000
       805     1.1221992970E+000
       806     1.1497086287E+000
       807     2.0079960823E+000
       808     1.7204149961E+000
       809     1.7771186829E+000
       810     1.3720163107E+000
       811     1.0111414194E+000
       812     1.4646643400E+000
       813     9.0412408113E-001
       814     7.0693641901E-001
       815     1.4819118977E+000
       816     1.5096833706E+000
       817     1.7518273592E+000
       818     1.6498841047E+000
       819     1.5280859470E+000
       820     1.7795442343E+000
       821     1.4958930016E+000
       822     5.5891811848E-001
       823     1.0002931356E+000
       824     5.8266568184E-001
       825     1.0690369606E+000
       826     1.7113372087E+000
       827     1.7420259714E+000
       828     1.3803749084E+000
       829     1.6379544735E+000
       830     1.5565990210E+000
       831     4.1423586011E-001
       832     1.1915143728E+000
       833     9.3766260147E-001
       834     8.4891152382E-001
       835     1.5968899727E+000
       836     1.5943199396E+000
       837     1.6633422375E+000
       838     1.5866589546E+000
       839     6.8352645636E-001
       840     1.0082236528E+000
       841     7.9079639912E-001
       842     9.2995703220E-001
       843     1.1261839867E+000
       844     1.6224839687E+000
       845     1.0911171436E+000
       846     1.6635482311E+000
       847     1.4588719606E+000
       848     7.1356356144E-001
       849     1.0254126787E+000
       850     8.2854813337E-001
       851     8.2238429785E-001
       852     9.5725905895E-001
       853     1.3945499659E+000
       854     1.3083338737E+000
       855     1.4248292446E+000
       856     9.6832931042E-001
       857     1.2169861794E+000
       858     1.1248661280E+000
       859     1.2315504551E+000
       860     7.9001748562E-001
       861     1.2782962322E+000
       862     1.5684001446E+000
       863     1.3220994473E+000
       864     6.0498136282E-001
       865     1.3517863750E+000
       866     1.2143716812E+000
       867     1.0596971512E+000
       868     9.0490263700E-001
       869     1.0531567335E+000
       870     7.8914928436E-001
       871     1.3686100245E+000
       872     7.8184026480E-001
       873     7.9058027267E-001
       874     1.4810590744E+000
       875     1.6034765244E+000
       876     9.0515655279E-001
       877     1.2976332903E+000
       878     4.9215236306E-001
       879     1.0713604689E+000
       880     1.6089731455E+000
       881     1.0627654791E+000
       882     1.0692317486E+000
       883     9.6442627907E-001
       884     8.5040211678E-001
       885     1.7986630201E+000
       886     5.2189344168E-001
       887     9.2797833681E-001
       888     1.8625383377E+000
       889     1.0035004616E+000
       890     9.4515228271E-001
       891     8.3925729990E-001
       892     1.1150076389E+000
       893     9.2600190639E-001
       894     9.7771567106E-001
       895     1.9651106596E+000
       896     9.5580315590E-001
       897     2.1468093395E+000
       898     2.0359377861E+000
       899     9.3209153414E-001
       900     8.6274105310E-001
       901     7.4566847086E-001
       902     1.4749575853E+000
       903     2.1415989399E+000
       904     2.0756192207E+000
       905     9.7919601202E-001
       906     1.0806304216E+000
       907     1.3213562965E+000
       908     7.7383995056E-001
       909     1.9949412346E+000
       910     1.1097643375E+000
       911     2.2026338577E+000
       912     2.0966610909E+000
       913     9.8967528343E-001
       914     1.0433818102E+000
       915     1.5897885561E+000
       916     2.0266640186E+000
       917     2.2082781792E+000
       918     6.0943502188E-001
       919     9.0526223183E-001
       920     1.2131968737E+000
       921     1.3576457500E+000
       922     2.0443437099E+000
       923     2.1068172455E+000
       924     2.2177619934E+000
       925     8.0932694674E-001
       926     1.0156507492E+000
       927     9.9218314886E-001
       928     1.8167326450E+000
       929     2.1334595680E+000
       930     1.8012201786E+000
       931     7.1523684263E-001
       932     8.4212541580E-001
       933     9.0445631742E-001
       934     7.3327702284E-001
       935     6.4027023315E-001
       936     2.0290453434E+000
       937     2.1411514282E+000
       938     2.2090661526E+000
       939     1.5211460590E+000
       940     5.3581815958E-001
       941     7.2885566950E-001
       942     1.0162260532E+000
       943     2.1154384613E+000
       944     1.2979323864E+000
       945     1.3657457829E+000
       946     9.8432862759E-001
       947     1.4449456930E+000
       948     1.8863619566E+000
       949     2.0634465218E+000
       950     2.1562614441E+000
       951     2.1933400631E+000
       952     1.9289869070E+000
       953     1.1816734076E+000
       954     8.9525008202E-001
       955     5.0612419844E-001
       956     7.7917069197E-001
       957     2.1288323402E+000
       958     1.5797159672E+000
       959     7.8142422438E-001
       960     1.9413117170E+000
       961     2.0603287220E+000
       962     2.1505315304E+000
       963     1.9829252958E+000
       964     1.0303481817E+000
       965     6.9487106800E-001
       966     2.1126377583E+000
       967     8.0761343241E-001
       968     1.8965114355E+000
       969     2.0771143436E+000
       970     1.9639458656E+000
       971     4.3198046088E-001
       972     2.2461485863E+000
       973     1.2617605925E+000
       974     7.5247329473E-001
       975     1.9813537598E+000
       976     2.1554644108E+000
       977     2.1302764416E+000
       978     7.9633897543E-001
       979     5.6956505775E-001
       980     2.3097670078E+000
       981     1.1281186342E+000
       982     7.8841561079E-001
       983     1.1736404896E+000
       984     2.0658209324E+000
       985     2.3013732433E+000
       986     2.0828037262E+000
       987     9.5987933874E-001
       988     5.4853540659E-001
       989     2.3967645168E+000
       990     9.8118549585E-001
       991     5.7166916132E-001
       992     8.8791835308E-001
       993     1.3631975651E+000
       994     2.1501131058E+000
       995     1.6503373384E+000
       996     2.4505434036E+000
       997     8.5261696577E-001
       998     8.0585396290E-001
       999     1.5184706450E+000
      1000     1.3371737003E+000
      1001     8.8364481926E-001
      1002     2.4920814037E+000
      1003     2.4525654316E+000
      1004     2.4772870541E+000
      1005     2.4408993721E+000
      1006     8.5087436438E-001
      1007     1.1254549026E+000
      1008     1.2767752409E+000
      1009     1.0909960270E+000
      1010     1.9418529272E+000
      1011     2.6045048237E+000
      1012     2.6278429031E+000
      1013     2.6178636551E+000
      1014     7.6902133226E-001
      1015     1.3513832092E+000
      1016     7.3741739988E-001
      1017     2.5522007942E+000
      1018     2.6553053856E+000
      1019     2.7271003723E+000
      1020     2.6121563911E+000
      1021     1.6333554983E+000
      1022     1.0327442884E+000
      1023     2.7559275627E+000
      1024     2.6805617809E+000
      1025     2.6132223606E+000
      1026     2.7096567154E+000
      1027     1.2657511234E+000
      1028     1.6724630594E+000
      1029     2.5496356487E+000
      1030     2.8463330269E+000
      1031     1.3804575205E+000
      1032     1.4208958149E+000
      1033     2.8759567738E+000
      1034     1.4103041887E+000
      1035     1.3898466825E+000
      1036     1.2234463692E+000
      1037     1.3416062593E+000
      1038     1.7689641714E+000
      1039     1.4560635090E+000
      1040     1.0852400064E+000
      1041     3.1193256378E+000
      1042     1.7740488052E+000
      1043     2.9997208118E+000
      1044     1.4490059614E+000
      1045     1.8508893251E+000
      1046     2.2316050529E+000
      1047     2.3330514431E+000
      1048     3.0349974632E+000
      1049     3.0922534466E+000
      1050     1.3010896444E+000
      1051     2.8693790436E+000
      1052     2.4538452625E+000
      1053     2.6295220852E+000
      1054     2.9858160019E+000
      1055     8.0400246382E-001
      1056     2.0925154686E+000
      1057     1.6975172758E+000
      1058     1.5328252316E+000
      1059     1.0999219418E+000
      1060     1.9888888597E+000
      1061     1.0388467312E+000
      1062     2.4491226673E+000
      1063     9.7585141659E-001
      1064     1.3999239206E+000
      1065     1.1475970745E+000
      1066     2.0406966209E+000
      1067     1.1900919676E+000
      1068     8.7721455097E-001
      1069     7.9206526279E-001
