  nc_newport_river_core_cr4_bath    v31.06 iterative         Albemarle-Pamlico Estuar
          1       1069  0.1000000E+001        1     1 FileFmtVersion:    1050624
     2.5920000000E+005          51840
         1     1.1098409271E+002
         2     2.1841015625E+002
         3     3.2023693848E+002
         4     2.2718482971E+002
         5     3.2082067871E+002
         6     2.1340075684E+002
         7     3.4316400146E+002
         8     2.1130825806E+002
         9     2.0988551331E+002
        10     9.6477136612E+000
        11     2.1441960144E+002
        12     2.1334648132E+002
        13     3.5991336060E+002
        14     2.2292808533E+002
        15     2.0927095032E+002
        16     3.2992858887E+002
        17     2.1412126160E+002
        18     3.4243725586E+002
        19     2.1318453979E+002
        20     1.5255342102E+002
        21     2.2555014038E+002
        22     3.5171386719E+002
        23     2.0487573242E+002
        24     1.4496986389E+001
        25     2.2511218262E+002
        26     1.7608229065E+002
        27     2.1152340698E+002
        28     1.2679397583E+001
        29     2.2457429504E+002
        30     2.4701310730E+002
        31     1.7993278503E+002
        32     1.5201016235E+002
        33     2.1411276245E+002
        34     2.9160919189E+002
        35     1.7079721069E+002
        36     1.5049116516E+002
        37     2.1810942078E+002
        38     2.3273005676E+002
        39     1.7938763428E+002
        40     1.8283224487E+002
        41     6.0344734192E+001
        42     2.1088722229E+002
        43     4.3013206482E+001
        44     2.2186701965E+002
        45     2.1723789978E+002
        46     1.7448852539E+002
        47     1.4482986450E+002
        48     2.1771379089E+002
        49     3.2377673340E+002
        50     4.5152450562E+001
        51     1.8987547302E+002
        52     2.3691110229E+002
        53     1.4718048096E+002
        54     2.0743861389E+002
        55     1.9180548096E+002
        56     1.6895777893E+002
        57     2.0740393066E+002
        58     1.5617082214E+002
        59     1.7603160095E+002
        60     2.1648658752E+002
        61     2.2481782532E+002
        62     1.6307463074E+002
        63     2.1307592773E+002
        64     1.7609580994E+002
        65     2.3827044678E+002
        66     1.9434996033E+002
        67     1.8946134949E+002
        68     1.7726336670E+002
        69     2.0784017944E+002
        70     1.4263217163E+002
        71     1.9579641724E+002
        72     2.1543423462E+002
        73     2.0491329956E+002
        74     1.5786650085E+002
        75     1.3750216675E+002
        76     1.7212716675E+002
        77     1.9920697021E+002
        78     3.0473165894E+002
        79     1.4290205383E+002
        80     1.8794075012E+002
        81     2.1633337402E+002
        82     1.8295085144E+002
        83     1.6935870361E+002
        84     1.8493460083E+002
        85     1.8479496765E+002
        86     1.4499195862E+002
        87     2.1346113586E+002
        88     2.0362413025E+002
        89     1.9297782898E+002
        90     1.7910237122E+002
        91     1.2885588074E+002
        92     1.8495729065E+002
        93     1.8706463623E+002
        94     2.2814051819E+002
        95     1.8174992371E+002
        96     1.7735177612E+002
        97     1.7727204895E+002
        98     1.3446948242E+002
        99     1.9351107788E+002
       100     3.3629483032E+002
       101     1.8775758362E+002
       102     1.8092926025E+002
       103     1.7917086792E+002
       104     1.6989164734E+002
       105     1.8574914551E+002
       106     2.3703262329E+002
       107     1.8246264648E+002
       108     1.8302644348E+002
       109     1.8406024170E+002
       110     3.3353036499E+002
       111     1.8236837769E+002
       112     1.7832737732E+002
       113     1.7872834778E+002
       114     1.4155204773E+002
       115     1.8871556091E+002
       116     2.1572424316E+002
       117     1.7085182190E+002
       118     3.1948886108E+002
       119     1.8675418091E+002
       120     1.3668492126E+002
       121     1.7704133606E+002
       122     1.7415420532E+002
       123     1.7222964478E+002
       124     3.0156564331E+002
       125     1.8699737549E+002
       126     1.9403192139E+002
       127     1.8231579590E+002
       128     1.8715705872E+002
       129     3.5116937256E+002
       130     1.8281922913E+002
       131     1.7805564880E+002
       132     1.7632815552E+002
       133     1.7039881897E+002
       134     2.0964660645E+002
       135     1.6771449280E+002
       136     1.6383198547E+002
       137     1.8469488144E+001
       138     1.5024630737E+002
       139     1.7202143860E+002
       140     1.7220771790E+002
       141     1.9408218384E+002
       142     1.8301715088E+002
       143     2.0808566284E+002
       144     3.3459167480E+002
       145     1.8008197021E+002
       146     1.9293110657E+002
       147     1.7420960999E+002
       148     1.8314686584E+002
       149     1.7896643066E+002
       150     1.8780581665E+002
       151     1.7462510681E+002
       152     1.9537721252E+002
       153     1.6365155029E+002
       154     1.1632189941E+002
       155     1.7266725159E+002
       156     1.7476686096E+002
       157     1.7076594543E+002
       158     1.7135139465E+002
       159     1.7280781555E+002
       160     1.7556878662E+002
       161     1.7329907227E+002
       162     6.0702080727E+000
       163     1.8695962524E+002
       164     1.8665229797E+002
       165     1.7325773621E+002
       166     1.8655851746E+002
       167     1.7337756348E+002
       168     1.9451165771E+002
       169     1.7408946228E+002
       170     1.6350625610E+002
       171     1.2079197693E+002
       172     6.5114166260E+001
       173     1.7825798035E+002
       174     1.6940487671E+002
       175     1.7172180176E+002
       176     1.7543518066E+002
       177     1.9441900635E+002
       178     1.8627653503E+002
       179     1.7868511963E+002
       180     1.7258459473E+002
       181     1.8267341614E+002
       182     2.0495747375E+002
       183     2.3995416260E+002
       184     3.2368078613E+002
       185     2.1179074097E+002
       186     2.0551309204E+002
       187     1.7584527588E+002
       188     1.7650735474E+002
       189     1.6805032349E+002
       190     1.7148921204E+002
       191     1.7893005371E+002
       192     1.7598751831E+002
       193     1.5974453735E+002
       194     1.3792167664E+002
       195     1.6112026978E+002
       196     1.1247371674E+002
       197     1.6988710022E+002
       198     3.4277987671E+002
       199     1.7010026550E+002
       200     1.6845312500E+002
       201     1.7506172180E+002
       202     1.7824914551E+002
       203     1.6803091431E+002
       204     1.8563041687E+002
       205     1.8072389221E+002
       206     1.7250457764E+002
       207     1.8160157776E+002
       208     1.8267994690E+002
       209     3.5580825806E+002
       210     3.5267160034E+002
       211     3.5036715698E+002
       212     1.8023928833E+002
       213     3.5162426758E+002
       214     1.7982742310E+002
       215     1.8097721863E+002
       216     1.7826303101E+002
       217     1.7052507019E+002
       218     1.6997615051E+002
       219     1.6774465942E+002
       220     1.5983618164E+002
       221     3.4545318604E+002
       222     1.6691476440E+002
       223     1.6696684265E+002
       224     1.6857385254E+002
       225     1.6622392273E+002
       226     1.8031356812E+002
       227     1.7648194885E+002
       228     1.8391203308E+002
       229     1.7852412415E+002
       230     7.7440392971E-001
       231     2.9763760567E+000
       232     3.1481630802E+000
       233     2.7608430386E+000
       234     1.8341893005E+002
       235     3.5890472412E+002
       236     3.5802395630E+002
       237     3.5707437134E+002
       238     3.5745989990E+002
       239     2.3872860718E+002
       240     2.1942152405E+002
       241     1.7686782837E+002
       242     1.6612696838E+002
       243     1.7725480652E+002
       244     1.6499047852E+002
       245     1.3964721680E+002
       246     1.6357093811E+002
       247     1.6458140564E+002
       248     1.6344259644E+002
       249     1.8219082642E+002
       250     1.8189987183E+002
       251     1.8002333069E+002
       252     1.7831422424E+002
       253     1.8534481812E+002
       254     6.5670495033E+000
       255     3.2195074463E+002
       256     9.0728263855E+000
       257     3.5388949585E+002
       258     5.0838465691E+000
       259     4.5276556015E+000
       260     1.0001488686E+001
       261     1.2289934158E+000
       262     7.8476548195E-001
       263     9.0978640318E-001
       264     3.5262057495E+002
       265     6.7404319763E+001
       266     7.9964265823E+000
       267     1.6295951843E+002
       268     1.6353323364E+002
       269     1.5750952148E+002
       270     1.6521147156E+002
       271     1.6362670898E+002
       272     1.6154606628E+002
       273     1.8267408752E+002
       274     1.8245018005E+002
       275     1.6108395386E+002
       276     1.7992021179E+002
       277     1.4757788658E+001
       278     1.4234565735E+001
       279     1.4889803886E+001
       280     1.9315546036E+001
       281     7.2245888710E+000
       282     4.0151553154E+000
       283     9.2535095215E+000
       284     7.0629568100E+000
       285     6.0657358170E+000
       286     8.4841022491E+000
       287     1.3379306793E+001
       288     2.6770105362E+001
       289     2.3415065765E+001
       290     1.6070079041E+002
       291     1.6182952881E+002
       292     1.5953260803E+002
       293     1.6171298218E+002
       294     1.6392057800E+002
       295     1.5922764587E+002
       296     1.0714306641E+002
       297     1.5900883484E+002
       298     8.1989269257E+000
       299     1.5996116638E+002
       300     2.2364545822E+001
       301     1.3780739784E+001
       302     2.0976062775E+001
       303     7.2355403900E+000
       304     9.2273874283E+000
       305     8.4161415100E+000
       306     1.1123277664E+001
       307     8.4519853592E+000
       308     8.4219951630E+000
       309     1.6513124466E+001
       310     1.8566843033E+001
       311     2.1268417358E+001
       312     2.2317663193E+001
       313     1.6183027649E+002
       314     1.6058059692E+002
       315     1.5741244507E+002
       316     1.5665327454E+002
       317     1.1700042725E+002
       318     1.5807334900E+002
       319     1.5768161774E+001
       320     1.1309146881E+001
       321     2.2937797546E+001
       322     1.4422046661E+001
       323     1.0921186447E+001
       324     9.7169971466E+000
       325     1.2154080391E+001
       326     1.4723185539E+001
       327     1.0639779091E+001
       328     8.6394605637E+000
       329     1.9756227493E+001
       330     2.0944484711E+001
       331     2.3573640823E+001
       332     1.8957468033E+001
       333     1.5785276794E+002
       334     1.6151075745E+002
       335     1.4585346985E+002
       336     1.5501652527E+002
       337     1.5589923096E+002
       338     1.5705110168E+002
       339     9.6226072311E+000
       340     1.2551323891E+001
       341     1.9536315918E+002
       342     1.5918281555E+002
       343     1.6375553131E+001
       344     8.8791227341E+000
       345     4.1640133858E+000
       346     2.1266973495E+001
       347     1.8179706573E+001
       348     1.1527263641E+001
       349     2.3632299900E+000
       350     3.0794739723E+000
       351     3.3609350586E+002
       352     1.5649687195E+002
       353     1.5590605164E+002
       354     1.5284443665E+002
       355     1.1747196198E+002
       356     2.2920690918E+002
       357     3.5835806274E+002
       358     2.8792269230E+000
       359     1.5339183044E+002
       360     1.7942983627E+001
       361     1.9805981445E+002
       362     3.6453988552E+000
       363     2.0994754791E+001
       364     1.5971246719E+001
       365     1.1468742371E+001
       366     1.5554718971E+001
       367     4.1598782539E+000
       368     3.1353597641E+000
       369     1.9735813904E+002
       370     3.3966815186E+002
       371     1.8291471863E+002
       372     3.5527850342E+002
       373     3.4255502319E+002
       374     3.5390930176E+002
       375     3.4818847656E+002
       376     3.4975112915E+002
       377     3.5180520630E+002
       378     1.5422996521E+002
       379     1.5053097534E+002
       380     3.3827471924E+002
       381     3.4932482910E+002
       382     4.8689646721E+000
       383     5.8899264336E+000
       384     3.2747448730E+002
       385     7.2813615799E+000
       386     1.6985018921E+002
       387     1.2349574089E+001
       388     1.5342408752E+002
       389     2.7001464844E+001
       390     1.9132524109E+002
       391     1.9048991394E+002
       392     2.2881860733E+001
       393     1.5812909126E+001
       394     3.1871643066E+000
       395     6.7291502953E+000
       396     1.8930126953E+002
       397     1.9020703125E+002
       398     9.9412937164E+000
       399     7.2476501465E+000
       400     9.3276720047E+000
       401     8.4901657104E+000
       402     1.0810331345E+001
       403     7.1275682449E+000
       404     4.2915840149E+000
       405     1.5023484802E+002
       406     1.1267757416E+002
       407     1.2869597435E+001
       408     2.6093677521E+001
       409     1.8441200256E+001
       410     1.1232524872E+001
       411     3.1367922974E+002
       412     1.1467848778E+001
       413     7.2068352699E+000
       414     3.7349274158E+000
       415     1.5192456055E+002
       416     1.5240049744E+002
       417     1.8626158142E+002
       418     1.8340046692E+002
       419     1.8407881165E+002
       420     9.9428291321E+000
       421     1.2303961754E+001
       422     1.8799569702E+002
       423     9.2733583450E+000
       424     1.1937813759E+001
       425     1.0634676933E+001
       426     5.3657798767E+000
       427     7.0339698792E+000
       428     6.4982185364E+000
       429     1.4906968689E+002
       430     1.4887576294E+002
       431     1.2941772461E+001
       432     3.5981085205E+002
       433     2.2873544312E+002
       434     2.1207403183E+001
       435     8.1534242630E+000
       436     7.2982020378E+000
       437     1.9205015182E+001
       438     3.8950610161E+000
       439     3.9154579639E+000
       440     7.3115601540E+000
       441     1.5167639160E+002
       442     1.7520974731E+002
       443     1.8024232483E+002
       444     1.8167639160E+002
       445     1.5796437263E+001
       446     1.8632763672E+002
       447     1.2291628838E+001
       448     1.7106037140E+001
       449     1.3870182991E+001
       450     9.5070934296E+000
       451     1.0445587158E+001
       452     1.4987901306E+002
       453     1.4407577515E+002
       454     1.9819240570E+001
       455     1.7038785934E+001
       456     1.6000783920E+001
       457     3.5163281250E+002
       458     1.4736434937E+001
       459     6.3097562790E+000
       460     7.7170691490E+000
       461     1.2714822769E+001
       462     1.1299195290E+001
       463     1.0169366837E+001
       464     1.2160987854E+001
       465     1.5256867981E+002
       466     1.7755105591E+002
       467     1.7714157104E+002
       468     1.8030366516E+002
       469     2.1643272400E+001
       470     1.7732892990E+001
       471     2.1718599319E+001
       472     1.7833728790E+001
       473     1.4808698654E+001
       474     1.3624112129E+001
       475     1.5107516479E+002
       476     1.4936897278E+002
       477     2.1775472641E+001
       478     1.8777753830E+001
       479     2.2577375412E+001
       480     5.4438347816E+000
       481     6.7111949921E+000
       482     3.3864291382E+002
       483     3.3998217773E+002
       484     1.0817304611E+001
       485     1.1541485786E+001
       486     1.4271934509E+001
       487     1.2597194672E+001
       488     1.3634395599E+001
       489     1.4612843513E+001
       490     1.7176239014E+002
       491     1.7415626526E+002
       492     1.7655419922E+002
       493     1.7922625732E+002
       494     2.0934040070E+001
       495     2.6237876892E+001
       496     1.9605243683E+001
       497     1.8536176682E+001
       498     1.5225051880E+002
       499     1.5419973755E+002
       500     1.3577003479E+002
       501     2.0493780136E+001
       502     2.2933515549E+001
       503     1.9233970642E+001
       504     1.7027784348E+001
       505     2.1564022064E+001
       506     2.0784816742E+001
       507     2.0583679199E+001
       508     1.1659889221E+001
       509     1.6076482773E+001
       510     1.6285659790E+001
       511     1.1921410561E+001
       512     1.7574005127E+001
       513     1.9394386292E+001
       514     1.4947718811E+002
       515     1.5717253113E+002
       516     1.7513392639E+002
       517     1.7640388489E+002
       518     2.5202491760E+001
       519     2.8300386429E+001
       520     2.3885845184E+001
       521     1.5125625610E+002
       522     1.4990702820E+002
       523     2.0902830124E+001
       524     1.6757408142E+001
       525     2.1920042038E+001
       526     1.5960794449E+001
       527     1.2376223564E+001
       528     1.3601302147E+001
       529     1.3055828094E+001
       530     1.8313114166E+001
       531     1.7684364319E+001
       532     1.7728536606E+001
       533     1.9224905014E+001
       534     1.7836494446E+001
       535     2.2592510223E+001
       536     2.1773338318E+001
       537     2.3924627304E+001
       538     1.4904562378E+002
       539     1.7137016296E+002
       540     1.7348770142E+002
       541     2.9329906464E+001
       542     2.9881525040E+001
       543     2.5941991806E+001
       544     1.5254986572E+002
       545     1.5579997253E+002
       546     1.5492095947E+001
       547     2.5510463715E+001
       548     1.6691291809E+001
       549     1.5731564522E+001
       550     1.4064356804E+001
       551     1.6475856781E+001
       552     1.5598385811E+001
       553     1.8635084152E+001
       554     1.5504000664E+001
       555     1.9032684326E+001
       556     2.0336841583E+001
       557     2.0775056839E+001
       558     2.4435523987E+001
       559     2.4465591431E+001
       560     2.6521408081E+001
       561     1.7078936768E+002
       562     1.7172221375E+002
       563     3.2064002991E+001
       564     3.0352062225E+001
       565     2.9102062225E+001
       566     1.5599969482E+002
       567     1.5661613464E+002
       568     2.6123460770E+001
       569     2.2245859146E+001
       570     2.8992359161E+001
       571     1.9026733398E+001
       572     1.7811285019E+001
       573     1.9871137619E+001
       574     2.2601785660E+001
       575     1.7532083511E+001
       576     1.8125009537E+001
       577     2.0065015793E+001
       578     2.2082143784E+001
       579     2.0594749451E+001
       580     2.2671279907E+001
       581     2.3918163300E+001
       582     2.6637821198E+001
       583     2.6539489746E+001
       584     2.9079345703E+001
       585     1.7074932861E+002
       586     1.7032978821E+002
       587     1.7153178406E+002
       588     3.0030090332E+001
       589     1.5783320618E+002
       590     1.5249226379E+002
       591     2.6192108154E+001
       592     2.1205680847E+001
       593     2.5198108673E+001
       594     2.6733289719E+001
       595     2.2996334076E+001
       596     2.3417276382E+001
       597     2.5149085999E+001
       598     2.5635580063E+001
       599     2.5013786316E+001
       600     2.2366039276E+001
       601     2.3274688721E+001
       602     2.3560688019E+001
       603     2.6219396591E+001
       604     2.5947677612E+001
       605     2.8779300690E+001
       606     2.8395668030E+001
       607     2.8130462646E+001
       608     2.9934688568E+001
       609     1.5630712891E+002
       610     1.7009487915E+002
       611     2.9925434113E+001
       612     1.5610687256E+002
       613     1.5317916870E+002
       614     2.2179388046E+001
       615     2.5283342361E+001
       616     2.5752048492E+001
       617     3.0763031006E+001
       618     3.1441593170E+001
       619     2.5829418182E+001
       620     2.5174619675E+001
       621     2.4746095657E+001
       622     2.4938562393E+001
       623     2.5526409149E+001
       624     2.7071472168E+001
       625     2.7993934631E+001
       626     2.7180494308E+001
       627     2.6181098938E+001
       628     2.5333488464E+001
       629     2.7561008453E+001
       630     3.0152135849E+001
       631     2.9153760910E+001
       632     2.9308570862E+001
       633     3.1386371613E+001
       634     1.5222502136E+002
       635     1.5202166748E+002
       636     1.5440399170E+002
       637     1.4832194519E+002
       638     2.8166246414E+001
       639     2.8641733170E+001
       640     3.0253467560E+001
       641     3.3607849121E+001
       642     3.3930709839E+001
       643     2.7840053558E+001
       644     2.8797264099E+001
       645     3.0051198959E+001
       646     3.1055076599E+001
       647     2.7432544708E+001
       648     3.2660167694E+001
       649     2.9134675980E+001
       650     2.8762290955E+001
       651     2.8002006531E+001
       652     2.8539287567E+001
       653     2.9320812225E+001
       654     3.0951936722E+001
       655     3.1082292557E+001
       656     2.9997192383E+001
       657     3.1465625763E+001
       658     1.5442646790E+002
       659     1.5475639343E+002
       660     1.4977915955E+002
       661     2.9047830582E+001
       662     3.0665119171E+001
       663     3.1115737915E+001
       664     3.3932270050E+001
       665     3.4200641632E+001
       666     3.4697788239E+001
       667     3.6339694977E+001
       668     3.1935258865E+001
       669     3.5123237610E+001
       670     3.2715560913E+001
       671     3.2315998077E+001
       672     3.4859493256E+001
       673     2.9645236969E+001
       674     3.1438447952E+001
       675     3.1346807480E+001
       676     2.9378545761E+001
       677     2.9799297333E+001
       678     3.0120948792E+001
       679     3.1146160126E+001
       680     3.1288290024E+001
       681     3.0431701660E+001
       682     3.2172595978E+001
       683     1.5488095093E+002
       684     9.8483283997E+001
       685     1.5042512512E+002
       686     1.4895559692E+002
       687     3.3979896545E+001
       688     3.2951915741E+001
       689     2.7709121704E+001
       690     3.4121826172E+001
       691     3.4745098114E+001
       692     3.4680187225E+001
       693     3.4426742554E+001
       694     3.4045959473E+001
       695     3.3321258545E+001
       696     3.4988647461E+001
       697     3.5547943115E+001
       698     3.3364341736E+001
       699     3.4854785919E+001
       700     3.1748775482E+001
       701     3.3862941742E+001
       702     3.0685085297E+001
       703     3.1866254807E+001
       704     3.0555656433E+001
       705     3.1930080414E+001
       706     3.2231727600E+001
       707     3.1792234421E+001
       708     3.4568626404E+001
       709     1.4031446838E+002
       710     1.4773197937E+002
       711     4.4771171570E+001
       712     3.5129486084E+001
       713     7.7795318604E+001
       714     2.1040969849E+001
       715     3.9172599792E+001
       716     3.9593601227E+001
       717     5.5260276794E+001
       718     3.2180519104E+001
       719     2.7763648987E+001
       720     2.9879682541E+001
       721     3.2745285034E+001
       722     3.4097980499E+001
       723     3.1864753723E+001
       724     3.2141777039E+001
       725     3.5463886261E+001
       726     3.5333595276E+001
       727     3.5266540527E+001
       728     3.5869003296E+001
       729     3.4692375183E+001
       730     3.5169578552E+001
       731     3.1769342422E+001
       732     3.4157066345E+001
       733     3.2594638824E+001
       734     3.2766124725E+001
       735     3.4405910492E+001
       736     3.9419960022E+001
       737     3.5885055542E+001
       738     3.3491146088E+001
       739     4.2656024933E+001
       740     5.2663864136E+001
       741     4.1371566772E+001
       742     3.2623275757E+001
       743     3.1067325592E+001
       744     3.2055789948E+001
       745     3.4342685699E+001
       746     3.2749111176E+001
       747     3.2304019928E+001
       748     3.5766441345E+001
       749     3.7135543823E+001
       750     3.6283466339E+001
       751     3.6067314148E+001
       752     3.6833995819E+001
       753     3.7794437408E+001
       754     4.8938529968E+001
       755     3.7207260132E+001
       756     3.5138141632E+001
       757     3.5628471375E+001
       758     3.9221027374E+001
       759     3.5824790955E+001
       760     3.3710193634E+001
       761     3.4037899017E+001
       762     3.3987766266E+001
       763     3.4723739624E+001
       764     3.8217105865E+001
       765     3.7590328217E+001
       766     3.7385269165E+001
       767     3.7098258972E+001
       768     3.6527988434E+001
       769     6.7667945862E+001
       770     3.8086753845E+001
       771     3.3978351593E+001
       772     3.1514961243E+001
       773     3.3792503357E+001
       774     3.3971881866E+001
       775     3.3032939911E+001
       776     3.7450874329E+001
       777     3.4704406738E+001
       778     3.6084442139E+001
       779     3.7410839081E+001
       780     3.7927764893E+001
       781     3.9766174316E+001
       782     4.1061561584E+001
       783     4.3751041412E+001
       784     6.2451648712E+001
       785     1.5243637085E+002
       786     4.0022872925E+001
       787     3.0330469131E+001
       788     3.5353214264E+001
       789     4.4822154999E+001
       790     1.1350331116E+002
       791     3.3032695770E+001
       792     3.8777702332E+001
       793     3.4438163757E+001
       794     3.7397708893E+001
       795     4.1354759216E+001
       796     4.0592975616E+001
       797     4.3542194366E+001
       798     1.7385281372E+002
       799     1.7865539551E+002
       800     6.6571319580E+001
       801     4.1643096924E+001
       802     3.4051219940E+001
       803     1.3290864563E+002
       804     2.9007209778E+001
       805     7.0326599121E+001
       806     3.5801609039E+001
       807     4.1092117310E+001
       808     3.9372421265E+001
       809     4.1922756195E+001
       810     4.0178955078E+001
       811     2.9551202774E+001
       812     4.2597091675E+001
       813     2.8663724899E+001
       814     1.4473881531E+002
       815     3.6467323303E+001
       816     3.5438240051E+001
       817     3.8845489502E+001
       818     3.5755619049E+001
       819     3.2491664886E+001
       820     3.9690612793E+001
       821     3.8971866608E+001
       822     9.2509971619E+001
       823     2.0810729980E+001
       824     3.1474127197E+002
       825     2.3787420273E+001
       826     3.7154655457E+001
       827     3.8584609985E+001
       828     3.5704338074E+001
       829     3.3253883362E+001
       830     3.8722061157E+001
       831     1.4319596863E+002
       832     2.0689706802E+001
       833     1.0674776459E+002
       834     3.3102490234E+002
       835     2.9802364349E+001
       836     3.2189224243E+001
       837     3.9977108002E+001
       838     3.8138122559E+001
       839     1.4778791809E+002
       840     2.5412147522E+001
       841     1.4388201714E+001
       842     1.7105952454E+002
       843     1.2245381355E+001
       844     1.8259483337E+001
       845     3.0906785965E+001
       846     2.7499324799E+001
       847     3.1165359497E+001
       848     1.2234011841E+002
       849     2.1981357574E+001
       850     1.6699453354E+001
       851     1.5865390015E+002
       852     2.3853385925E+001
       853     1.9018888474E+001
       854     1.3917461395E+001
       855     2.2081800461E+001
       856     1.5556257629E+002
       857     1.3304438591E+001
       858     1.1011088371E+001
       859     1.9051427841E+001
       860     1.6462399292E+002
       861     9.5715827942E+000
       862     2.2609655380E+001
       863     6.0691080093E+000
       864     1.6025814819E+002
       865     1.2857373238E+001
       866     1.7049802780E+001
       867     1.7101886749E+001
       868     2.2125499725E+001
       869     1.5398617744E+001
       870     1.5825140381E+002
       871     1.1304780960E+001
       872     3.2674316406E+002
       873     2.0040907288E+002
       874     6.1091904640E+000
       875     1.6196627617E+000
       876     1.6638156128E+002
       877     1.6181495667E+001
       878     8.7030509949E+001
       879     1.0949922562E+001
       880     5.4022369385E+000
       881     3.7001876831E+001
       882     1.4621516418E+002
       883     1.3029777527E+001
       884     1.7496139526E+002
       885     3.5974908447E+002
       886     3.0439257812E+002
       887     1.5005757332E+001
       888     6.1370859146E+000
       889     1.6061737061E+001
       890     1.7039932251E+002
       891     1.6462858200E+001
       892     1.5917555809E+001
       893     1.4409168243E+001
       894     1.7139617920E+002
       895     2.1563446522E+000
       896     3.3637985229E+002
       897     8.1403713226E+000
       898     5.6038603783E+000
       899     1.8932413101E+001
       900     1.3449578285E+001
       901     1.8272087097E+002
       902     1.3703158569E+002
       903     1.0323013306E+001
       904     1.1849277496E+001
       905     2.7914319992E+001
       906     1.6600291443E+002
       907     1.6956439209E+002
       908     1.7226200867E+002
       909     4.2641754150E+000
       910     3.4205004883E+002
       911     6.5813503265E+000
       912     4.8376402855E+000
       913     2.3565582275E+001
       914     1.0655037689E+002
       915     1.8747361755E+002
       916     1.3108678818E+001
       917     9.6617984772E+000
       918     3.5463662720E+002
       919     1.3084083557E+001
       920     1.6639790344E+002
       921     1.6737197876E+002
       922     2.9063127041E+000
       923     2.2495999336E+000
       924     6.3651647568E+000
       925     2.6576911926E+001
       926     1.2464836121E+002
       927     1.7044017029E+002
       928     1.4437506676E+001
       929     1.0164615631E+001
       930     3.4881982422E+002
       931     3.5425076294E+002
       932     3.5138879395E+002
       933     2.5701627731E+001
       934     1.6406803894E+002
       935     9.4789657593E+000
       936     6.7439866066E-001
       937     2.2332000732E+000
       938     7.1255340576E+000
       939     1.8026288986E+001
       940     2.9548021317E+001
       941     1.0636608887E+002
       942     1.8696357727E+002
       943     1.1796836853E+001
       944     2.8897619247E+000
       945     4.1222620010E+000
       946     1.6775930786E+002
       947     3.4297094727E+002
       948     3.5898049927E+002
       949     2.5282719731E-001
       950     3.8762319088E+000
       951     8.6411457062E+000
       952     1.5602007866E+001
       953     1.6110282898E+001
       954     1.8171846390E+001
       955     7.9486985207E+000
       956     1.7042457581E+002
       957     1.0610174179E+001
       958     3.3925775146E+002
       959     1.8202780151E+002
       960     3.4279522705E+002
       961     2.6918671131E+000
       962     6.8118724823E+000
       963     1.1213057518E+001
       964     1.8454027176E+001
       965     1.7020614624E+002
       966     1.0069623947E+001
       967     1.8826686096E+002
       968     3.4265179443E+002
       969     1.7609841919E+002
       970     1.7070027161E+002
       971     1.6660813904E+002
       972     1.7199047852E+002
       973     1.3724075317E+002
       974     3.1881539917E+002
       975     1.8046354675E+002
       976     1.7846765137E+002
       977     1.7237936401E+002
       978     1.1037777710E+002
       979     1.6020722961E+002
       980     1.7461985779E+002
       981     1.7872315979E+002
       982     3.1603009033E+002
       983     1.3967671204E+002
       984     1.7950286865E+002
       985     1.7759643555E+002
       986     1.7362777710E+002
       987     1.4849505615E+002
       988     1.5023048401E+002
       989     1.7483602905E+002
       990     1.7053813171E+002
       991     2.0669444275E+002
       992     1.1135845184E+002
       993     1.8239320374E+002
       994     1.7900958252E+002
       995     1.7339781189E+002
       996     1.7746369934E+002
       997     1.7048742676E+002
       998     2.1230735779E+002
       999     1.3358598328E+002
      1000     1.9299182129E+002
      1001     1.3695989990E+002
      1002     1.7936367798E+002
      1003     1.7622329712E+002
      1004     1.7407983398E+002
      1005     1.8543753052E+002
      1006     2.1688459778E+002
      1007     1.3878511047E+002
      1008     1.2525333405E+002
      1009     1.8800070190E+002
      1010     1.7262834167E+002
      1011     1.7836805725E+002
      1012     1.7749348450E+002
      1013     1.8319932556E+002
      1014     2.2222817993E+002
      1015     1.7248771667E+002
      1016     2.2833036804E+002
      1017     1.7357662964E+002
      1018     1.8141062927E+002
      1019     1.8035340881E+002
      1020     1.8810287476E+002
      1021     1.7206068420E+002
      1022     2.2858111572E+002
      1023     1.8060949707E+002
      1024     1.8310066223E+002
      1025     1.8773490906E+002
      1026     1.8179469299E+002
      1027     1.5231901550E+002
      1028     1.9602465820E+002
      1029     1.8438264465E+002
      1030     1.8538787842E+002
      1031     1.6671034241E+002
      1032     1.9186180115E+002
      1033     1.8695750427E+002
      1034     1.7275607300E+002
      1035     2.2514736938E+002
      1036     1.7992199707E+002
      1037     2.2736471558E+002
      1038     2.3316821289E+002
      1039     2.2844131470E+002
      1040     1.6528082275E+002
      1041     2.0966139221E+002
      1042     2.2629006958E+002
      1043     2.1063606262E+002
      1044     1.6758340454E+002
      1045     2.2242098999E+002
      1046     2.2518270874E+002
      1047     2.0530749512E+002
      1048     1.9842454529E+002
      1049     2.0068455505E+002
      1050     1.5158493042E+002
      1051     2.0166362000E+002
      1052     1.9700003052E+002
      1053     1.9567926025E+002
      1054     1.9806179810E+002
      1055     4.2140731812E+001
      1056     1.9535870361E+002
      1057     1.7322802734E+002
      1058     2.2024575806E+002
      1059     3.1026205444E+002
      1060     2.3001155090E+002
      1061     3.1023489380E+002
      1062     2.3660873413E+002
      1063     3.0977523804E+002
      1064     2.2751753235E+002
      1065     2.9326538086E+002
      1066     2.1695356750E+002
      1067     2.8229824829E+002
      1068     1.6187084961E+002
      1069     3.4582584381E+001
