  nc_newport_river_core_cr4_bath    v31.06 iterative         Albemarle-Pamlico Estuar
          1       1069  0.1000000E+001        1     1 FileFmtVersion:    1050624
     2.5920000000E+005          51840
         1     2.3176193237E+000
         2     3.2169985771E+000
         3     2.8298697472E+000
         4     3.5075573921E+000
         5     2.8393123150E+000
         6     3.3657171726E+000
         7     2.9711055756E+000
         8     3.5447120667E+000
         9     3.6626076698E+000
        10     2.4845130444E+000
        11     3.7809033394E+000
        12     3.6822550297E+000
        13     2.6908590794E+000
        14     3.7484264374E+000
        15     4.0493106842E+000
        16     2.9275553226E+000
        17     3.3701033592E+000
        18     2.9189703465E+000
        19     3.2856895924E+000
        20     2.6096880436E+000
        21     3.4585392475E+000
        22     2.8658730984E+000
        23     2.5888271332E+000
        24     2.5057959557E+000
        25     3.7098157406E+000
        26     2.6553225517E+000
        27     2.4245367050E+000
        28     2.1723074913E+000
        29     3.6345102787E+000
        30     3.7675693035E+000
        31     2.5220503807E+000
        32     3.4876959324E+000
        33     3.7820725441E+000
        34     3.5352838039E+000
        35     2.9097108841E+000
        36     3.5616350174E+000
        37     3.8947877884E+000
        38     2.9595820904E+000
        39     2.5059025288E+000
        40     2.8940713406E+000
        41     2.1262338161E+000
        42     3.3025360107E+000
        43     3.3501200676E+000
        44     3.4316802025E+000
        45     3.2794101238E+000
        46     2.8550233841E+000
        47     3.0226538181E+000
        48     3.6707072258E+000
        49     2.2336020470E+000
        50     3.0031063557E+000
        51     3.5379331112E+000
        52     3.6557886600E+000
        53     3.3424754143E+000
        54     2.0691854954E+000
        55     4.2467684746E+000
        56     2.3098313808E+000
        57     4.0179753304E+000
        58     2.6160597801E+000
        59     3.0607864857E+000
        60     3.1600584984E+000
        61     2.4836535454E+000
        62     2.2777743340E+000
        63     4.1446881294E+000
        64     2.9765844345E+000
        65     3.4498598576E+000
        66     4.3055982590E+000
        67     4.2390270233E+000
        68     2.0074563026E+000
        69     3.6796834469E+000
        70     3.4475162029E+000
        71     2.8756573200E+000
        72     3.6458156109E+000
        73     2.6819481850E+000
        74     3.7108418941E+000
        75     3.5706837177E+000
        76     3.5382165909E+000
        77     3.0811729431E+000
        78     3.0916495323E+000
        79     3.6849148273E+000
        80     4.4213347435E+000
        81     1.5801880360E+000
        82     4.2585496902E+000
        83     3.1419672966E+000
        84     4.0191912651E+000
        85     4.2424788475E+000
        86     3.0483446121E+000
        87     2.8261444569E+000
        88     2.8270955086E+000
        89     2.5357246399E+000
        90     2.5337002277E+000
        91     3.3468959332E+000
        92     4.6392364502E+000
        93     4.0920467377E+000
        94     2.7517805099E+000
        95     3.9790570736E+000
        96     2.3612887859E+000
        97     4.2498078346E+000
        98     3.3595502377E+000
        99     2.6038000584E+000
       100     1.6417813301E+000
       101     2.8388411999E+000
       102     2.4740927219E+000
       103     3.0296952724E+000
       104     1.7233973742E+000
       105     2.9789624214E+000
       106     3.0558452606E+000
       107     4.3963088989E+000
       108     4.4349765778E+000
       109     4.0018982887E+000
       110     2.5236318111E+000
       111     4.1196088791E+000
       112     4.3893294334E+000
       113     4.0847349167E+000
       114     2.6673710346E+000
       115     2.9423322678E+000
       116     3.2506060600E+000
       117     2.9246366024E+000
       118     1.8849931955E+000
       119     3.6654250622E+000
       120     3.3873846531E+000
       121     4.1282958984E+000
       122     2.7321732044E+000
       123     2.1019349098E+000
       124     2.3054842949E+000
       125     2.5189568996E+000
       126     2.3809213638E+000
       127     2.7158310413E+000
       128     3.9530887604E+000
       129     2.4121482372E+000
       130     4.3459477425E+000
       131     4.0791440010E+000
       132     4.0196623802E+000
       133     2.4504628181E+000
       134     2.3553700447E+000
       135     3.1166648865E+000
       136     3.7163119316E+000
       137     3.0546772480E+000
       138     2.7140064240E+000
       139     4.1200971603E+000
       140     3.4593915939E+000
       141     2.7035241127E+000
       142     2.9041535854E+000
       143     2.4633224010E+000
       144     2.8094165325E+000
       145     2.4160478115E+000
       146     1.9492375851E+000
       147     4.1288266182E+000
       148     3.4669342041E+000
       149     4.2221879959E+000
       150     1.9102293253E+000
       151     4.0399918556E+000
       152     2.1513707638E+000
       153     3.8671510220E+000
       154     3.2998747826E+000
       155     2.2491545677E+000
       156     2.8397562504E+000
       157     4.2595582008E+000
       158     3.7968485355E+000
       159     2.9306252003E+000
       160     3.5667529106E+000
       161     3.8207740784E+000
       162     2.9989168644E+000
       163     2.2172274590E+000
       164     3.0870692730E+000
       165     4.4940557480E+000
       166     2.3439350128E+000
       167     3.6673200130E+000
       168     2.2683472633E+000
       169     2.3293185234E+000
       170     3.5413000584E+000
       171     2.8508198261E+000
       172     2.5169980526E+000
       173     3.0809686184E+000
       174     4.2665977478E+000
       175     3.6230776310E+000
       176     1.7289912701E+000
       177     1.6376228333E+000
       178     3.3150141239E+000
       179     4.3469314575E+000
       180     4.2608880997E+000
       181     3.9946775436E+000
       182     1.8457878828E+000
       183     1.5534888506E+000
       184     1.4171701670E+000
       185     2.1476702690E+000
       186     1.7167392969E+000
       187     3.0444307327E+000
       188     3.2560062408E+000
       189     3.6490647793E+000
       190     3.5266189575E+000
       191     1.8339754343E+000
       192     2.4292242527E+000
       193     2.1079292297E+000
       194     3.2099845409E+000
       195     3.5483567715E+000
       196     2.4234392643E+000
       197     2.2853367329E+000
       198     2.8906512260E+000
       199     3.5821111202E+000
       200     4.0379476547E+000
       201     2.1862933636E+000
       202     2.8788540363E+000
       203     4.0428385735E+000
       204     3.9195599556E+000
       205     3.9355795383E+000
       206     4.4503440857E+000
       207     4.3987021446E+000
       208     4.1850299835E+000
       209     1.5312331915E+000
       210     1.6574960947E+000
       211     3.5858528614E+000
       212     4.0751929283E+000
       213     3.9655606747E+000
       214     3.5115361214E+000
       215     2.8798744678E+000
       216     2.8636384010E+000
       217     3.4154701233E+000
       218     3.1819963455E+000
       219     2.2146177292E+000
       220     3.6922125816E+000
       221     2.8583323956E+000
       222     3.8194320202E+000
       223     3.9666090012E+000
       224     3.9905533791E+000
       225     4.0128512383E+000
       226     4.3707313538E+000
       227     4.3960461617E+000
       228     4.2850966454E+000
       229     3.3615512848E+000
       230     1.5833880901E+000
       231     1.5189429522E+000
       232     2.0323681831E+000
       233     1.7627855539E+000
       234     4.0350298882E+000
       235     2.7224464417E+000
       236     3.6505537033E+000
       237     4.1309638023E+000
       238     2.7558047771E+000
       239     2.0552165508E+000
       240     1.9124085903E+000
       241     3.4166610241E+000
       242     4.0798625946E+000
       243     3.6865110397E+000
       244     3.6655356884E+000
       245     2.9524638653E+000
       246     3.2639179230E+000
       247     3.5472249985E+000
       248     3.9007694721E+000
       249     4.2741851807E+000
       250     4.1847519875E+000
       251     3.7754418850E+000
       252     3.0932109356E+000
       253     2.1714036465E+000
       254     1.6736322641E+000
       255     1.1394361258E+000
       256     1.6564342976E+000
       257     9.2672038078E-001
       258     1.8662635088E+000
       259     3.0614926815E+000
       260     1.9014637470E+000
       261     4.2141041756E+000
       262     3.2232992649E+000
       263     4.1132149696E+000
       264     9.9537414312E-001
       265     3.1014928818E+000
       266     1.5305891037E+000
       267     3.9905567169E+000
       268     4.0390920639E+000
       269     2.1502232552E+000
       270     2.2238793373E+000
       271     2.6238145828E+000
       272     3.1380379200E+000
       273     3.8836700916E+000
       274     3.7965500355E+000
       275     3.8762538433E+000
       276     3.7431848049E+000
       277     1.0759940147E+000
       278     1.4602189064E+000
       279     1.2817236185E+000
       280     1.3705663681E+000
       281     2.1205573082E+000
       282     3.1029133797E+000
       283     1.6330742836E+000
       284     4.1765780449E+000
       285     3.9304692745E+000
       286     4.1024789810E+000
       287     1.8882219791E+000
       288     2.2315304279E+000
       289     2.0375845432E+000
       290     3.7862432003E+000
       291     2.5990080833E+000
       292     2.2942967415E+000
       293     2.3761026859E+000
       294     2.6110007763E+000
       295     2.6576097012E+000
       296     2.7822864056E+000
       297     3.2236847878E+000
       298     3.9482812881E+000
       299     3.7822165489E+000
       300     1.1216419935E+000
       301     1.3197454214E+000
       302     1.0254384279E+000
       303     2.6890740395E+000
       304     2.7896966934E+000
       305     1.7096269131E+000
       306     3.9345724583E+000
       307     3.8650593758E+000
       308     3.9525554180E+000
       309     1.5611140728E+000
       310     1.3529030085E+000
       311     1.2257764339E+000
       312     1.9508390427E+000
       313     3.1633193493E+000
       314     3.0939688683E+000
       315     2.6370408535E+000
       316     2.7602541447E+000
       317     2.4855866432E+000
       318     3.3715021610E+000
       319     2.7032775879E+000
       320     3.8351917267E+000
       321     1.1820573807E+000
       322     1.0285142660E+000
       323     2.9202361107E+000
       324     2.1448805332E+000
       325     1.5407608747E+000
       326     3.7699365616E+000
       327     3.8503847122E+000
       328     2.4811506271E+000
       329     1.5415263176E+000
       330     1.3708763123E+000
       331     1.7003426552E+000
       332     1.0198297501E+000
       333     2.2960722446E+000
       334     1.4051702023E+000
       335     1.6596442461E+000
       336     3.2429256439E+000
       337     3.3043775558E+000
       338     3.0876226425E+000
       339     1.4095562696E+000
       340     1.2887581587E+000
       341     2.3219151497E+000
       342     3.6048550606E+000
       343     3.7777612209E+000
       344     3.4479866028E+000
       345     2.7085959911E+000
       346     1.0196472406E+000
       347     1.3241113424E+000
       348     1.3495591879E+000
       349     2.1121416092E+000
       350     2.3036119938E+000
       351     1.6959300041E+000
       352     3.0174286366E+000
       353     2.2410526276E+000
       354     2.0265839100E+000
       355     2.7622668743E+000
       356     1.7331171036E+000
       357     1.3858397007E+000
       358     1.0683279037E+000
       359     2.6143012047E+000
       360     3.2831268311E+000
       361     3.4515748024E+000
       362     2.5467901230E+000
       363     3.5850982666E+000
       364     3.4946544170E+000
       365     3.0123376846E+000
       366     1.0131230354E+000
       367     1.4783935547E+000
       368     2.6112182140E+000
       369     3.3567080498E+000
       370     1.1656684875E+000
       371     1.4572242498E+000
       372     1.3069075346E+000
       373     1.4715704918E+000
       374     1.1274913549E+000
       375     1.2767250538E+000
       376     1.3538125753E+000
       377     1.2467360497E+000
       378     2.6608827114E+000
       379     1.7090892792E+000
       380     2.0358293056E+000
       381     7.4548232555E-001
       382     1.2597756386E+000
       383     1.4851053953E+000
       384     1.9453083277E+000
       385     1.3107641935E+000
       386     2.1018922329E+000
       387     1.0045247078E+000
       388     2.2723715305E+000
       389     2.8098897934E+000
       390     3.8315193653E+000
       391     3.2177484035E+000
       392     2.8949325085E+000
       393     2.6582903862E+000
       394     2.6460552216E+000
       395     3.2063198090E+000
       396     3.7126290798E+000
       397     4.0799951553E+000
       398     2.2381780148E+000
       399     2.8343245983E+000
       400     2.6394698620E+000
       401     1.1487681866E+000
       402     2.1256911755E+000
       403     1.4794523716E+000
       404     1.9135712385E+000
       405     2.1498641968E+000
       406     2.8936674595E+000
       407     1.5289733410E+000
       408     1.8375431299E+000
       409     1.6069101095E+000
       410     1.8724044561E+000
       411     1.6360001564E+000
       412     1.0852508545E+000
       413     1.2863852978E+000
       414     1.5538380146E+000
       415     2.4004516602E+000
       416     2.4293751717E+000
       417     3.7195847034E+000
       418     3.1672992706E+000
       419     3.9865450859E+000
       420     3.3412020206E+000
       421     3.5147113800E+000
       422     4.1447863579E+000
       423     3.1950247288E+000
       424     3.4296741486E+000
       425     3.2987449169E+000
       426     2.1335349083E+000
       427     3.4517455101E+000
       428     2.6551587582E+000
       429     1.9892899990E+000
       430     1.5601600409E+000
       431     1.3709740639E+000
       432     1.2110264301E+000
       433     1.2761735916E+000
       434     1.4992676973E+000
       435     1.3123562336E+000
       436     1.3473422527E+000
       437     1.8676617146E+000
       438     2.0447351933E+000
       439     2.5126810074E+000
       440     3.4251384735E+000
       441     2.1883077621E+000
       442     2.7209548950E+000
       443     3.9746592045E+000
       444     4.0999093056E+000
       445     3.6494760513E+000
       446     4.1796045303E+000
       447     3.5822875500E+000
       448     3.7335195541E+000
       449     3.3896400928E+000
       450     3.6897387505E+000
       451     4.0061230659E+000
       452     2.2717828751E+000
       453     2.5551342964E+000
       454     1.8479582071E+000
       455     1.8837183714E+000
       456     2.0563457012E+000
       457     1.8218429089E+000
       458     1.5017838478E+000
       459     2.7310345173E+000
       460     1.8238307238E+000
       461     1.7082333565E+000
       462     3.6099860668E+000
       463     3.6928126812E+000
       464     3.8844375610E+000
       465     2.3742187023E+000
       466     3.0221831799E+000
       467     3.8785088062E+000
       468     4.0812449455E+000
       469     3.7369871140E+000
       470     3.7405762672E+000
       471     3.8093802929E+000
       472     3.5126883984E+000
       473     4.2421398163E+000
       474     3.9976596832E+000
       475     2.0902085304E+000
       476     1.1912356615E+000
       477     2.2253744602E+000
       478     1.8855565786E+000
       479     2.2968192101E+000
       480     1.5977389812E+000
       481     1.5195562840E+000
       482     2.0431828499E+000
       483     2.5757205486E+000
       484     2.3352036476E+000
       485     3.0352602005E+000
       486     3.7502570152E+000
       487     1.6284146309E+000
       488     3.9047415257E+000
       489     4.1331129074E+000
       490     2.8131861687E+000
       491     3.7905189991E+000
       492     3.8865094185E+000
       493     4.0241932869E+000
       494     3.7967257500E+000
       495     3.7786066532E+000
       496     3.6231844425E+000
       497     3.4140787125E+000
       498     2.0046622753E+000
       499     1.9605499506E+000
       500     2.4012398720E+000
       501     1.9641152620E+000
       502     1.7778049707E+000
       503     2.3866283894E+000
       504     1.7353587151E+000
       505     2.8510589600E+000
       506     2.5826210976E+000
       507     2.4118847847E+000
       508     2.9697079659E+000
       509     3.8473677635E+000
       510     3.9815902710E+000
       511     2.5027611256E+000
       512     4.2573094368E+000
       513     4.5658769608E+000
       514     2.6621811390E+000
       515     3.7283549309E+000
       516     3.7584095001E+000
       517     3.8000011444E+000
       518     3.7838003635E+000
       519     3.6383471489E+000
       520     3.7099587917E+000
       521     2.1349532604E+000
       522     1.3867068291E+000
       523     2.2888851166E+000
       524     1.9501968622E+000
       525     2.0312094688E+000
       526     2.4132921696E+000
       527     2.8270013332E+000
       528     3.3220224380E+000
       529     2.0196967125E+000
       530     2.3802661896E+000
       531     3.8220005035E+000
       532     4.0543785095E+000
       533     4.4373073578E+000
       534     3.9146189690E+000
       535     4.6575274467E+000
       536     4.6923847198E+000
       537     4.7643198967E+000
       538     1.5836601257E+000
       539     3.0592863560E+000
       540     3.4174852371E+000
       541     4.4683685303E+000
       542     3.6426308155E+000
       543     4.6692085266E+000
       544     2.0407161713E+000
       545     1.6549681425E+000
       546     1.8923995495E+000
       547     1.7932363749E+000
       548     2.1212725639E+000
       549     3.6272108555E+000
       550     3.5881018639E+000
       551     3.5908131599E+000
       552     3.7957644463E+000
       553     4.2102546692E+000
       554     3.2980489731E+000
       555     4.2591605186E+000
       556     4.5806612968E+000
       557     4.4495205879E+000
       558     4.7108516693E+000
       559     4.6980838776E+000
       560     4.6033120155E+000
       561     2.0661604404E+000
       562     3.2051742077E+000
       563     4.1044182777E+000
       564     4.3440318108E+000
       565     4.5573654175E+000
       566     2.9766874313E+000
       567     1.4300330877E+000
       568     1.8065526485E+000
       569     1.9942563772E+000
       570     1.8278949261E+000
       571     4.1501417160E+000
       572     2.0583312511E+000
       573     3.9274470806E+000
       574     4.4592475891E+000
       575     3.8763062954E+000
       576     4.0152826309E+000
       577     4.3201632500E+000
       578     4.5907492638E+000
       579     4.4428019524E+000
       580     4.6633696556E+000
       581     4.7546987534E+000
       582     4.6330981255E+000
       583     4.7899360657E+000
       584     4.5932283401E+000
       585     3.2806997299E+000
       586     3.6461858749E+000
       587     3.6844875813E+000
       588     4.3609061241E+000
       589     3.4299376011E+000
       590     1.6366311312E+000
       591     1.9577602148E+000
       592     2.4264702797E+000
       593     2.6886022091E+000
       594     1.9391096830E+000
       595     4.7209477425E+000
       596     4.2227058411E+000
       597     4.4153642654E+000
       598     4.6947531700E+000
       599     4.7881112099E+000
       600     4.5657396317E+000
       601     4.7566075325E+000
       602     4.7747769356E+000
       603     4.7315683365E+000
       604     4.7988901138E+000
       605     4.6533279419E+000
       606     4.6941685677E+000
       607     4.7208743095E+000
       608     4.4660644531E+000
       609     3.2988479137E+000
       610     3.5738289356E+000
       611     4.2356572151E+000
       612     1.4054101706E+000
       613     1.5680781603E+000
       614     2.1163785458E+000
       615     2.2113821507E+000
       616     2.2875633240E+000
       617     2.3034026623E+000
       618     2.3700864315E+000
       619     2.1200137138E+000
       620     2.9508833885E+000
       621     2.4738717079E+000
       622     3.1150636673E+000
       623     4.8420114517E+000
       624     4.2334485054E+000
       625     4.6440162659E+000
       626     4.8389601707E+000
       627     4.7827963829E+000
       628     4.8364615440E+000
       629     4.8241319656E+000
       630     4.5837168694E+000
       631     4.6252675056E+000
       632     4.7418460846E+000
       633     4.3382329941E+000
       634     3.5728166103E+000
       635     3.8759171963E+000
       636     3.6833789349E+000
       637     1.8993555307E+000
       638     2.2068772316E+000
       639     2.6468973160E+000
       640     2.6519498825E+000
       641     2.3552591801E+000
       642     2.5805432796E+000
       643     2.5434095860E+000
       644     4.0968990326E+000
       645     4.2104086876E+000
       646     3.6790070534E+000
       647     4.8641657829E+000
       648     4.2100992203E+000
       649     4.4386005402E+000
       650     4.8529677391E+000
       651     4.8398823738E+000
       652     4.8951339722E+000
       653     4.7424168587E+000
       654     4.4560570717E+000
       655     4.5849885941E+000
       656     4.6825013161E+000
       657     4.2398333549E+000
       658     3.5867018700E+000
       659     2.9356424809E+000
       660     1.6605499983E+000
       661     2.9137880802E+000
       662     3.4765009880E+000
       663     2.4307298660E+000
       664     2.3396339417E+000
       665     2.7358009815E+000
       666     2.9734721184E+000
       667     2.6839385033E+000
       668     2.4601311684E+000
       669     2.8104178905E+000
       670     4.0363831520E+000
       671     4.5402793884E+000
       672     4.5098133087E+000
       673     4.8669710159E+000
       674     4.5941529274E+000
       675     4.7525281906E+000
       676     4.8030443192E+000
       677     4.8394551277E+000
       678     4.7998270988E+000
       679     4.3473143578E+000
       680     4.5399260521E+000
       681     4.6438384056E+000
       682     4.0703282356E+000
       683     1.9708992243E+000
       684     2.6640312672E+000
       685     3.0334312916E+000
       686     1.6150039434E+000
       687     4.1900167465E+000
       688     2.4631011486E+000
       689     2.5723683834E+000
       690     2.5306003094E+000
       691     2.6664440632E+000
       692     2.9379913807E+000
       693     2.7642815113E+000
       694     2.5208129883E+000
       695     2.6923716068E+000
       696     3.1861953735E+000
       697     4.4238657951E+000
       698     4.4822382927E+000
       699     4.4250140190E+000
       700     4.8179392815E+000
       701     4.5731291771E+000
       702     4.7842516899E+000
       703     4.7449207306E+000
       704     4.6179623604E+000
       705     4.4568901062E+000
       706     4.2615656853E+000
       707     4.3828582764E+000
       708     3.8540744781E+000
       709     1.4754064083E+000
       710     2.6909906864E+000
       711     2.7635302544E+000
       712     4.1402759552E+000
       713     2.1355245113E+000
       714     2.8614804745E+000
       715     2.9565272331E+000
       716     3.6699941158E+000
       717     2.9462418556E+000
       718     2.3572797775E+000
       719     2.4455797672E+000
       720     2.8359520435E+000
       721     2.1242392063E+000
       722     2.6312687397E+000
       723     2.3959465027E+000
       724     2.2215611935E+000
       725     3.5456106663E+000
       726     4.3104767799E+000
       727     4.4241309166E+000
       728     4.2978115082E+000
       729     4.2895565033E+000
       730     4.0840635300E+000
       731     4.5887842178E+000
       732     3.9596509933E+000
       733     4.3049616814E+000
       734     4.1646718979E+000
       735     3.9854998589E+000
       736     2.9966466427E+000
       737     4.0940313339E+000
       738     2.2531802654E+000
       739     4.1200547218E+000
       740     2.1622686386E+000
       741     4.1263275146E+000
       742     2.7478227615E+000
       743     2.4609687328E+000
       744     2.5750665665E+000
       745     2.8968536854E+000
       746     2.3819122314E+000
       747     2.6310763359E+000
       748     3.6911392212E+000
       749     4.1862316132E+000
       750     4.1899333000E+000
       751     3.9876394272E+000
       752     3.5138413906E+000
       753     3.1788647175E+000
       754     2.4072494507E+000
       755     4.0664896965E+000
       756     2.2684304714E+000
       757     2.6653437614E+000
       758     2.0598487854E+000
       759     3.6217961311E+000
       760     2.5185959339E+000
       761     2.9590737820E+000
       762     3.1754271984E+000
       763     3.1813852787E+000
       764     4.1035060883E+000
       765     3.9662294388E+000
       766     3.8658158779E+000
       767     3.8156514168E+000
       768     3.3870840073E+000
       769     2.2317643166E+000
       770     4.0087962151E+000
       771     2.7606551647E+000
       772     2.9908311367E+000
       773     2.6071255207E+000
       774     2.5262107849E+000
       775     2.3617513180E+000
       776     4.0985827446E+000
       777     2.6758532524E+000
       778     3.5453813076E+000
       779     3.7384607792E+000
       780     4.1111302376E+000
       781     3.9293584824E+000
       782     3.8426699638E+000
       783     3.3978543282E+000
       784     2.3491303921E+000
       785     1.9069793224E+000
       786     4.1236710548E+000
       787     2.5447716713E+000
       788     2.4478318691E+000
       789     2.4375052452E+000
       790     1.9185019732E+000
       791     2.3837933540E+000
       792     3.9303722382E+000
       793     2.8309948444E+000
       794     3.6572878361E+000
       795     4.0253334045E+000
       796     3.8763117790E+000
       797     3.2840278149E+000
       798     2.3748116493E+000
       799     1.4490450621E+000
       800     2.4756915569E+000
       801     3.7877807617E+000
       802     2.4403185844E+000
       803     1.8007742167E+000
       804     2.8597729206E+000
       805     3.2656750679E+000
       806     2.7627892494E+000
       807     4.1121125221E+000
       808     3.8761868477E+000
       809     3.7510361671E+000
       810     3.1956388950E+000
       811     2.6712524891E+000
       812     3.3902163506E+000
       813     2.2807779312E+000
       814     1.7874286175E+000
       815     3.5119402409E+000
       816     3.4890110493E+000
       817     3.7448549271E+000
       818     3.6480228901E+000
       819     2.7524223328E+000
       820     3.7806320190E+000
       821     3.3627743721E+000
       822     2.1108186245E+000
       823     2.5688729286E+000
       824     2.4517464638E+000
       825     2.8413286209E+000
       826     3.8191030025E+000
       827     3.7001280785E+000
       828     3.1474649906E+000
       829     3.5968012810E+000
       830     3.4321379662E+000
       831     1.4749215841E+000
       832     2.9657053947E+000
       833     3.0031287670E+000
       834     3.1729741096E+000
       835     3.5795161724E+000
       836     3.4788835049E+000
       837     3.5629224777E+000
       838     3.4691381454E+000
       839     1.4376904964E+000
       840     2.6577773094E+000
       841     2.2908315659E+000
       842     2.1816554070E+000
       843     2.6024637222E+000
       844     3.7296926975E+000
       845     2.8212771416E+000
       846     3.7218296528E+000
       847     3.2611713409E+000
       848     1.7672213316E+000
       849     2.4679365158E+000
       850     2.3697695732E+000
       851     2.1370911598E+000
       852     1.9027866125E+000
       853     3.3575391769E+000
       854     3.0775356293E+000
       855     3.1643054485E+000
       856     1.9164246321E+000
       857     2.8822607994E+000
       858     3.1461157799E+000
       859     3.0405557156E+000
       860     1.9518147707E+000
       861     2.9970581532E+000
       862     3.5263080597E+000
       863     3.0026392937E+000
       864     1.2490321398E+000
       865     3.1150565147E+000
       866     2.9564027786E+000
       867     2.6258599758E+000
       868     2.2632780075E+000
       869     2.7341339588E+000
       870     2.6408607960E+000
       871     3.1774294376E+000
       872     2.7007317543E+000
       873     2.1013014317E+000
       874     3.4668042660E+000
       875     3.5876414776E+000
       876     1.7198741436E+000
       877     2.9220571518E+000
       878     1.8715715408E+000
       879     2.4807603359E+000
       880     3.7567400932E+000
       881     2.8601601124E+000
       882     2.6454384327E+000
       883     2.8108069897E+000
       884     1.8635015488E+000
       885     4.0024957657E+000
       886     1.9444624186E+000
       887     2.1286642551E+000
       888     4.0868268013E+000
       889     2.6520881653E+000
       890     2.1428053379E+000
       891     2.3322649002E+000
       892     2.9322898388E+000
       893     2.7874727249E+000
       894     1.9851073027E+000
       895     4.1555376053E+000
       896     2.5732734203E+000
       897     4.5115413666E+000
       898     4.2843461037E+000
       899     2.3988938332E+000
       900     2.3581697941E+000
       901     1.9863765240E+000
       902     3.6942775249E+000
       903     4.4116787910E+000
       904     4.2509989738E+000
       905     2.9515564442E+000
       906     2.1265828609E+000
       907     2.6637606621E+000
       908     1.6706905365E+000
       909     4.2067127228E+000
       910     2.7517025471E+000
       911     4.4700655937E+000
       912     4.3928203583E+000
       913     2.3025972843E+000
       914     3.4278805256E+000
       915     3.3515582085E+000
       916     4.2308335304E+000
       917     4.5737800598E+000
       918     1.6150426865E+000
       919     2.7434296608E+000
       920     2.3152787685E+000
       921     2.6212205887E+000
       922     4.1509380341E+000
       923     4.3486661911E+000
       924     4.6149682999E+000
       925     2.1289193630E+000
       926     3.0427412987E+000
       927     2.1813168526E+000
       928     3.9197936058E+000
       929     4.6018614769E+000
       930     3.6348876953E+000
       931     1.8339518309E+000
       932     2.3176720142E+000
       933     2.4331455231E+000
       934     1.6194763184E+000
       935     1.7868695259E+000
       936     4.2474317551E+000
       937     4.3732304573E+000
       938     4.6017365456E+000
       939     3.3828330040E+000
       940     1.6885693073E+000
       941     2.7728154659E+000
       942     2.4517154694E+000
       943     4.5112380981E+000
       944     3.0843937397E+000
       945     3.3649072647E+000
       946     1.9596792459E+000
       947     3.2176606655E+000
       948     4.0689949989E+000
       949     4.2952113152E+000
       950     4.4629411697E+000
       951     4.6440243721E+000
       952     4.1532535553E+000
       953     2.7755591869E+000
       954     2.2851102352E+000
       955     1.6755796671E+000
       956     2.0023505688E+000
       957     4.5765752792E+000
       958     3.2708711624E+000
       959     1.7713537216E+000
       960     3.6838958263E+000
       961     4.3021254539E+000
       962     4.5483322144E+000
       963     4.3474884033E+000
       964     2.3739011288E+000
       965     1.4986985922E+000
       966     4.5901122093E+000
       967     1.7855477333E+000
       968     3.5415782928E+000
       969     3.4821987152E+000
       970     3.3496513367E+000
       971     9.0039020777E-001
       972     3.7468321323E+000
       973     2.9040343761E+000
       974     1.7708370686E+000
       975     3.2534201145E+000
       976     3.5466547012E+000
       977     3.5183246136E+000
       978     2.9144661427E+000
       979     1.0838961601E+000
       980     3.8201916218E+000
       981     2.4352376461E+000
       982     1.9959396124E+000
       983     3.0086696148E+000
       984     3.3677563667E+000
       985     3.7300519943E+000
       986     3.4666063786E+000
       987     2.1430053711E+000
       988     1.2231881618E+000
       989     3.9365692139E+000
       990     2.1424181461E+000
       991     1.2249577045E+000
       992     3.5448162556E+000
       993     2.8101468086E+000
       994     3.4749855995E+000
       995     2.8233726025E+000
       996     3.9810464382E+000
       997     1.3966847658E+000
       998     1.6502242088E+000
       999     3.8287622929E+000
      1000     2.8005547523E+000
      1001     2.2466864586E+000
      1002     3.9974656105E+000
      1003     3.9546902180E+000
      1004     4.0328364372E+000
      1005     3.8971850872E+000
      1006     1.8360891342E+000
      1007     2.7942965031E+000
      1008     3.9116392136E+000
      1009     2.3201575279E+000
      1010     3.4432554245E+000
      1011     4.2203521729E+000
      1012     4.2736072540E+000
      1013     4.2606673241E+000
      1014     1.6924666166E+000
      1015     2.7745723724E+000
      1016     2.0830957890E+000
      1017     4.1359601021E+000
      1018     4.3013725281E+000
      1019     4.4932713509E+000
      1020     4.2727298737E+000
      1021     2.7635126114E+000
      1022     3.2037560940E+000
      1023     4.5523982048E+000
      1024     4.3319602013E+000
      1025     4.3352050781E+000
      1026     4.4471592903E+000
      1027     3.2424066067E+000
      1028     3.0643022060E+000
      1029     4.2591972351E+000
      1030     4.5783090591E+000
      1031     2.7932689190E+000
      1032     2.2882561684E+000
      1033     4.4919462204E+000
      1034     2.8912949562E+000
      1035     2.6792740822E+000
      1036     1.9324705601E+000
      1037     3.7031772137E+000
      1038     3.5969300270E+000
      1039     3.0015504360E+000
      1040     2.5373537540E+000
      1041     4.8397417068E+000
      1042     3.3774909973E+000
      1043     4.6887574196E+000
      1044     2.8095502853E+000
      1045     3.2195041180E+000
      1046     3.9905579090E+000
      1047     4.4286470413E+000
      1048     4.6201477051E+000
      1049     4.8186311722E+000
      1050     2.8096678257E+000
      1051     4.7416534424E+000
      1052     4.5664801598E+000
      1053     4.2404413223E+000
      1054     4.7458472252E+000
      1055     3.0221664906E+000
      1056     3.7192742825E+000
      1057     2.9355008602E+000
      1058     2.9986381531E+000
      1059     2.6115231514E+000
      1060     3.7440817356E+000
      1061     2.5785777569E+000
      1062     4.3213238716E+000
      1063     2.7815048695E+000
      1064     2.9792633057E+000
      1065     3.0087778568E+000
      1066     4.0606122017E+000
      1067     2.9994435310E+000
      1068     2.8961455822E+000
      1069     2.7407503128E+000
