  nc_newport_river_core_cr4_bath    v31.06 iterative         Albemarle-Pamlico Estuar
          1       1069  0.1000000E+001        1     1 FileFmtVersion:    1050624
     2.5920000000E+005          51840
         1     2.7281014919E+000
         2     4.2599267960E+000
         3     3.8656036854E+000
         4     4.5394134521E+000
         5     3.8951032162E+000
         6     4.3896975517E+000
         7     3.7200715542E+000
         8     4.7588624954E+000
         9     4.7147507668E+000
        10     3.4338259697E+000
        11     4.9829859734E+000
        12     4.6895389557E+000
        13     3.5821826458E+000
        14     4.9333014488E+000
        15     5.0478882790E+000
        16     3.8960962296E+000
        17     4.4292049408E+000
        18     3.9359610081E+000
        19     4.2882485390E+000
        20     3.0683872700E+000
        21     4.4731645584E+000
        22     3.8628823757E+000
        23     3.8448793888E+000
        24     3.2100985050E+000
        25     4.8657107353E+000
        26     3.9974763393E+000
        27     3.7994911671E+000
        28     2.9490482807E+000
        29     4.8586397171E+000
        30     4.5602140427E+000
        31     3.9900631905E+000
        32     4.3831205368E+000
        33     4.9029593468E+000
        34     4.5017461777E+000
        35     4.2368988991E+000
        36     4.3573808670E+000
        37     5.0181756020E+000
        38     4.1815595627E+000
        39     4.2433271408E+000
        40     4.2941093445E+000
        41     2.6191294193E+000
        42     4.5589399338E+000
        43     4.0245809555E+000
        44     4.2573623657E+000
        45     5.3085608482E+000
        46     4.7558894157E+000
        47     4.3802013397E+000
        48     4.9558081627E+000
        49     3.1189048290E+000
        50     3.7115371227E+000
        51     4.8902220726E+000
        52     4.6328926086E+000
        53     4.4309029579E+000
        54     4.3979768753E+000
        55     5.5745639801E+000
        56     4.4837255478E+000
        57     5.0354142189E+000
        58     4.2468385696E+000
        59     4.4882898331E+000
        60     4.1211085320E+000
        61     4.2395553589E+000
        62     4.0948963165E+000
        63     5.0454654694E+000
        64     4.3395900726E+000
        65     4.4691796303E+000
        66     5.4977383614E+000
        67     5.5452537537E+000
        68     4.5086565018E+000
        69     5.1515555382E+000
        70     4.5598244667E+000
        71     4.9047074318E+000
        72     4.8856253624E+000
        73     4.2267565727E+000
        74     4.8058986664E+000
        75     4.5914759636E+000
        76     4.8445639610E+000
        77     4.3250069618E+000
        78     3.7091333866E+000
        79     4.7413563728E+000
        80     5.5166621208E+000
        81     3.6626880169E+000
        82     5.5981535912E+000
        83     4.8992233276E+000
        84     5.1711554527E+000
        85     5.4356985092E+000
        86     4.4105234146E+000
        87     4.4363784790E+000
        88     4.2573947906E+000
        89     4.0186691284E+000
        90     4.2222366333E+000
        91     4.3925914764E+000
        92     5.6569790840E+000
        93     5.1543369293E+000
        94     4.1000351906E+000
        95     5.4363121986E+000
        96     4.7699909210E+000
        97     5.3491292000E+000
        98     4.3907413483E+000
        99     4.4350061417E+000
       100     2.4403829575E+000
       101     4.1926693916E+000
       102     4.9830889702E+000
       103     4.4338378906E+000
       104     3.8549211025E+000
       105     4.0709528923E+000
       106     3.9753708839E+000
       107     5.4562206268E+000
       108     5.3503084183E+000
       109     4.9033446312E+000
       110     3.9022889137E+000
       111     5.4639678001E+000
       112     5.6454739571E+000
       113     5.2692065239E+000
       114     4.5457096100E+000
       115     4.6858620644E+000
       116     4.3153424263E+000
       117     4.7765908241E+000
       118     2.5806231499E+000
       119     4.8311018944E+000
       120     4.6068196297E+000
       121     5.4986968040E+000
       122     4.5682749748E+000
       123     4.5711340904E+000
       124     2.8571908474E+000
       125     3.9134597778E+000
       126     3.8304846287E+000
       127     4.1811442375E+000
       128     4.9563250542E+000
       129     4.3723330498E+000
       130     5.4783291817E+000
       131     5.4779801369E+000
       132     5.2409114838E+000
       133     4.4558973312E+000
       134     3.9738404751E+000
       135     4.8671445847E+000
       136     4.9601244926E+000
       137     4.3107657433E+000
       138     4.4189615250E+000
       139     5.4656958580E+000
       140     4.9497380257E+000
       141     4.0859293938E+000
       142     4.3622145653E+000
       143     3.6514289379E+000
       144     3.6478836536E+000
       145     4.1090331078E+000
       146     3.6316943169E+000
       147     5.5142006874E+000
       148     5.0169286728E+000
       149     5.5370087624E+000
       150     3.8288838863E+000
       151     5.2067551613E+000
       152     3.9559762478E+000
       153     5.0606503487E+000
       154     4.3469576836E+000
       155     4.1513452530E+000
       156     4.4803881645E+000
       157     5.5625381470E+000
       158     5.1558737755E+000
       159     4.3161430359E+000
       160     4.6169738770E+000
       161     4.8281283379E+000
       162     3.9549643993E+000
       163     4.2179794312E+000
       164     4.9252047539E+000
       165     5.6839451790E+000
       166     4.6260380745E+000
       167     4.8960175514E+000
       168     4.1119771004E+000
       169     4.6422677040E+000
       170     4.8525414467E+000
       171     4.2988276482E+000
       172     3.1535670757E+000
       173     4.8360590935E+000
       174     5.5035037994E+000
       175     4.9016294479E+000
       176     3.9005472660E+000
       177     3.7669303417E+000
       178     5.0317378044E+000
       179     5.5433969498E+000
       180     5.4755830765E+000
       181     5.3830533028E+000
       182     4.0711569786E+000
       183     2.1461567879E+000
       184     3.1206247807E+000
       185     4.1869831085E+000
       186     3.2749726772E+000
       187     4.6152095795E+000
       188     4.7265734673E+000
       189     4.9384922981E+000
       190     5.1867656708E+000
       191     4.0792212486E+000
       192     4.4477725029E+000
       193     4.2792882919E+000
       194     4.4617581367E+000
       195     4.9334340096E+000
       196     3.5120365620E+000
       197     3.6322352886E+000
       198     3.8698780537E+000
       199     5.1519284248E+000
       200     5.3266267776E+000
       201     4.1157221794E+000
       202     4.7055563927E+000
       203     5.3359346390E+000
       204     5.2254853249E+000
       205     5.3180289268E+000
       206     5.6588678360E+000
       207     5.5261902809E+000
       208     5.2866315842E+000
       209     2.8382778168E+000
       210     3.7227904797E+000
       211     4.7271161079E+000
       212     5.0673923492E+000
       213     4.8922491074E+000
       214     4.8087759018E+000
       215     4.6386866570E+000
       216     4.6148014069E+000
       217     4.7864766121E+000
       218     4.7954435349E+000
       219     3.6986629963E+000
       220     4.9245381355E+000
       221     3.6826558113E+000
       222     5.0409550667E+000
       223     5.2697749138E+000
       224     5.2679405212E+000
       225     5.2750663757E+000
       226     5.4659361839E+000
       227     5.4792780876E+000
       228     5.3107280731E+000
       229     4.7465891838E+000
       230     2.8966152668E+000
       231     2.8256139755E+000
       232     3.6329603195E+000
       233     3.0057320595E+000
       234     5.0569853783E+000
       235     4.4339823723E+000
       236     4.8741173744E+000
       237     5.0687894821E+000
       238     3.3382129669E+000
       239     2.7209024429E+000
       240     2.4826190472E+000
       241     4.8751158714E+000
       242     5.2776250839E+000
       243     5.0223331451E+000
       244     4.8180556297E+000
       245     3.7451689243E+000
       246     4.5209927559E+000
       247     4.8143806458E+000
       248     5.1738219261E+000
       249     5.3396530151E+000
       250     5.2090268135E+000
       251     4.9855523109E+000
       252     4.7013316154E+000
       253     2.9956543446E+000
       254     2.9591810703E+000
       255     1.8614367247E+000
       256     2.8422851562E+000
       257     2.2161495686E+000
       258     3.5549218655E+000
       259     4.3988995552E+000
       260     3.3261620998E+000
       261     5.1509208679E+000
       262     4.8232526779E+000
       263     5.1581001282E+000
       264     2.5643348694E+000
       265     3.4461517334E+000
       266     2.3517453671E+000
       267     5.1624903679E+000
       268     5.1943826675E+000
       269     3.6694593430E+000
       270     3.7950103283E+000
       271     4.1946401596E+000
       272     4.5591163635E+000
       273     4.9370365143E+000
       274     4.9721155167E+000
       275     5.0350089073E+000
       276     4.9093704224E+000
       277     2.1476697922E+000
       278     2.8628358841E+000
       279     2.3664433956E+000
       280     2.5550203323E+000
       281     3.9523050785E+000
       282     4.6016244888E+000
       283     3.3931119442E+000
       284     5.1365847588E+000
       285     5.0568189621E+000
       286     5.0562701225E+000
       287     2.8784370422E+000
       288     3.4996373653E+000
       289     2.8034946918E+000
       290     4.9196972847E+000
       291     4.2823104858E+000
       292     3.9015669823E+000
       293     3.8950462341E+000
       294     4.1233749390E+000
       295     4.0774621964E+000
       296     3.7167422771E+000
       297     4.5034298897E+000
       298     4.8863906860E+000
       299     4.9146227837E+000
       300     2.1343882084E+000
       301     2.7472400665E+000
       302     2.1872589588E+000
       303     4.2459797859E+000
       304     4.6357846260E+000
       305     3.5945022106E+000
       306     4.9102702141E+000
       307     5.0251650810E+000
       308     5.0021090508E+000
       309     2.5619812012E+000
       310     2.6742150784E+000
       311     2.3799514771E+000
       312     2.7744581699E+000
       313     4.5094194412E+000
       314     4.3520998955E+000
       315     4.0258517265E+000
       316     4.0063028336E+000
       317     3.7132668495E+000
       318     4.5711750984E+000
       319     4.4873828888E+000
       320     4.8352351189E+000
       321     2.2079656124E+000
       322     2.5334072113E+000
       323     4.2975749969E+000
       324     4.3677496910E+000
       325     3.5223944187E+000
       326     4.8141536713E+000
       327     4.9321722984E+000
       328     4.5154376030E+000
       329     2.5774824619E+000
       330     2.4680676460E+000
       331     2.7259294987E+000
       332     2.1900067329E+000
       333     3.9462089539E+000
       334     3.0296573639E+000
       335     3.1721966267E+000
       336     4.4271864891E+000
       337     4.4857306480E+000
       338     4.5092391968E+000
       339     2.8616902828E+000
       340     3.2810902596E+000
       341     4.0497531891E+000
       342     4.6947674751E+000
       343     4.8323526382E+000
       344     4.7488565445E+000
       345     4.2484774590E+000
       346     2.0144128799E+000
       347     2.3886947632E+000
       348     2.7232451439E+000
       349     3.4937679768E+000
       350     3.5640647411E+000
       351     2.7163569927E+000
       352     4.2230453491E+000
       353     3.8062033653E+000
       354     3.4983022213E+000
       355     3.7425167561E+000
       356     2.0928215981E+000
       357     2.1781938076E+000
       358     1.8526921272E+000
       359     3.9518821239E+000
       360     4.4248118401E+000
       361     4.6517152786E+000
       362     3.9893722534E+000
       363     4.6761102676E+000
       364     4.7311611176E+000
       365     4.4854679108E+000
       366     2.2028796673E+000
       367     3.1773204803E+000
       368     3.8053646088E+000
       369     4.5357470512E+000
       370     2.4835374355E+000
       371     2.8106067181E+000
       372     3.2659378052E+000
       373     2.1748986244E+000
       374     2.1327927113E+000
       375     2.3226163387E+000
       376     3.5675933361E+000
       377     2.6367580891E+000
       378     3.8633577824E+000
       379     3.4018635750E+000
       380     2.5694561005E+000
       381     1.4950425625E+000
       382     1.8857353926E+000
       383     2.2656898499E+000
       384     2.4529676437E+000
       385     2.2483150959E+000
       386     2.9414417744E+000
       387     2.0491719246E+000
       388     3.6751883030E+000
       389     4.2720618248E+000
       390     4.8831014633E+000
       391     4.7016329765E+000
       392     4.4203004837E+000
       393     4.3693637848E+000
       394     3.8793909550E+000
       395     4.1898870468E+000
       396     4.6978917122E+000
       397     5.0114221573E+000
       398     3.5428979397E+000
       399     4.0588493347E+000
       400     3.8587663174E+000
       401     2.5014016628E+000
       402     3.7043831348E+000
       403     3.0118043423E+000
       404     3.8016057014E+000
       405     3.5312087536E+000
       406     3.8195769787E+000
       407     2.3053655624E+000
       408     2.5320069790E+000
       409     2.4701302052E+000
       410     2.5706303120E+000
       411     2.2439241409E+000
       412     2.2751951218E+000
       413     2.6993374825E+000
       414     3.2629678249E+000
       415     3.7935039997E+000
       416     3.9928746223E+000
       417     4.9198555946E+000
       418     4.7489004135E+000
       419     5.0214042664E+000
       420     4.3668780327E+000
       421     4.4562649727E+000
       422     5.0419111252E+000
       423     4.2461953163E+000
       424     4.4688987732E+000
       425     4.3593688011E+000
       426     3.7699823380E+000
       427     4.7119584084E+000
       428     4.2522411346E+000
       429     3.4723086357E+000
       430     3.0834453106E+000
       431     2.3515350819E+000
       432     2.1459586620E+000
       433     1.8925256729E+000
       434     2.4400451183E+000
       435     2.7382521629E+000
       436     3.0851154327E+000
       437     2.6109042168E+000
       438     3.8964693546E+000
       439     4.2369194031E+000
       440     4.5146975517E+000
       441     3.7649548054E+000
       442     4.4503479004E+000
       443     5.0462622643E+000
       444     5.0621767044E+000
       445     4.5834259987E+000
       446     5.0559692383E+000
       447     4.5796508789E+000
       448     4.6899752617E+000
       449     4.5232400894E+000
       450     4.6850447655E+000
       451     4.9969754219E+000
       452     3.7096018791E+000
       453     3.7336354256E+000
       454     2.7243354321E+000
       455     2.7449221611E+000
       456     2.7387566566E+000
       457     2.4887230396E+000
       458     2.7436871529E+000
       459     4.0579352379E+000
       460     3.7643465996E+000
       461     3.1130349636E+000
       462     4.6570978165E+000
       463     4.6688570976E+000
       464     4.8398141861E+000
       465     4.0282311440E+000
       466     4.6620478630E+000
       467     4.9710407257E+000
       468     5.0071754456E+000
       469     4.6852507591E+000
       470     4.7433633804E+000
       471     4.7607555389E+000
       472     4.6749267578E+000
       473     5.2024464607E+000
       474     4.8782005310E+000
       475     3.7250132561E+000
       476     2.8108363152E+000
       477     3.0193555355E+000
       478     2.8172976971E+000
       479     2.9765894413E+000
       480     2.4873888493E+000
       481     2.6482355595E+000
       482     2.8601267338E+000
       483     3.0597720146E+000
       484     3.9143762589E+000
       485     4.5337767601E+000
       486     4.8006582260E+000
       487     3.5235848427E+000
       488     4.9526371956E+000
       489     5.1078310013E+000
       490     4.4900279045E+000
       491     4.9223790169E+000
       492     4.9426503181E+000
       493     4.9823703766E+000
       494     4.7928786278E+000
       495     4.7522444725E+000
       496     4.7237763405E+000
       497     4.5833396912E+000
       498     3.7264885902E+000
       499     3.3923695087E+000
       500     3.6687707901E+000
       501     2.9088103771E+000
       502     2.8832128048E+000
       503     3.1545171738E+000
       504     3.1072132587E+000
       505     3.4719877243E+000
       506     3.3974723816E+000
       507     3.2883565426E+000
       508     4.5149960518E+000
       509     4.8509449959E+000
       510     5.0263519287E+000
       511     4.3182182312E+000
       512     5.2230386734E+000
       513     5.4140477180E+000
       514     4.3920106888E+000
       515     4.8692774773E+000
       516     4.8153667450E+000
       517     4.8195371628E+000
       518     4.8004527092E+000
       519     4.6771144867E+000
       520     4.7784562111E+000
       521     3.5188014507E+000
       522     2.8681187630E+000
       523     3.2873890400E+000
       524     3.0211977959E+000
       525     3.3460023403E+000
       526     3.6209828854E+000
       527     4.0940461159E+000
       528     4.4984707832E+000
       529     3.7748854160E+000
       530     3.5563917160E+000
       531     4.8292145729E+000
       532     5.1054754257E+000
       533     5.3435630798E+000
       534     4.9545683861E+000
       535     5.4740490913E+000
       536     5.5017743111E+000
       537     5.4905614853E+000
       538     3.4457230568E+000
       539     4.4279050827E+000
       540     4.6175637245E+000
       541     5.2550721169E+000
       542     4.6862568855E+000
       543     5.4372229576E+000
       544     3.4700729847E+000
       545     3.5665411949E+000
       546     3.9366817474E+000
       547     2.9973862171E+000
       548     4.2816615105E+000
       549     5.0535326004E+000
       550     4.5594787598E+000
       551     4.6656627655E+000
       552     4.8328089714E+000
       553     5.1379089355E+000
       554     4.6770653725E+000
       555     5.1858386993E+000
       556     5.4425168037E+000
       557     5.3100113869E+000
       558     5.4955081940E+000
       559     5.4930949211E+000
       560     5.4832048416E+000
       561     3.9248218536E+000
       562     4.5207705498E+000
       563     4.9362797737E+000
       564     5.1676230431E+000
       565     5.3465108871E+000
       566     4.3380784988E+000
       567     3.3666801453E+000
       568     3.0555756092E+000
       569     3.4524877071E+000
       570     3.1992018223E+000
       571     5.2043232918E+000
       572     4.5356497765E+000
       573     5.2299847603E+000
       574     5.4901266098E+000
       575     4.9459271431E+000
       576     5.0226359367E+000
       577     5.2794446945E+000
       578     5.4602313042E+000
       579     5.3772044182E+000
       580     5.4811711311E+000
       581     5.4932661057E+000
       582     5.5009117126E+000
       583     5.5249423981E+000
       584     5.3838148117E+000
       585     4.6359014511E+000
       586     4.7977013588E+000
       587     4.8079829216E+000
       588     5.1369423866E+000
       589     4.6528072357E+000
       590     3.1702659130E+000
       591     3.2181332111E+000
       592     4.7468743324E+000
       593     4.2379617691E+000
       594     3.6296944618E+000
       595     5.6287727356E+000
       596     5.2816748619E+000
       597     5.4704937935E+000
       598     5.6499156952E+000
       599     5.6019859314E+000
       600     5.2002906799E+000
       601     5.5837955475E+000
       602     5.6272988319E+000
       603     5.5361251831E+000
       604     5.6160011292E+000
       605     5.4300584793E+000
       606     5.4749355316E+000
       607     5.5326256752E+000
       608     5.2023730278E+000
       609     4.6291737556E+000
       610     4.7689514160E+000
       611     4.9944205284E+000
       612     3.3160500526E+000
       613     3.3302562237E+000
       614     3.2899484634E+000
       615     3.3750481606E+000
       616     3.5877289772E+000
       617     3.6090409756E+000
       618     3.5954728127E+000
       619     3.9291417599E+000
       620     5.0674571991E+000
       621     4.6945705414E+000
       622     4.8937830925E+000
       623     5.7019777298E+000
       624     5.3557395935E+000
       625     5.6347160339E+000
       626     5.7439146042E+000
       627     5.6271047592E+000
       628     5.6728301048E+000
       629     5.6355566978E+000
       630     5.3470110893E+000
       631     5.4768896103E+000
       632     5.5431146622E+000
       633     5.0734887123E+000
       634     4.8072390556E+000
       635     4.9843115807E+000
       636     4.8237919807E+000
       637     3.5583879948E+000
       638     3.6912896633E+000
       639     3.9840636253E+000
       640     4.1363873482E+000
       641     3.5600626469E+000
       642     4.0681304932E+000
       643     4.5062603951E+000
       644     5.3579926491E+000
       645     5.3296508789E+000
       646     5.1380624771E+000
       647     5.7290654182E+000
       648     5.1997399330E+000
       649     5.5890736580E+000
       650     5.7434067726E+000
       651     5.6481728554E+000
       652     5.7229018211E+000
       653     5.5619764328E+000
       654     5.1966123581E+000
       655     5.3927612305E+000
       656     5.4732489586E+000
       657     4.9366173744E+000
       658     4.7640762329E+000
       659     4.3248529434E+000
       660     3.4214279652E+000
       661     4.6301789284E+000
       662     4.7481346130E+000
       663     3.5361943245E+000
       664     3.8089072704E+000
       665     3.7261226177E+000
       666     3.7691888809E+000
       667     3.6349539757E+000
       668     3.4812562466E+000
       669     4.4829707146E+000
       670     5.2260093689E+000
       671     5.5015177727E+000
       672     5.4718179703E+000
       673     5.7477831841E+000
       674     5.5441489220E+000
       675     5.7227072716E+000
       676     5.6417331696E+000
       677     5.6913456917E+000
       678     5.5997772217E+000
       679     5.1207880974E+000
       680     5.3025426865E+000
       681     5.4372406006E+000
       682     4.7914719582E+000
       683     3.5870287418E+000
       684     3.5707347393E+000
       685     4.4479880333E+000
       686     3.3596940041E+000
       687     5.2783555984E+000
       688     3.4710152149E+000
       689     3.5166597366E+000
       690     3.6088387966E+000
       691     3.8361380100E+000
       692     4.2775087357E+000
       693     3.6589362621E+000
       694     3.5391037464E+000
       695     3.4386656284E+000
       696     4.7814998627E+000
       697     5.4262237549E+000
       698     5.4641642570E+000
       699     5.3905215263E+000
       700     5.7136850357E+000
       701     5.5301780701E+000
       702     5.6138644218E+000
       703     5.6275105476E+000
       704     5.4558582306E+000
       705     5.3006429672E+000
       706     5.0324048996E+000
       707     5.2280330658E+000
       708     4.6528911591E+000
       709     2.9636785984E+000
       710     4.0479464531E+000
       711     4.0339674950E+000
       712     5.1893572807E+000
       713     4.9453563690E+000
       714     3.6723899841E+000
       715     3.8020033836E+000
       716     3.5471370220E+000
       717     3.8040153980E+000
       718     3.5841224194E+000
       719     3.9002120495E+000
       720     3.5344259739E+000
       721     3.6281306744E+000
       722     4.2955913544E+000
       723     3.6578595638E+000
       724     3.4543859959E+000
       725     4.8894038200E+000
       726     5.2508883476E+000
       727     5.3660192490E+000
       728     5.3048725128E+000
       729     5.3446655273E+000
       730     5.1680507660E+000
       731     5.4872922897E+000
       732     5.1978697777E+000
       733     5.2464079857E+000
       734     5.0425481796E+000
       735     4.8483009338E+000
       736     4.2862086296E+000
       737     5.0830235481E+000
       738     4.1352672577E+000
       739     3.9428703785E+000
       740     4.3207988739E+000
       741     4.1309289932E+000
       742     3.7527053356E+000
       743     3.7672336102E+000
       744     4.0240955353E+000
       745     4.4916038513E+000
       746     3.9198734760E+000
       747     3.9276425838E+000
       748     4.8706531525E+000
       749     5.0943555832E+000
       750     5.0922555923E+000
       751     4.9082918167E+000
       752     4.8541498184E+000
       753     4.6449050903E+000
       754     4.1498608589E+000
       755     5.0169043541E+000
       756     3.7367441654E+000
       757     3.8062484264E+000
       758     3.4797441959E+000
       759     4.8334751129E+000
       760     3.6649339199E+000
       761     4.0494804382E+000
       762     4.5357475281E+000
       763     4.3978381157E+000
       764     5.0076479912E+000
       765     4.8825645447E+000
       766     4.7589006424E+000
       767     4.6752696037E+000
       768     4.3957614899E+000
       769     3.6974031925E+000
       770     4.9203858376E+000
       771     3.8066923618E+000
       772     3.9310050011E+000
       773     3.5980844498E+000
       774     3.4967381954E+000
       775     3.5977852345E+000
       776     5.0247855186E+000
       777     3.9844584465E+000
       778     4.5853257179E+000
       779     4.8032774925E+000
       780     5.0001606941E+000
       781     4.7731208801E+000
       782     4.5745363235E+000
       783     4.2108235359E+000
       784     3.5080666542E+000
       785     3.0686299801E+000
       786     4.9056482315E+000
       787     3.7341926098E+000
       788     3.5517280102E+000
       789     3.4749352932E+000
       790     2.6446981430E+000
       791     3.7341907024E+000
       792     4.8303399086E+000
       793     4.2861247063E+000
       794     4.7127490044E+000
       795     4.8200345039E+000
       796     4.6298613548E+000
       797     4.1003179550E+000
       798     3.4522776604E+000
       799     2.7518467903E+000
       800     3.1618511677E+000
       801     4.6016387939E+000
       802     3.2277994156E+000
       803     2.5519416332E+000
       804     4.1688728333E+000
       805     4.2108993530E+000
       806     4.2968521118E+000
       807     4.8550086021E+000
       808     4.7708358765E+000
       809     4.5185170174E+000
       810     4.0557346344E+000
       811     3.4329228401E+000
       812     4.1744551659E+000
       813     3.0684509277E+000
       814     2.8451185226E+000
       815     4.5658822060E+000
       816     4.4202008247E+000
       817     4.6185636520E+000
       818     4.4200029373E+000
       819     4.1936783791E+000
       820     4.5513420105E+000
       821     4.0658969879E+000
       822     3.0068159103E+000
       823     3.4362556934E+000
       824     3.4649713039E+000
       825     3.9729712009E+000
       826     4.5768790245E+000
       827     4.4610419273E+000
       828     4.1399745941E+000
       829     4.3087859154E+000
       830     4.1678781509E+000
       831     2.9300446510E+000
       832     3.8209674358E+000
       833     3.8095490932E+000
       834     4.0344519615E+000
       835     4.3458638191E+000
       836     4.2250590324E+000
       837     4.2743296623E+000
       838     4.1968517303E+000
       839     2.8815517426E+000
       840     3.8722822666E+000
       841     3.0662736893E+000
       842     3.4277000427E+000
       843     3.8454086781E+000
       844     4.4821276665E+000
       845     3.9223754406E+000
       846     4.3497614861E+000
       847     3.9406037331E+000
       848     3.2968981266E+000
       849     3.7193992138E+000
       850     3.1474506855E+000
       851     3.2947757244E+000
       852     3.7467272282E+000
       853     4.2912254333E+000
       854     4.1489214897E+000
       855     3.9679512978E+000
       856     3.1369647980E+000
       857     4.0734157562E+000
       858     4.2057576180E+000
       859     3.8124935627E+000
       860     3.1521522999E+000
       861     4.3057522774E+000
       862     4.1738052368E+000
       863     4.2648305893E+000
       864     2.5412447453E+000
       865     4.3010573387E+000
       866     4.0713353157E+000
       867     3.8353371620E+000
       868     3.2644493580E+000
       869     3.4985995293E+000
       870     3.2159931660E+000
       871     4.4725003242E+000
       872     3.4053785801E+000
       873     3.3244366646E+000
       874     4.7329783440E+000
       875     4.6137771606E+000
       876     3.1129453182E+000
       877     3.9937117100E+000
       878     2.5346813202E+000
       879     4.3918342590E+000
       880     4.9899101257E+000
       881     3.7033708096E+000
       882     3.8126921654E+000
       883     3.4210166931E+000
       884     3.2211027145E+000
       885     5.0216736794E+000
       886     3.0382235050E+000
       887     4.1897888184E+000
       888     5.1741399765E+000
       889     3.3883099556E+000
       890     3.4208202362E+000
       891     4.5848832130E+000
       892     4.9375739098E+000
       893     3.4368841648E+000
       894     3.3781189919E+000
       895     5.1339902878E+000
       896     4.2149558067E+000
       897     5.4327821732E+000
       898     5.2730355263E+000
       899     3.9218642712E+000
       900     3.2746570110E+000
       901     3.2156865597E+000
       902     4.5990352631E+000
       903     5.3744645119E+000
       904     5.1277723312E+000
       905     3.5492653847E+000
       906     3.4811499119E+000
       907     3.9392435551E+000
       908     3.2744224072E+000
       909     5.1655941010E+000
       910     4.4061980247E+000
       911     5.3971314430E+000
       912     5.2945537567E+000
       913     4.1065645218E+000
       914     4.0697813034E+000
       915     4.4286799431E+000
       916     5.1038861275E+000
       917     5.4468197823E+000
       918     3.9813041687E+000
       919     3.4524910450E+000
       920     3.6749684811E+000
       921     3.9590821266E+000
       922     5.0594768524E+000
       923     5.2074398994E+000
       924     5.4098844528E+000
       925     3.8928833008E+000
       926     3.8797407150E+000
       927     3.3755903244E+000
       928     4.9080667496E+000
       929     5.3883628845E+000
       930     4.5891771317E+000
       931     3.6050269604E+000
       932     3.5274009705E+000
       933     3.4607124329E+000
       934     3.1048943996E+000
       935     2.8259696960E+000
       936     5.0712614059E+000
       937     5.2406477928E+000
       938     5.4381079674E+000
       939     4.5495586395E+000
       940     3.4985914230E+000
       941     3.4580130577E+000
       942     3.6571886539E+000
       943     5.3640394211E+000
       944     4.0704512596E+000
       945     4.1060824394E+000
       946     3.5801489353E+000
       947     4.0908641815E+000
       948     4.9386620522E+000
       949     5.1095037460E+000
       950     5.2642641068E+000
       951     5.4723567963E+000
       952     5.0238027573E+000
       953     3.8068349361E+000
       954     3.2252199650E+000
       955     2.5582242012E+000
       956     3.1387014389E+000
       957     5.4331865311E+000
       958     4.1290416718E+000
       959     3.3517830372E+000
       960     4.5873432159E+000
       961     5.1664581299E+000
       962     5.3867969513E+000
       963     5.2174010277E+000
       964     4.0481400490E+000
       965     2.9862337112E+000
       966     5.4217896461E+000
       967     3.6529719830E+000
       968     4.5258069038E+000
       969     4.7226004601E+000
       970     4.6341271400E+000
       971     2.4652950764E+000
       972     4.9492545128E+000
       973     3.5378234386E+000
       974     3.1926434040E+000
       975     4.5448179245E+000
       976     4.7919564247E+000
       977     4.7951731682E+000
       978     3.6427152157E+000
       979     2.9312739372E+000
       980     5.0218625069E+000
       981     3.6631817818E+000
       982     3.3970677853E+000
       983     3.7503705025E+000
       984     4.6381587982E+000
       985     4.9217267036E+000
       986     4.7809166908E+000
       987     3.5496988297E+000
       988     2.9507317543E+000
       989     5.1161885262E+000
       990     4.0418920517E+000
       991     2.8253769875E+000
       992     4.1877255440E+000
       993     3.9541027546E+000
       994     4.7416586876E+000
       995     4.4741172791E+000
       996     5.1375999451E+000
       997     3.2959768772E+000
       998     3.1710829735E+000
       999     4.5109634399E+000
      1000     3.9592537880E+000
      1001     3.6660606861E+000
      1002     5.1055746078E+000
      1003     5.1211614609E+000
      1004     5.1883935928E+000
      1005     5.0422306061E+000
      1006     3.3875579834E+000
      1007     4.0186114311E+000
      1008     4.8083457947E+000
      1009     3.7534685135E+000
      1010     4.9350247383E+000
      1011     5.3369789124E+000
      1012     5.4088478088E+000
      1013     5.3283677101E+000
      1014     3.3520536423E+000
      1015     4.4841079712E+000
      1016     3.6625478268E+000
      1017     5.3513417244E+000
      1018     5.4340791702E+000
      1019     5.5699939728E+000
      1020     5.3496007919E+000
      1021     4.8775353432E+000
      1022     4.3664827347E+000
      1023     5.6546273232E+000
      1024     5.5006322861E+000
      1025     5.4683718681E+000
      1026     5.6402401924E+000
      1027     4.7712168694E+000
      1028     4.8242735863E+000
      1029     5.5070409775E+000
      1030     5.6905508041E+000
      1031     4.7907781601E+000
      1032     4.4476976395E+000
      1033     5.6535449028E+000
      1034     4.9180941582E+000
      1035     4.5377221107E+000
      1036     4.3917145729E+000
      1037     4.9975595474E+000
      1038     4.9767198563E+000
      1039     4.3596930504E+000
      1040     3.9727699757E+000
      1041     5.7946357727E+000
      1042     5.1416430473E+000
      1043     5.5312762260E+000
      1044     4.2314734459E+000
      1045     4.9205203056E+000
      1046     5.3599433899E+000
      1047     5.7276558876E+000
      1048     5.6040139198E+000
      1049     5.8547620773E+000
      1050     3.9655041695E+000
      1051     5.8926119804E+000
      1052     5.8575954437E+000
      1053     5.1763396263E+000
      1054     5.6740136147E+000
      1055     3.6638836861E+000
      1056     5.2839250565E+000
      1057     4.7131834030E+000
      1058     4.5371599197E+000
      1059     3.6933858395E+000
      1060     4.9274387360E+000
      1061     3.6589090824E+000
      1062     5.1812782288E+000
      1063     3.7890768051E+000
      1064     4.2183427811E+000
      1065     4.0200486183E+000
      1066     4.8818221092E+000
      1067     4.0653276443E+000
      1068     3.4656722546E+000
      1069     3.2807757854E+000
