  nc_newport_river_core_cr4_bath    v31.06 iterative         Albemarle-Pamlico Estuar
          1       1069  0.1000000E+001        1     1 FileFmtVersion:    1050624
     2.5920000000E+005          51840
         1     3.0879297256E+000
         2     4.4215798378E+000
         3     4.4240036011E+000
         4     4.7644729614E+000
         5     4.6543345451E+000
         6     4.4824666977E+000
         7     4.3667955399E+000
         8     5.0545182228E+000
         9     4.9744758606E+000
        10     4.1261630058E+000
        11     5.2461833954E+000
        12     4.8196401596E+000
        13     4.0181732178E+000
        14     5.3581075668E+000
        15     5.3708152771E+000
        16     4.4644789696E+000
        17     4.7103686333E+000
        18     4.7672920227E+000
        19     4.7613964081E+000
        20     3.5255851746E+000
        21     4.7798700333E+000
        22     4.8887648582E+000
        23     4.5409841537E+000
        24     3.5617320538E+000
        25     5.1868395805E+000
        26     5.0800075531E+000
        27     4.4991121292E+000
        28     3.2495133877E+000
        29     5.1877279282E+000
        30     5.1076760292E+000
        31     4.7860298157E+000
        32     4.7697973251E+000
        33     5.2413458824E+000
        34     4.6664104462E+000
        35     4.8500938416E+000
        36     4.8563961983E+000
        37     5.2152624130E+000
        38     5.1840038300E+000
        39     6.1699419022E+000
        40     4.7655553818E+000
        41     2.9116749763E+000
        42     4.7717275620E+000
        43     4.2968840599E+000
        44     4.9947848320E+000
        45     6.4525175095E+000
        46     6.2722010612E+000
        47     5.5025749207E+000
        48     5.2480816841E+000
        49     3.2211055756E+000
        50     4.0196261406E+000
        51     5.0874948502E+000
        52     5.0397214890E+000
        53     4.9372048378E+000
        54     6.3166899681E+000
        55     6.3520050049E+000
        56     6.2919301987E+000
        57     5.2735514641E+000
        58     5.5690517426E+000
        59     5.4888334274E+000
        60     4.3012194633E+000
        61     3.3721802235E+000
        62     2.8406181335E+000
        63     4.8907837868E+000
        64     4.5092811584E+000
        65     5.6747255325E+000
        66     6.1520366669E+000
        67     6.3257217407E+000
        68     6.2879986763E+000
        69     5.6324567795E+000
        70     5.7322316170E+000
        71     5.9478187561E+000
        72     4.6288208961E+000
        73     3.1524953842E+000
        74     4.2898468971E+000
        75     4.6008567810E+000
        76     5.0128374100E+000
        77     4.3635892868E+000
        78     3.9093143940E+000
        79     4.8406138420E+000
        80     6.0001821518E+000
        81     5.9821200371E+000
        82     6.2528648376E+000
        83     6.1184124947E+000
        84     5.8459897041E+000
        85     6.0563006401E+000
        86     5.7216429710E+000
        87     5.6986236572E+000
        88     4.3084506989E+000
        89     4.0364727974E+000
        90     3.7590298653E+000
        91     4.4333691597E+000
        92     5.9748883247E+000
        93     5.6072192192E+000
        94     5.3634147644E+000
        95     6.2599272728E+000
        96     6.2879862785E+000
        97     5.9520182610E+000
        98     5.6181368828E+000
        99     5.9307651520E+000
       100     2.8840515614E+000
       101     4.2674450874E+000
       102     6.1764440536E+000
       103     4.5582618713E+000
       104     6.2839164734E+000
       105     4.2535357475E+000
       106     4.5821843147E+000
       107     5.9102292061E+000
       108     5.6526002884E+000
       109     5.1254291534E+000
       110     4.6335849762E+000
       111     6.3144187927E+000
       112     6.2520966530E+000
       113     6.0647773743E+000
       114     6.0646538734E+000
       115     5.9193649292E+000
       116     4.6206197739E+000
       117     5.6018452644E+000
       118     3.0638682842E+000
       119     5.1330618858E+000
       120     4.9102106094E+000
       121     6.1903800964E+000
       122     5.4633774757E+000
       123     6.2028746605E+000
       124     3.3953578472E+000
       125     3.8395276070E+000
       126     4.0895242691E+000
       127     4.5633635521E+000
       128     5.4158334732E+000
       129     5.0806331635E+000
       130     6.1497130394E+000
       131     6.3010983467E+000
       132     5.9861402512E+000
       133     5.8987197876E+000
       134     5.4823117256E+000
       135     5.9429059029E+000
       136     5.6633920670E+000
       137     4.0113887787E+000
       138     4.9436578751E+000
       139     6.1731505394E+000
       140     5.5739955902E+000
       141     4.5948748589E+000
       142     4.7268695831E+000
       143     3.9290645123E+000
       144     3.8591647148E+000
       145     4.7520298958E+000
       146     3.5364532471E+000
       147     6.2653350830E+000
       148     6.2391805649E+000
       149     6.3200488091E+000
       150     6.1876096725E+000
       151     5.8806900978E+000
       152     5.7163319588E+000
       153     5.8195075989E+000
       154     5.5582022667E+000
       155     5.2233715057E+000
       156     5.6656184196E+000
       157     6.2018327713E+000
       158     5.7373075485E+000
       159     4.7852363586E+000
       160     4.7948746681E+000
       161     4.7757763863E+000
       162     4.2528500557E+000
       163     6.2151908875E+000
       164     6.2477660179E+000
       165     6.2685861588E+000
       166     6.2596893311E+000
       167     5.7703652382E+000
       168     5.7784862518E+000
       169     5.8109502792E+000
       170     5.9344058037E+000
       171     5.7698283195E+000
       172     3.8149695396E+000
       173     5.7842950821E+000
       174     6.1069760323E+000
       175     5.5793285370E+000
       176     6.0615963936E+000
       177     6.1544394493E+000
       178     6.1347608566E+000
       179     6.2288827896E+000
       180     6.1236391068E+000
       181     6.1655855179E+000
       182     6.0199899673E+000
       183     2.3526535034E+000
       184     5.8167533875E+000
       185     5.7872090340E+000
       186     4.5195169449E+000
       187     5.7318587303E+000
       188     5.8294920921E+000
       189     5.8702015877E+000
       190     5.8599500656E+000
       191     5.7791199684E+000
       192     5.7866625786E+000
       193     5.9363975525E+000
       194     4.3265986443E+000
       195     5.8233408928E+000
       196     4.0435123444E+000
       197     3.5034317970E+000
       198     4.0721411705E+000
       199     5.9580755234E+000
       200     5.8897523880E+000
       201     5.8366870880E+000
       202     6.0172204971E+000
       203     5.9219346046E+000
       204     5.9871025085E+000
       205     6.1387381554E+000
       206     6.1145949364E+000
       207     6.0588092804E+000
       208     5.8130564690E+000
       209     2.6232218742E+000
       210     5.7761306763E+000
       211     5.7387690544E+000
       212     5.5716924667E+000
       213     5.7506599426E+000
       214     5.7418813705E+000
       215     5.9058885574E+000
       216     5.8930072784E+000
       217     5.7477312088E+000
       218     5.7793784142E+000
       219     3.6485235691E+000
       220     5.7340979576E+000
       221     3.7395908833E+000
       222     5.7438611984E+000
       223     5.8860878944E+000
       224     5.8898687363E+000
       225     5.8721966743E+000
       226     5.9239606857E+000
       227     5.9242973328E+000
       228     5.7768559456E+000
       229     5.7186527252E+000
       230     2.7968637943E+000
       231     2.8370630741E+000
       232     5.7821631432E+000
       233     2.9692242146E+000
       234     5.5665187836E+000
       235     5.8841285706E+000
       236     5.8898601532E+000
       237     5.9046573639E+000
       238     3.5153300762E+000
       239     2.6059062481E+000
       240     2.5666596889E+000
       241     5.8156089783E+000
       242     5.8090324402E+000
       243     5.8339433670E+000
       244     5.6759018898E+000
       245     4.1417341232E+000
       246     5.3634276390E+000
       247     5.6539525986E+000
       248     5.7654767036E+000
       249     5.7937741280E+000
       250     5.6937150955E+000
       251     5.7600984573E+000
       252     5.7598609924E+000
       253     2.9806840420E+000
       254     3.1279854774E+000
       255     2.3860187531E+000
       256     3.4757294655E+000
       257     3.5350742340E+000
       258     5.7827649117E+000
       259     5.7796187401E+000
       260     3.4047348499E+000
       261     6.1471018791E+000
       262     6.1329956055E+000
       263     6.1967844963E+000
       264     3.7160637379E+000
       265     3.2397596836E+000
       266     2.6992094517E+000
       267     5.7161707878E+000
       268     5.7181763649E+000
       269     4.6471443176E+000
       270     4.7788686752E+000
       271     5.2040634155E+000
       272     5.4418702126E+000
       273     5.5332584381E+000
       274     5.6921625137E+000
       275     5.6253910065E+000
       276     5.6595072746E+000
       277     2.8792235851E+000
       278     3.2103750706E+000
       279     3.1685836315E+000
       280     3.2277414799E+000
       281     5.9125819206E+000
       282     6.1191992760E+000
       283     6.0544710159E+000
       284     6.1354804039E+000
       285     6.1699371338E+000
       286     6.0750422478E+000
       287     3.3446824551E+000
       288     2.9418547153E+000
       289     3.0735952854E+000
       290     5.4962143898E+000
       291     5.3691773415E+000
       292     4.3524842262E+000
       293     4.7384443283E+000
       294     5.1010665894E+000
       295     3.9794733524E+000
       296     4.4919524193E+000
       297     5.2012791634E+000
       298     5.8358092308E+000
       299     5.4883499146E+000
       300     2.7275047302E+000
       301     6.1050229073E+000
       302     2.8120138645E+000
       303     6.0934605598E+000
       304     6.1874022484E+000
       305     6.1639156342E+000
       306     6.0036873817E+000
       307     6.1495633125E+000
       308     6.1680293083E+000
       309     3.3047997952E+000
       310     2.5027227402E+000
       311     3.1087527275E+000
       312     3.2011637688E+000
       313     5.3204870224E+000
       314     5.1065149307E+000
       315     4.3026881218E+000
       316     4.6898775101E+000
       317     4.2458596230E+000
       318     5.2701172829E+000
       319     5.2732405663E+000
       320     5.8982391357E+000
       321     2.6324660778E+000
       322     6.1939339638E+000
       323     6.1503539085E+000
       324     6.2199158669E+000
       325     6.2507476807E+000
       326     6.0698313713E+000
       327     6.2538614273E+000
       328     6.2189807892E+000
       329     2.8148581982E+000
       330     2.7829923630E+000
       331     3.2427685261E+000
       332     2.3594250679E+000
       333     5.0757832527E+000
       334     4.7424025536E+000
       335     3.7232580185E+000
       336     5.0874176025E+000
       337     5.1566095352E+000
       338     5.3433098793E+000
       339     2.9308247566E+000
       340     6.1795601845E+000
       341     5.9939627647E+000
       342     5.2984623909E+000
       343     6.2191758156E+000
       344     6.3313393593E+000
       345     6.2327947617E+000
       346     2.5183362961E+000
       347     3.1581184864E+000
       348     2.9059052467E+000
       349     4.3414950371E+000
       350     4.5089764595E+000
       351     2.8146138191E+000
       352     4.7365512848E+000
       353     4.6935548782E+000
       354     3.8051319122E+000
       355     3.7653038502E+000
       356     2.2049157619E+000
       357     2.4110257626E+000
       358     2.0527563095E+000
       359     4.6543750763E+000
       360     5.7211565971E+000
       361     5.8150110245E+000
       362     6.1986017227E+000
       363     6.0709819794E+000
       364     6.3300561905E+000
       365     6.3779330254E+000
       366     2.3112683296E+000
       367     5.0550761223E+000
       368     5.0565996170E+000
       369     5.7472977638E+000
       370     5.2544918060E+000
       371     4.0211005211E+000
       372     5.5849761963E+000
       373     2.2417204380E+000
       374     2.0290982723E+000
       375     2.1191694736E+000
       376     5.5196595192E+000
       377     5.6449122429E+000
       378     4.4642720222E+000
       379     4.2008290291E+000
       380     2.4856252670E+000
       381     2.6917164326E+000
       382     2.4162578583E+000
       383     2.6319804192E+000
       384     2.4659671783E+000
       385     2.7799444199E+000
       386     3.1487035751E+000
       387     1.8762246370E+000
       388     4.2359848022E+000
       389     5.8495144844E+000
       390     5.8689885139E+000
       391     6.0267014503E+000
       392     6.2503662109E+000
       393     6.4213366508E+000
       394     5.2944436073E+000
       395     5.3862476349E+000
       396     5.6391592026E+000
       397     5.8466677666E+000
       398     5.3901519775E+000
       399     5.5471467972E+000
       400     5.2131376266E+000
       401     5.7517571449E+000
       402     5.5277786255E+000
       403     5.7021179199E+000
       404     5.6732435226E+000
       405     4.0521116257E+000
       406     4.3236041069E+000
       407     2.4453215599E+000
       408     2.6874170303E+000
       409     2.7559714317E+000
       410     2.9499478340E+000
       411     2.3762633801E+000
       412     2.0864887238E+000
       413     5.7672262192E+000
       414     5.7563114166E+000
       415     4.2159852982E+000
       416     5.6706027985E+000
       417     6.0186734200E+000
       418     6.1144518852E+000
       419     5.9142465591E+000
       420     5.6623225212E+000
       421     5.6770553589E+000
       422     5.8201127052E+000
       423     5.5429325104E+000
       424     5.7430257797E+000
       425     5.5613431931E+000
       426     5.7162437439E+000
       427     5.7239084244E+000
       428     5.7154998779E+000
       429     3.6627333164E+000
       430     3.4946265221E+000
       431     2.8955247402E+000
       432     2.7126884460E+000
       433     1.8086589575E+000
       434     2.6177110672E+000
       435     5.7569870949E+000
       436     5.7506513596E+000
       437     2.9481678009E+000
       438     5.7855548859E+000
       439     5.7656307220E+000
       440     5.6933722496E+000
       441     5.6632294655E+000
       442     5.9844422340E+000
       443     5.9357967377E+000
       444     5.8165245056E+000
       445     5.7895126343E+000
       446     5.7713751793E+000
       447     5.7384748459E+000
       448     5.8633456230E+000
       449     5.8224725723E+000
       450     5.7126135826E+000
       451     5.7684688568E+000
       452     3.6963510513E+000
       453     3.8118143082E+000
       454     3.0716977119E+000
       455     3.1303377151E+000
       456     3.0654530525E+000
       457     2.9377861023E+000
       458     5.7212624550E+000
       459     5.6706190109E+000
       460     5.7957096100E+000
       461     5.8026037216E+000
       462     5.6954240799E+000
       463     5.6853833199E+000
       464     5.7236499786E+000
       465     5.6492877007E+000
       466     5.9589457512E+000
       467     5.8417329788E+000
       468     5.8039054871E+000
       469     5.8620481491E+000
       470     5.9188203812E+000
       471     5.9270639420E+000
       472     6.0320072174E+000
       473     5.8486719131E+000
       474     5.7683401108E+000
       475     5.5913276672E+000
       476     2.0940697193E+000
       477     3.3081214428E+000
       478     3.2413675785E+000
       479     3.3810293674E+000
       480     3.1466743946E+000
       481     3.8573303223E+000
       482     3.3632643223E+000
       483     3.4007127285E+000
       484     5.8139572144E+000
       485     5.8156695366E+000
       486     5.7873291969E+000
       487     5.9120087624E+000
       488     5.8154168129E+000
       489     5.8871264458E+000
       490     5.7449874878E+000
       491     5.7650876045E+000
       492     5.7574019432E+000
       493     5.7411613464E+000
       494     6.0516791344E+000
       495     5.9454007149E+000
       496     6.1046128273E+000
       497     6.0093913078E+000
       498     5.4432640076E+000
       499     3.0658810139E+000
       500     3.5043401718E+000
       501     3.3274176121E+000
       502     3.2164487839E+000
       503     3.4920725822E+000
       504     5.8609547615E+000
       505     3.9230260849E+000
       506     3.9403254986E+000
       507     3.7356195450E+000
       508     5.9027528763E+000
       509     5.8073949814E+000
       510     5.9367947578E+000
       511     5.9963154793E+000
       512     5.9535584450E+000
       513     5.9130215645E+000
       514     5.3513402939E+000
       515     5.4888238907E+000
       516     5.7103395462E+000
       517     5.6819901466E+000
       518     6.0928702354E+000
       519     5.9477834702E+000
       520     6.1329936981E+000
       521     3.2054448128E+000
       522     2.5121741295E+000
       523     3.5550363064E+000
       524     3.0803625584E+000
       525     3.2568476200E+000
       526     3.7186520100E+000
       527     5.7550845146E+000
       528     5.8081808090E+000
       529     5.7391567230E+000
       530     3.6364533901E+000
       531     5.8412289619E+000
       532     6.0026807785E+000
       533     5.9788155556E+000
       534     5.8551893234E+000
       535     5.9834785461E+000
       536     5.9363923073E+000
       537     5.9037313461E+000
       538     5.3478422165E+000
       539     5.6544308662E+000
       540     5.6855101585E+000
       541     5.6896343231E+000
       542     5.9975266457E+000
       543     5.8448481560E+000
       544     3.3079559803E+000
       545     5.1202073097E+000
       546     6.0200943947E+000
       547     2.9278795719E+000
       548     6.1481637955E+000
       549     6.1447620392E+000
       550     5.5999112129E+000
       551     5.7694368362E+000
       552     5.8465280533E+000
       553     5.9483842850E+000
       554     5.8940682411E+000
       555     5.9733819962E+000
       556     6.0288209915E+000
       557     6.0167765617E+000
       558     5.9278435707E+000
       559     5.9967336655E+000
       560     5.8979415894E+000
       561     5.6898598671E+000
       562     5.6465892792E+000
       563     5.4899969101E+000
       564     5.6926050186E+000
       565     5.7956318855E+000
       566     4.9416275024E+000
       567     5.0925183296E+000
       568     2.9418973923E+000
       569     6.1562590599E+000
       570     3.1204619408E+000
       571     6.1665940285E+000
       572     6.2454843521E+000
       573     6.2359509468E+000
       574     6.1911950111E+000
       575     6.0135540962E+000
       576     6.0282731056E+000
       577     6.0858073235E+000
       578     6.1031808853E+000
       579     6.1506867409E+000
       580     6.0407781601E+000
       581     6.0948071480E+000
       582     5.9474754333E+000
       583     6.0389947891E+000
       584     5.8255791664E+000
       585     5.5786528587E+000
       586     5.5967955589E+000
       587     5.6529760361E+000
       588     5.6665449142E+000
       589     4.8966155052E+000
       590     2.4012255669E+000
       591     3.1254413128E+000
       592     6.2313919067E+000
       593     6.1606597900E+000
       594     6.2508640289E+000
       595     6.2185573578E+000
       596     6.1723480225E+000
       597     6.2622909546E+000
       598     6.2561564445E+000
       599     6.1147723198E+000
       600     6.0988039970E+000
       601     6.1313867569E+000
       602     6.1735301018E+000
       603     6.0754208565E+000
       604     6.1209149361E+000
       605     5.8396344185E+000
       606     5.9029936790E+000
       607     5.9999213219E+000
       608     5.6631145477E+000
       609     5.2697515488E+000
       610     5.6535372734E+000
       611     5.3465485573E+000
       612     5.4356389046E+000
       613     5.0605688095E+000
       614     3.2282199860E+000
       615     3.3315029144E+000
       616     3.5230050087E+000
       617     3.5068044662E+000
       618     3.4346802235E+000
       619     6.1645903587E+000
       620     6.3326554298E+000
       621     6.3075923920E+000
       622     6.1882991791E+000
       623     6.2444062233E+000
       624     6.2755546570E+000
       625     6.2533731461E+000
       626     6.2407197952E+000
       627     6.1607193947E+000
       628     6.1976432800E+000
       629     6.1094226837E+000
       630     5.7499685287E+000
       631     5.8507132530E+000
       632     5.9576425552E+000
       633     5.5339379311E+000
       634     5.2328667641E+000
       635     5.2448759079E+000
       636     4.8990259171E+000
       637     5.1007657051E+000
       638     6.1463017464E+000
       639     6.0167484283E+000
       640     5.7249431610E+000
       641     3.4015088081E+000
       642     5.6680822372E+000
       643     6.2183308601E+000
       644     6.2485017776E+000
       645     6.2072520256E+000
       646     6.2350368500E+000
       647     6.2392249107E+000
       648     6.1305303574E+000
       649     6.2965946198E+000
       650     6.2467503548E+000
       651     6.1721978188E+000
       652     6.1915116310E+000
       653     6.0550093651E+000
       654     5.6160478592E+000
       655     5.7330174446E+000
       656     5.8572301865E+000
       657     5.3058671951E+000
       658     5.1290287971E+000
       659     5.0267972946E+000
       660     5.0460038185E+000
       661     6.1195325851E+000
       662     5.7055168152E+000
       663     3.4968512058E+000
       664     5.7353987694E+000
       665     3.8341453075E+000
       666     3.9460945129E+000
       667     3.7855536938E+000
       668     3.6061022282E+000
       669     5.8156981468E+000
       670     6.1278047562E+000
       671     6.1976509094E+000
       672     6.1421804428E+000
       673     6.2288179398E+000
       674     6.1918215752E+000
       675     6.2206645012E+000
       676     6.1339144707E+000
       677     6.1673874855E+000
       678     5.9499096870E+000
       679     5.5410294533E+000
       680     5.6994485855E+000
       681     5.8021631241E+000
       682     5.2248191833E+000
       683     2.8793861866E+000
       684     3.7440237999E+000
       685     4.9466319084E+000
       686     4.7472977638E+000
       687     5.8168387413E+000
       688     3.6453824043E+000
       689     3.6058552265E+000
       690     3.8949677944E+000
       691     3.6328432560E+000
       692     5.6345672607E+000
       693     3.6348748207E+000
       694     3.6373510361E+000
       695     3.5397186279E+000
       696     5.8032207489E+000
       697     5.9222536087E+000
       698     6.1767063141E+000
       699     6.0663919449E+000
       700     6.1390476227E+000
       701     6.1414918900E+000
       702     6.0498523712E+000
       703     6.0482244492E+000
       704     5.8822317123E+000
       705     5.7901635170E+000
       706     5.5335679054E+000
       707     5.6779522896E+000
       708     5.2331080437E+000
       709     2.5570018291E+000
       710     4.6381435394E+000
       711     5.2717809677E+000
       712     5.8229064941E+000
       713     3.9298732281E+000
       714     3.7906551361E+000
       715     4.5489759445E+000
       716     3.8931765556E+000
       717     3.6442370415E+000
       718     3.6714835167E+000
       719     4.4660511017E+000
       720     3.7043111324E+000
       721     5.6493268013E+000
       722     5.7060856819E+000
       723     3.4203557968E+000
       724     3.3803114891E+000
       725     5.7339363098E+000
       726     5.8673253059E+000
       727     6.0447244644E+000
       728     5.8589425087E+000
       729     6.0405402184E+000
       730     5.8923048973E+000
       731     5.9046263695E+000
       732     5.9661397934E+000
       733     5.7797079086E+000
       734     5.6820940971E+000
       735     5.5358939171E+000
       736     5.1912660599E+000
       737     5.7563943863E+000
       738     4.0586848259E+000
       739     4.4913086891E+000
       740     4.5583271980E+000
       741     4.4801807404E+000
       742     3.8175740242E+000
       743     4.2093825340E+000
       744     5.5227885246E+000
       745     5.6528697014E+000
       746     5.3268704414E+000
       747     5.1156549454E+000
       748     5.6762647629E+000
       749     5.7060251236E+000
       750     5.6490559578E+000
       751     5.5921149254E+000
       752     5.7820658684E+000
       753     5.7297582626E+000
       754     5.6761555672E+000
       755     5.5995965004E+000
       756     4.0066537857E+000
       757     3.7986123562E+000
       758     4.5477952957E+000
       759     5.5790071487E+000
       760     3.6906616688E+000
       761     4.9740958214E+000
       762     5.4674844742E+000
       763     5.1830286980E+000
       764     5.5615816116E+000
       765     5.4996719360E+000
       766     5.3732991219E+000
       767     5.2129197121E+000
       768     5.2043204308E+000
       769     5.7781848907E+000
       770     5.3772897720E+000
       771     3.8257954121E+000
       772     3.9687876701E+000
       773     3.6718440056E+000
       774     3.5980801582E+000
       775     3.6002531052E+000
       776     5.3939332962E+000
       777     5.0843954086E+000
       778     5.1032829285E+000
       779     5.2903928757E+000
       780     5.3929948807E+000
       781     5.2358684540E+000
       782     5.0763740540E+000
       783     4.6794991493E+000
       784     3.6594991684E+000
       785     2.8310065269E+000
       786     5.2649092674E+000
       787     3.8953287601E+000
       788     3.7101490498E+000
       789     3.4599068165E+000
       790     3.2957477570E+000
       791     5.0780534744E+000
       792     5.3221006393E+000
       793     5.2000718117E+000
       794     5.2383809090E+000
       795     5.2596497536E+000
       796     4.9769067764E+000
       797     4.6348762512E+000
       798     3.9144833088E+000
       799     2.2495131493E+000
       800     3.4444301128E+000
       801     5.0844168663E+000
       802     3.3376858234E+000
       803     3.3156259060E+000
       804     4.7420148849E+000
       805     4.7162814140E+000
       806     5.1976642609E+000
       807     5.2404870987E+000
       808     5.2360510826E+000
       809     5.0152130127E+000
       810     4.5547227859E+000
       811     3.5733256340E+000
       812     4.5766515732E+000
       813     3.2542920113E+000
       814     3.4145200253E+000
       815     5.0055117607E+000
       816     4.7878999710E+000
       817     5.1073555946E+000
       818     4.7476902008E+000
       819     4.6652569771E+000
       820     4.9678044319E+000
       821     4.3604054451E+000
       822     3.2922923565E+000
       823     3.6096656322E+000
       824     3.8206140995E+000
       825     4.5855827332E+000
       826     4.7800841331E+000
       827     4.8120050430E+000
       828     4.7306451797E+000
       829     4.6696243286E+000
       830     4.5959854126E+000
       831     4.4486122131E+000
       832     3.9642150402E+000
       833     4.1347422600E+000
       834     4.2764678001E+000
       835     4.6592354774E+000
       836     4.6148920059E+000
       837     4.7041797638E+000
       838     4.6637234688E+000
       839     3.9233775139E+000
       840     4.4893436432E+000
       841     3.1658208370E+000
       842     3.1634361744E+000
       843     4.5779690742E+000
       844     4.6275510788E+000
       845     4.3944034576E+000
       846     4.4647865295E+000
       847     4.2686290741E+000
       848     4.7845058441E+000
       849     4.1960425377E+000
       850     3.2471690178E+000
       851     2.8955457211E+000
       852     4.3998236656E+000
       853     4.4929952621E+000
       854     4.4581174850E+000
       855     4.3796782494E+000
       856     3.8134272099E+000
       857     4.4125027657E+000
       858     4.3805522919E+000
       859     4.1643934250E+000
       860     2.9350254536E+000
       861     5.4760775566E+000
       862     4.3722729683E+000
       863     5.3167209625E+000
       864     2.4666640759E+000
       865     5.2932677269E+000
       866     4.3393478394E+000
       867     4.0302829742E+000
       868     3.5083963871E+000
       869     3.8057582378E+000
       870     3.4849228859E+000
       871     5.6399426460E+000
       872     3.7431530952E+000
       873     3.3365094662E+000
       874     5.6609673500E+000
       875     5.4829173088E+000
       876     3.4400117397E+000
       877     4.1959166527E+000
       878     3.3928644657E+000
       879     5.8860249519E+000
       880     5.7577047348E+000
       881     3.9373562336E+000
       882     3.7998478413E+000
       883     3.8355133533E+000
       884     2.9268326759E+000
       885     5.6868815422E+000
       886     3.5042009354E+000
       887     6.0099453926E+000
       888     5.8502545357E+000
       889     3.5888423920E+000
       890     3.1230053902E+000
       891     5.9726047516E+000
       892     5.8439283371E+000
       893     3.8444058895E+000
       894     3.1892943382E+000
       895     5.7815060616E+000
       896     5.7982764244E+000
       897     5.9098229408E+000
       898     5.8997240067E+000
       899     5.5779604912E+000
       900     3.3562092781E+000
       901     2.9099895954E+000
       902     5.0929446220E+000
       903     5.9655108452E+000
       904     5.6887993813E+000
       905     3.8514158726E+000
       906     3.3978703022E+000
       907     3.8657271862E+000
       908     3.8408060074E+000
       909     5.7826471329E+000
       910     5.8252286911E+000
       911     6.0037441254E+000
       912     5.8419628143E+000
       913     5.8354835510E+000
       914     4.2129077911E+000
       915     4.7220773697E+000
       916     5.7978510857E+000
       917     5.9057631493E+000
       918     5.6682243347E+000
       919     3.8858821392E+000
       920     3.6747732162E+000
       921     3.9295454025E+000
       922     5.7620410919E+000
       923     5.8644351959E+000
       924     5.8834986687E+000
       925     5.7808628082E+000
       926     4.1410288811E+000
       927     3.4728159904E+000
       928     5.7168049812E+000
       929     5.8560767174E+000
       930     5.3432254791E+000
       931     4.8259034157E+000
       932     4.2140440941E+000
       933     3.4065802097E+000
       934     2.5449144840E+000
       935     2.8516702652E+000
       936     5.6557822227E+000
       937     5.8006024361E+000
       938     5.8511710167E+000
       939     5.6657767296E+000
       940     5.7537240982E+000
       941     3.9295294285E+000
       942     3.5520391464E+000
       943     5.8062434196E+000
       944     4.5877060890E+000
       945     4.2514963150E+000
       946     3.1200835705E+000
       947     4.7859349251E+000
       948     5.6818566322E+000
       949     5.7560400963E+000
       950     5.8178524971E+000
       951     5.8017053604E+000
       952     5.6926412582E+000
       953     3.9871363640E+000
       954     3.3726036549E+000
       955     2.4075720310E+000
       956     2.8500084877E+000
       957     5.8030710220E+000
       958     5.1318340302E+000
       959     4.0873074532E+000
       960     5.5926470757E+000
       961     5.7588315010E+000
       962     5.7888627052E+000
       963     5.6785602570E+000
       964     5.7241034508E+000
       965     2.4716475010E+000
       966     5.7700853348E+000
       967     5.0805892944E+000
       968     5.6657443047E+000
       969     5.3723216057E+000
       970     5.2377867699E+000
       971     5.0813617706E+000
       972     5.4940218925E+000
       973     3.8856706619E+000
       974     5.0064849854E+000
       975     5.2981219292E+000
       976     5.5720801353E+000
       977     5.5168223381E+000
       978     4.3162226677E+000
       979     5.3485641479E+000
       980     5.6248536110E+000
       981     3.5818312168E+000
       982     5.0278296471E+000
       983     4.2406892776E+000
       984     5.5198421478E+000
       985     5.6350107193E+000
       986     5.5844235420E+000
       987     3.4866664410E+000
       988     5.6703996658E+000
       989     5.7025737762E+000
       990     5.5186958313E+000
       991     5.6786522865E+000
       992     4.5271687508E+000
       993     4.2869305611E+000
       994     5.5803875923E+000
       995     5.6214570999E+000
       996     5.7340288162E+000
       997     5.7300658226E+000
       998     5.6827096939E+000
       999     4.5708746910E+000
      1000     4.2909793854E+000
      1001     5.5737376213E+000
      1002     5.7068591118E+000
      1003     5.7880649567E+000
      1004     5.8146395683E+000
      1005     5.7682461739E+000
      1006     5.7419576645E+000
      1007     4.6520471573E+000
      1008     4.9861116409E+000
      1009     3.7074012756E+000
      1010     5.7765884399E+000
      1011     5.8712191582E+000
      1012     6.0284900665E+000
      1013     5.8109579086E+000
      1014     5.9268836975E+000
      1015     5.6595749855E+000
      1016     6.7417483330E+000
      1017     6.0968155861E+000
      1018     6.0586881638E+000
      1019     6.0710458755E+000
      1020     5.9241371155E+000
      1021     6.2452116013E+000
      1022     6.0579509735E+000
      1023     6.1774711609E+000
      1024     6.1981759071E+000
      1025     6.0691385269E+000
      1026     6.2787671089E+000
      1027     6.1791977882E+000
      1028     6.1133193970E+000
      1029     6.2136726379E+000
      1030     6.2894711494E+000
      1031     6.3178577423E+000
      1032     6.2998876572E+000
      1033     6.3757057190E+000
      1034     6.3256258965E+000
      1035     6.4159126282E+000
      1036     6.4582276344E+000
      1037     4.4964075089E+000
      1038     6.0345253944E+000
      1039     4.8561377525E+000
      1040     4.0212469101E+000
      1041     6.1926603317E+000
      1042     6.2791481018E+000
      1043     5.7949366570E+000
      1044     5.1405525208E+000
      1045     6.2004485130E+000
      1046     5.9425888062E+000
      1047     6.1071143150E+000
      1048     6.0701475143E+000
      1049     6.2337846756E+000
      1050     4.7730264664E+000
      1051     6.2356977463E+000
      1052     6.2045278549E+000
      1053     5.4658484459E+000
      1054     5.8483562469E+000
      1055     4.1079597473E+000
      1056     5.9842853546E+000
      1057     5.9745597839E+000
      1058     5.5873751640E+000
      1059     4.8412914276E+000
      1060     5.3774800301E+000
      1061     4.7426457405E+000
      1062     5.4918527603E+000
      1063     4.6900639534E+000
      1064     4.8071660995E+000
      1065     4.9822206497E+000
      1066     5.1445555687E+000
      1067     4.8314275742E+000
      1068     3.8265206814E+000
      1069     3.6853442192E+000
