OceanMesh2D
Nov2011_WinterStorm_CFSv2_6hr
1        	 ! NFOVER 
0        	 ! NABOUT 
180        	 ! NSCREEN 
0        	 ! IHOT 
20         	 ! ICS 
513111          	 ! IM 
1            	 ! NOLIBF 
2            	 ! NOLIFA 
1           	 ! NOLICA 
1           	 ! NOLICAT 
1           	 ! NWP 
internal_tide_friction
1   	 	 ! NCOR 
2   	 	 ! NTIP 
14014   	 	 ! NWS 
1    	 	 ! NRAMP 
9.810000    	 ! G  
0.0013333 	 ! TAU0 
240    	 	 ! DTDP 
0  	 	 ! STATIM 
0   	 	 ! REFTIM 
21600 21600     	 ! WTIMINC, ICETIMINC 
14   	 	 ! RNDY 
5   	 	 ! DRAMP 
0.4 0.4 0.2   	 ! A00, B00, C00 
0.1 0 0 0.01    	 ! H0, 2*dummy, VELMIN 
194.816492 58.139733  	 	 ! SLAM0, SFEA0 
0.001500     	 ! CF 
-0.20000     	 	 ! ELSM 
0.000000   	 ! CORI 
8   	 	 ! NTIF 
Q1 
0.019303  6.495854130e-05 0.695000 0.959127 201.560319   	 !  TPK, AMIGT, ETRF, FFT, FACET 
O1 
0.100818  6.759774407e-05 0.695000 0.976897 278.275801   	 !  TPK, AMIGT, ETRF, FFT, FACET 
P1 
0.047037  7.252294576e-05 0.706000 1.001966 50.614945   	 !  TPK, AMIGT, ETRF, FFT, FACET 
K1 
0.141909  7.292115851e-05 0.736000 0.986045 318.861181   	 !  TPK, AMIGT, ETRF, FFT, FACET 
N2 
0.046510  1.378796998e-04 0.693000 1.010125 166.216878   	 !  TPK, AMIGT, ETRF, FFT, FACET 
M2 
0.242922  1.405189028e-04 0.693000 1.008779 241.874786   	 !  TPK, AMIGT, ETRF, FFT, FACET 
S2 
0.113308  1.454441043e-04 0.693000 0.999431 359.893589   	 !  TPK, AMIGT, ETRF, FFT, FACET 
K2 
0.030779  1.458423170e-04 0.693000 0.948801 97.737423   	 !  TPK, AMIGT, ETRF, FFT, FACET 
8   	 	 ! NBFR 
Q1  
 6.495854130e-05 0.959127 201.560319 
O1  
 6.759774407e-05 0.976897 278.275801 
P1  
 7.252294576e-05 1.001966 50.614945 
K1  
 7.292115851e-05 0.986045 318.861181 
N2  
 1.378796998e-04 1.010125 166.216878 
M2  
 1.405189028e-04 1.008779 241.874786 
S2  
 1.454441043e-04 0.999431 359.893589 
K2  
 1.458423170e-04 0.948801 97.737423 
Q1 
 6.656596257e-01       276.153337 
 4.661963394e-01      287.0302504 
 3.377450591e-01      287.0416991 
 2.427939083e-01        277.10504 
 1.855574406e-01      264.4100889 
 1.324309140e-01      254.2324894 
 1.007880504e-01      250.3311185 
 8.289344848e-02      241.8640039 
 6.935606758e-02      237.1358247 
 6.372969487e-02      231.0781712 
 6.120908325e-02      228.8808685 
 5.902872538e-02      228.9467079 
 5.738628919e-02      230.3027564 
 5.517552976e-02      229.3822925 
 5.543334895e-02      229.1670869 
 5.306012427e-02      230.9312177 
 5.198369028e-02      229.6901026 
 5.132349785e-02      231.2008771 
 4.899456640e-02      232.6237223 
 4.854779063e-02      232.4082623 
 4.772282994e-02      234.0609933 
 4.563245988e-02      233.5458998 
 4.544671806e-02      233.8509325 
 4.468021964e-02      234.4889998 
 4.221979250e-02      233.4665727 
 4.128358106e-02      234.4178587 
 4.061345180e-02      235.8420638 
 3.996890435e-02      237.3679993 
 3.968013859e-02      237.3017394 
 3.924433599e-02      236.8266524 
 3.864038076e-02      236.8527771 
 3.799220788e-02      237.4074567 
 3.706956172e-02      238.6014956 
 3.633742765e-02      239.1318434 
 3.581308023e-02       238.907279 
 3.530885569e-02      239.6225398 
 3.484000917e-02      240.3932766 
 3.440901884e-02      241.0681148 
 3.391455062e-02      241.8254731 
 3.338058349e-02      242.6352545 
 3.262940341e-02      243.6061303 
 3.184168146e-02      244.5897386 
 3.107881250e-02      245.5926616 
 3.036094180e-02      246.5896869 
 2.975031930e-02      247.4942026 
 2.921901098e-02        248.32401 
 2.877436158e-02      249.0652643 
 2.831619892e-02      249.9077531 
 2.784138159e-02      250.8870346 
 2.731823001e-02      251.9671859 
 2.691009884e-02      253.0770638 
 2.644097475e-02      253.9350806 
 2.595185999e-02      255.1791602 
 2.554077549e-02      256.3749511 
 2.514249062e-02      257.6866671 
 2.477685375e-02      259.0572026 
 2.447898889e-02      260.3144523 
 2.417066723e-02      261.7268831 
 2.389326041e-02      263.1017045 
 2.363176539e-02      264.4947053 
 2.337715664e-02      265.9703804 
 2.306957469e-02      267.9625212 
 2.284534415e-02      269.6292639 
 2.261797952e-02      271.6231577 
 2.245307625e-02      273.4179612 
 2.232179823e-02      275.2833531 
 2.227053383e-02      277.0894305 
 2.218614969e-02      278.5789475 
 2.216206781e-02      280.3949036 
 2.216958438e-02      282.4269253 
 2.229558616e-02      286.4456417 
 2.251927171e-02      288.0902097 
 2.253763977e-02       290.256889 
 2.272579579e-02      292.1685374 
 2.295568395e-02      293.9332427 
 2.322665153e-02      295.7042686 
 2.348474991e-02      297.1589921 
 2.375751422e-02      298.5709643 
 2.405256081e-02      300.0060596 
 2.436177455e-02      301.4123324 
 2.469323703e-02      302.8147261 
 2.502246997e-02      304.1469801 
 2.538068679e-02      305.5440482 
 2.571563262e-02      306.7600085 
 2.606571481e-02      307.9721516 
 2.644048943e-02      309.2263013 
 2.680932441e-02      310.4484359 
 2.720964856e-02      311.7646167 
 2.760650041e-02      312.9360756 
 2.798011377e-02      313.5151023 
 2.842775687e-02      314.3213152 
 2.891738857e-02      315.4334334 
 2.935453502e-02       316.324952 
 2.992071527e-02       317.333568 
 3.048057024e-02      318.2239798 
 3.105868842e-02      319.0520557 
 3.176657013e-02      319.9566559 
 3.252397356e-02      320.8553467 
 3.337595316e-02       321.787727 
 3.427665803e-02      322.6738986 
 3.519607283e-02      323.5019027 
 3.615881761e-02      324.2490174 
 3.714018934e-02      324.9128611 
 3.821389884e-02      325.5543308 
 3.944816503e-02      326.1515913 
 4.089590478e-02      326.6984887 
 4.233809700e-02      327.0385335 
 4.401291970e-02      327.1819451 
 4.606991795e-02      326.9497722 
 4.760300643e-02      326.4128411 
 4.892674973e-02       325.735515 
 4.992434710e-02      325.2003829 
 5.049804786e-02      325.1751009 
 5.153407608e-02      325.0870856 
 8.029387612e-04      248.3292802 
 9.425141602e-04      251.0700803 
 1.056905588e-03      251.1527506 
 1.205703038e-03      248.5710316 
 1.424896323e-03      246.2399052 
 1.634819388e-03      241.1184515 
 1.933124322e-03      225.9754786 
 2.141514683e-03      215.6118954 
 2.528737424e-03      200.0998332 
 3.395083862e-03      180.5771207 
 5.652840111e-03      171.0365909 
 6.072432318e-03      172.2668646 
 6.428437119e-03      172.5484824 
 6.310715982e-03       171.809847 
 6.110005335e-03      171.0713235 
 5.882285461e-03      170.5284689 
 5.540326914e-03      170.0661238 
 5.315762186e-03      169.4884856 
 5.060357967e-03      169.0062783 
 4.947064684e-03      167.8691344 
 4.892280042e-03      166.2922472 
 4.908372303e-03      165.0715099 
 5.003400986e-03       163.876984 
 5.098803098e-03      162.6047244 
 5.218656805e-03      161.6023801 
 5.605618530e-03      162.9369665 
 6.040792498e-03      164.3542011 
 6.124157823e-03      165.8317454 
 6.338083104e-03      166.1738376 
 6.544918901e-03      167.1311432 
 6.839924378e-03      168.5577065 
 6.722627217e-03      166.3272251 
 1.274200404e-02      166.6620979 
 2.036137562e-02      154.9982867 
 3.281201243e-02      168.1334812 
 2.669765262e-02      183.6145257 
 2.145977151e-02      179.8673924 
 2.071549628e-02      172.0130899 
 5.720095027e-02      143.1846505 
 4.596898793e-02      265.3943756 
 5.586457810e-02       249.182752 
O1 
 2.924152339e+00      299.5990926 
 2.133637316e+00      280.4507595 
 1.331553360e+00      275.7284964 
 5.755363522e-01      273.1399674 
 1.064208703e+00      237.2930629 
 8.885780644e-01      238.2008418 
 6.031856353e-01      240.5025263 
 5.071891053e-01      235.3034595 
 3.933226925e-01      234.4292341 
 2.962161381e-01      232.8457053 
 2.437089942e-01       231.745528 
 2.245818122e-01      234.1897915 
 2.240779492e-01      235.6106488 
 2.315528233e-01      233.9957406 
 2.458685076e-01      233.2540448 
 2.555921261e-01      234.5030171 
 2.708063897e-01        232.11809 
 2.821073082e-01      233.4412024 
 2.790034945e-01      234.7733982 
 2.800093697e-01      234.8435754 
 2.743921848e-01      237.4240219 
 2.682303993e-01      237.2119394 
 2.662684954e-01      238.3705578 
 2.596255201e-01      240.2071926 
 2.487871791e-01      239.4901995 
 2.424467862e-01      240.9871989 
 2.375909604e-01      242.8256898 
 2.337365928e-01      244.6178349 
 2.321466429e-01      245.1084818 
 2.297249558e-01      244.9717299 
 2.266242345e-01      245.2170764 
 2.234786644e-01      245.8853022 
 2.187365414e-01      247.0595041 
 2.151322260e-01      247.6018623 
 2.127620928e-01      247.4333446 
 2.103945048e-01      248.0957847 
 2.081906557e-01      248.7864406 
 2.063808602e-01      249.3162863 
 2.040598803e-01      249.9076965 
 2.012975866e-01      250.5388599 
 1.971458321e-01      251.2885436 
 1.926573779e-01       252.045365 
 1.882741142e-01      252.8087552 
 1.841139611e-01      253.5639492 
 1.804597678e-01       254.266311 
 1.771599968e-01      254.9311167 
 1.743822876e-01      255.5253318 
 1.715087398e-01      256.1964682 
 1.684442695e-01      256.9926422 
 1.650602320e-01      257.8581095 
 1.622169565e-01      258.7955056 
 1.592897561e-01       259.438742 
 1.559634076e-01      260.4345019 
 1.530741029e-01      261.4248185 
 1.501828729e-01      262.5417777 
 1.474330042e-01      263.7382933 
 1.451168623e-01      264.8561624 
 1.426656688e-01       266.125724 
 1.404118818e-01      267.3739444 
 1.382439921e-01      268.6501891 
 1.360786579e-01      270.0165251 
 1.333667706e-01      271.8860699 
 1.312901477e-01      273.4746038 
 1.290420928e-01      275.4064931 
 1.272468476e-01      277.1769563 
 1.256109113e-01      279.0494134 
 1.244392374e-01      280.9158162 
 1.232735823e-01      282.4377712 
 1.222772437e-01      284.3470755 
 1.213653428e-01      286.5129873 
 1.201936789e-01      290.8763048 
 1.205991555e-01      292.7355364 
 1.198133979e-01      295.1100307 
 1.200026934e-01      297.2731806 
 1.204867149e-01      299.2935668 
 1.211996347e-01      301.3049468 
 1.220206639e-01      302.9289035 
 1.230421769e-01      304.4827616 
 1.243284487e-01      306.0461011 
 1.258695793e-01      307.5638933 
 1.277010359e-01      309.0623381 
 1.296416582e-01      310.4626563 
 1.318031149e-01      311.8961683 
 1.337996079e-01      313.1094438 
 1.357969692e-01      314.2788159 
 1.378078950e-01      315.4447354 
 1.396757259e-01       316.537455 
 1.416154663e-01      317.6697071 
 1.431570228e-01      318.5938037 
 1.446008024e-01      318.9460698 
 1.461612642e-01      319.3323531 
 1.488078337e-01      320.3538775 
 1.511182256e-01      321.2116239 
 1.541266397e-01      322.2464033 
 1.570718042e-01      323.2422296 
 1.600353470e-01      324.2468809 
 1.635260399e-01      325.4336542 
 1.671042020e-01      326.6714282 
 1.710141400e-01      327.9920607 
 1.751160918e-01      329.2629644 
 1.793350588e-01      330.4409576 
 1.838619945e-01      331.4879343 
 1.886044368e-01      332.3869069 
 1.939295023e-01       333.213197 
 2.002380692e-01      333.9458819 
 2.078693923e-01      334.5852705 
 2.157740889e-01      334.9887891 
 2.253375599e-01      335.2306591 
 2.375168064e-01      335.2281099 
 2.469973426e-01      334.9624186 
 2.557451577e-01      334.6100263 
 2.637573854e-01      334.0873909 
 2.666487098e-01      333.8627029 
 2.721447677e-01      334.0247614 
 3.308352319e-03      224.0769392 
 3.864697383e-03       233.723789 
 4.405182384e-03       240.446939 
 5.250668184e-03      246.4310594 
 6.620063054e-03      251.9171528 
 8.018645690e-03      252.5418073 
 1.021303732e-02      247.6195317 
 1.165026653e-02      243.2684989 
 1.399576353e-02      234.9355492 
 1.870384950e-02      221.4948321 
 3.073716759e-02      214.8729581 
 3.278810978e-02      216.5707705 
 3.440844422e-02      217.8588509 
 3.363333993e-02      218.0551136 
 3.222736472e-02      218.1062589 
 3.054127232e-02      218.4785631 
 2.810628196e-02      219.2245137 
 2.568220888e-02      219.6869091 
 2.406349579e-02      220.4681975 
 2.232177280e-02      220.2346665 
 2.061679981e-02      219.1850024 
 1.950258022e-02      217.8847355 
 1.853779064e-02      216.0324654 
 1.747139337e-02      213.8159194 
 1.659319551e-02      211.5590123 
 1.665116854e-02      210.2243142 
 1.624387669e-02      208.0127661 
 1.424759741e-02      206.6693463 
 1.281651366e-02      202.9216799 
 1.270963837e-02      200.6931695 
 1.427292696e-02      199.4173647 
 1.532568845e-02       196.418798 
 5.065804472e-02      205.3831913 
 8.517534355e-02      196.6000443 
 1.367730112e-01       215.787167 
 9.583034894e-02      227.5476642 
 6.778429013e-02      209.0141228 
 8.643000156e-02      179.8192574 
 3.654910323e-01      143.8113142 
 1.733314755e-01      273.0198683 
 2.494403680e-01      259.2041542 
P1 
 1.183616586e+00      316.5834784 
 6.866919344e-01      309.2098172 
 4.752153204e-01      294.6277765 
 3.420615699e-01      276.9631707 
 3.964468782e-01      262.4558812 
 3.366781220e-01      259.2688713 
 2.721231162e-01      261.2036609 
 2.386324243e-01      257.1337682 
 1.954659628e-01      255.2347086 
 1.636478810e-01      252.0603261 
 1.481236683e-01      249.5604528 
 1.377859633e-01      250.7234847 
 1.360226908e-01      251.9651518 
 1.348659201e-01      251.2799352 
 1.373165620e-01      250.9541507 
 1.359776557e-01      252.1016054 
 1.385565416e-01       250.536159 
 1.412726538e-01      251.8504986 
 1.382055112e-01       252.162218 
 1.379326522e-01      252.1234722 
 1.368830133e-01      253.4559141 
 1.306871398e-01      252.2280232 
 1.304216963e-01      252.9127585 
 1.278194617e-01      253.7422628 
 1.199390113e-01       252.220769 
 1.177442516e-01      253.2847017 
 1.160408002e-01      254.5469785 
 1.143850032e-01      255.7180105 
 1.130759513e-01      256.2464088 
 1.109056954e-01      255.9540652 
 1.087930452e-01      256.1209507 
 1.071419974e-01      256.8207587 
 1.044779977e-01      257.7583997 
 1.021374884e-01      258.2220748 
 1.001860098e-01      258.1419879 
 9.839186018e-02      258.8750941 
 9.677561886e-02      259.6471228 
 9.545135106e-02      260.3392479 
 9.396190125e-02      261.0538872 
 9.237801132e-02      261.7489189 
 9.026968545e-02      262.4349786 
 8.809565841e-02       263.051263 
 8.598639221e-02       263.674686 
 8.398997490e-02      264.2921956 
 8.220888458e-02      264.8718941 
 8.057023747e-02      265.4261955 
 7.919400001e-02      265.9295978 
 7.777921512e-02       266.524662 
 7.628006741e-02      267.2244649 
 7.460823083e-02      267.9920847 
 7.322937539e-02      268.8109563 
 7.177909422e-02       269.403253 
 7.019624177e-02      270.3135372 
 6.881099955e-02      271.2009314 
 6.740805621e-02       272.189206 
 6.605606705e-02       273.239538 
 6.490898335e-02         274.2181 
 6.368495402e-02      275.3314894 
 6.254903894e-02      276.4294879 
 6.144582039e-02       277.556363 
 6.033167768e-02      278.7675329 
 5.891540523e-02      280.4334782 
 5.781076266e-02      281.8577469 
 5.658821193e-02      283.6023687 
 5.558377581e-02      285.2152591 
 5.463666705e-02       286.938159 
 5.389715020e-02      288.6805151 
 5.319072907e-02      290.1100158 
 5.251421425e-02      291.9325513 
 5.184441365e-02      294.0309215 
 5.081936058e-02      298.3695257 
 5.082308099e-02      300.3211598 
 5.016935908e-02      302.7188059 
 5.001758863e-02      305.0032564 
 5.002528029e-02      307.1836343 
 5.014329584e-02      309.4394942 
 5.032860688e-02      311.3915439 
 5.056355778e-02      313.3630643 
 5.085498740e-02      315.4426128 
 5.121507030e-02      317.5425203 
 5.167892090e-02      319.6757495 
 5.221706626e-02      321.6884112 
 5.288410123e-02      323.7299461 
 5.358104684e-02      325.4274906 
 5.435583323e-02      326.9994857 
 5.521226586e-02      328.4814275 
 5.606361031e-02      329.7886974 
 5.697345934e-02      331.0722339 
 5.783518010e-02      332.0596629 
 5.869007730e-02      332.4562747 
 5.966116121e-02      332.9293399 
 6.066222992e-02      333.9951426 
 6.153755459e-02      334.8950215 
 6.268934369e-02      336.0004015 
 6.383095674e-02      337.0640292 
 6.500831927e-02      338.1193685 
 6.643796182e-02      339.3233792 
 6.791845959e-02      340.5262498 
 6.955234434e-02      341.7645299 
 7.127620982e-02      342.9403893 
 7.304843210e-02      344.0552185 
 7.496991642e-02      345.1166851 
 7.701898012e-02      346.1390433 
 7.937743961e-02      347.2372259 
 8.227270349e-02      348.4334614 
 8.591451032e-02      349.7557199 
 8.980856774e-02      350.8629869 
 9.457551537e-02      351.7901897 
 1.006979935e-01      352.2964297 
 1.056582710e-01      352.1578029 
 1.104922222e-01      351.7136578 
 1.152663497e-01      351.0073151 
 1.168598668e-01      350.2280247 
 1.186070371e-01      350.0212034 
 7.025370937e-04      287.4215991 
 1.013810498e-03      294.6164543 
 1.316563044e-03      296.9823061 
 1.751936269e-03      296.5564541 
 2.393430232e-03      295.8773498 
 2.976493989e-03      292.3609842 
 3.766158583e-03      281.4156597 
 4.258315246e-03      273.7524695 
 5.097771249e-03      262.1053607 
 6.924399175e-03      247.5845229 
 1.113341092e-02      244.4814154 
 1.168477542e-02      247.1173128 
 1.212350560e-02      249.6814942 
 1.185110972e-02      250.3034152 
 1.128192138e-02      250.4825682 
 1.055124030e-02       250.964147 
 9.500888529e-03       251.680974 
 8.184496974e-03       252.276201 
 7.546806321e-03      253.3612305 
 6.507903003e-03      253.9024116 
 5.375454205e-03      253.8064563 
 4.524908271e-03      253.1423311 
 3.598603820e-03      251.6113929 
 2.589692433e-03      248.7883843 
 1.656770979e-03      243.1046062 
 8.610965328e-04      219.0584942 
 1.104094585e-03      123.8726393 
 2.822588300e-03      96.64722585 
 4.624375509e-03      91.65282782 
 5.601561633e-03       93.4569538 
 5.728452198e-03      101.1547586 
 5.262165306e-03       109.590459 
 6.943809838e-03      212.5052969 
 1.764176523e-02      204.7028342 
 4.064933460e-02      231.2255861 
 3.188056750e-02      246.1213868 
 2.363040045e-02      234.2584356 
 2.467393423e-02      211.9130012 
 8.437182943e-02      179.5878788 
 7.125847841e-02      299.7381647 
 9.430564611e-02      283.9580259 
K1 
 2.390963220e+00      327.3990763 
 1.946801912e+00      286.4936939 
 1.415139191e+00      277.9273795 
 4.591016305e-01      304.5823494 
 1.518422205e+00      257.7266131 
 1.623712454e+00      253.7745751 
 9.637413264e-01      258.4576628 
 8.285089922e-01      256.5944284 
 6.655505429e-01      256.8070099 
 5.075101252e-01      257.5932605 
 4.212201175e-01      256.5640533 
 3.877940059e-01       258.603551 
 3.886609251e-01      258.5282111 
 4.027376707e-01      256.8173899 
 4.236094574e-01      255.6919748 
 4.425651234e-01      255.7749596 
 4.717443456e-01      253.6039869 
 4.916578292e-01      254.5279905 
 4.875768986e-01       255.143054 
 4.875039288e-01      255.4464297 
 4.731496599e-01      257.3908561 
 4.612286444e-01      256.8381745 
 4.535617599e-01      257.9078734 
 4.331091567e-01      259.2295169 
 4.097231215e-01      258.3587702 
 3.951820831e-01      259.5135033 
 3.842234953e-01      260.7382352 
 3.749613180e-01       261.747059 
 3.665849667e-01      262.0435813 
 3.583955040e-01      261.6693104 
 3.501837684e-01      261.6884044 
 3.430125755e-01      262.1816168 
 3.334769960e-01      262.8520199 
 3.248609898e-01      262.9703043 
 3.174368214e-01      262.4632609 
 3.106148058e-01      262.7212035 
 3.044775121e-01      263.0425879 
 2.994660809e-01      263.2492636 
 2.941822508e-01      263.5559217 
 2.889508410e-01      263.9683187 
 2.825425669e-01      264.4840386 
 2.761825567e-01      265.0195743 
 2.699857710e-01      265.5597475 
 2.640966794e-01      266.0949796 
 2.588787641e-01      266.5751735 
 2.541212032e-01      267.0066674 
 2.500933073e-01      267.4026254 
 2.459057152e-01      267.8692734 
 2.413794833e-01      268.4683466 
 2.362383597e-01       269.143201 
 2.318859669e-01      269.9608761 
 2.274767325e-01      270.4116918 
 2.225298706e-01      271.2700709 
 2.181572588e-01      272.1387785 
 2.136903009e-01      273.1308717 
 2.093572624e-01      274.2073147 
 2.056758266e-01      275.2260156 
 2.017504686e-01       276.390149 
 1.981127385e-01      277.5408155 
 1.945858064e-01      278.7225374 
 1.910309625e-01      279.9949162 
 1.865251821e-01      281.7492911 
 1.830247484e-01      283.2541426 
 1.791716524e-01      285.1040166 
 1.760307077e-01       286.820357 
 1.730995295e-01      288.6581855 
 1.708657242e-01      290.5357139 
 1.687044976e-01      292.0419687 
 1.666992297e-01      293.9807984 
 1.647633788e-01      296.2020627 
 1.619860932e-01      300.7540518 
 1.623099496e-01      302.7981362 
 1.604551912e-01      305.2362224 
 1.602693993e-01      307.5532373 
 1.605790537e-01      309.7331128 
 1.610661917e-01       311.942408 
 1.614919204e-01      313.8110648 
 1.619588567e-01      315.6769223 
 1.625684430e-01      317.6358395 
 1.634407878e-01      319.6146751 
 1.647157632e-01      321.6363945 
 1.662988039e-01       323.569185 
 1.683083826e-01      325.5730085 
 1.703867796e-01      327.2918175 
 1.726274044e-01      328.9505328 
 1.749922170e-01      330.5998796 
 1.772368103e-01      332.1330116 
 1.795816296e-01      333.7102703 
 1.813717606e-01      334.9249916 
 1.830224103e-01      335.5094344 
 1.847789263e-01      336.1845968 
 1.874783376e-01      337.6714838 
 1.900751662e-01      338.9088208 
 1.938437637e-01      340.3684114 
 1.978998592e-01      341.6962037 
 2.022886237e-01      342.9452056 
 2.077239100e-01      344.3022307 
 2.133004967e-01      345.6003298 
 2.192243377e-01      346.8959917 
 2.251667392e-01      348.0988623 
 2.310371559e-01      349.2073972 
 2.372571520e-01      350.2195299 
 2.439050710e-01      351.1351135 
 2.517220506e-01       352.035533 
 2.615648709e-01      352.9011345 
 2.741786272e-01      353.7196249 
 2.875505453e-01       354.269181 
 3.032321659e-01      354.5997199 
 3.216625319e-01      354.6139237 
 3.353125481e-01      354.3735737 
 3.484665702e-01      354.0393869 
 3.618148798e-01      353.4315238 
 3.658677105e-01      352.5038416 
 3.694839530e-01       352.340396 
 5.021083290e-03      233.0928159 
 5.883079739e-03      236.7927031 
 6.712382121e-03      239.4774846 
 7.938286023e-03      242.1006645 
 9.665011221e-03      245.3606746 
 1.135056756e-02      246.6258592 
 1.397229887e-02      246.8191834 
 1.557806047e-02      246.9579872 
 1.787010287e-02      246.8752382 
 2.145872931e-02      247.2522817 
 2.970328852e-02      254.3675715 
 3.148459349e-02      257.3824543 
 3.329186263e-02      260.1586907 
 3.303877543e-02      260.5222136 
 3.162367463e-02      260.3959068 
 2.965821866e-02      260.7562045 
 2.678623747e-02      261.6664167 
 2.297447795e-02      262.8157326 
 2.129078210e-02      264.6466365 
 1.822381178e-02      266.3813381 
 1.480480969e-02      268.2320786 
 1.216210118e-02      269.5996736 
 9.224371211e-03      270.9893198 
 6.033812420e-03      274.2869473 
 3.081129800e-03      282.7158918 
 2.488265905e-04      71.15550814 
 5.419200346e-03      98.85522795 
 1.132555988e-02      96.71885575 
 1.780540088e-02      96.99838429 
 2.198886153e-02      100.3284055 
 2.361342619e-02      108.3995799 
 2.212974333e-02      115.8193805 
 2.154897792e-02      194.6290473 
 5.530991836e-02      213.6668258 
 1.056817288e-01      261.9335774 
 6.566108642e-02      303.5708495 
 3.323730579e-02      10.90808973 
 8.693673025e-02      90.37201595 
 3.573031175e-01       95.3828962 
 3.482397082e-02      141.5043328 
 7.527357964e-02      212.9607442 
N2 
 4.562449536e-01      308.8230424 
 3.279575881e-01      313.0145422 
 2.954029692e-01      312.8337692 
 2.695503263e-01       313.604841 
 2.645609932e-01      315.3166421 
 2.618583104e-01      312.2864915 
 2.603720646e-01      308.2900721 
 2.560165770e-01      305.4261479 
 2.273619121e-01       305.936583 
 2.025564443e-01      303.7677415 
 1.860314504e-01       301.606084 
 1.675069083e-01       303.203043 
 1.572014936e-01      301.4435916 
 1.504047824e-01      300.9821236 
 1.452003110e-01      300.4157715 
 1.401729832e-01       301.748522 
 1.374970777e-01      298.5293916 
 1.321419429e-01      300.0074245 
 1.281864399e-01      300.4891983 
 1.257302509e-01      300.7228876 
 1.222014613e-01      301.8623827 
 1.210948502e-01       299.564186 
 1.175577680e-01      299.6995206 
 1.159481633e-01      300.2710664 
 1.175486319e-01      298.4187176 
 1.167830089e-01      299.4330043 
 1.138263877e-01      300.0429209 
 1.107423836e-01      300.7603175 
 1.090788519e-01      300.8317759 
 1.073443730e-01      300.4843254 
 1.057639867e-01      300.5143497 
 1.045244613e-01      300.9503116 
 1.024999007e-01      301.5547896 
 1.003774216e-01      301.5910084 
 9.824155922e-02      301.0014485 
 9.650195006e-02      301.2503502 
 9.471273825e-02      301.5947197 
 9.206695169e-02      301.9928132 
 8.976460328e-02      302.4331893 
 8.801550921e-02      302.8862523 
 8.610543129e-02      303.3903388 
 8.430710836e-02      303.8775122 
 8.247799195e-02      304.3420045 
 8.068969356e-02      304.7894852 
 7.886474430e-02      305.2720297 
 7.694019048e-02      305.8099388 
 7.517374890e-02      306.2868471 
 7.286780484e-02      306.8111631 
 7.053817945e-02      307.4312744 
 6.831489956e-02      308.1721284 
 6.649767596e-02      308.8946915 
 6.454130007e-02      309.5558992 
 6.235935859e-02      310.4251954 
 6.047403093e-02      311.2748921 
 5.860781075e-02      312.2220768 
 5.683794174e-02      313.2298632 
 5.531205713e-02      314.1782083 
 5.366822795e-02      315.2776161 
 5.212957212e-02      316.3855349 
 5.062453674e-02      317.5495972 
 4.909108779e-02      318.8304048 
 4.711852572e-02      320.6423149 
 4.555578460e-02      322.2354111 
 4.379191151e-02      324.2391099 
 4.230383657e-02      326.1387232 
 4.085544292e-02      328.2156306 
 3.962635029e-02      330.2911672 
 3.855027814e-02      332.1483167 
 3.741352690e-02      334.4691539 
 3.622487980e-02      337.2265045 
 3.413829837e-02      343.2235209 
 3.359602708e-02      345.7299415 
 3.253258198e-02      349.6724736 
 3.189456898e-02      353.2053039 
 3.141409298e-02      356.6719186 
 3.105783387e-02     0.1084482814 
 3.080902038e-02      2.895247383 
 3.060858307e-02      5.513472679 
 3.042410888e-02      8.134930359 
 3.025529717e-02      10.68033304 
 3.009450224e-02      13.21707543 
 2.994430446e-02      15.61840279 
 2.978351893e-02       18.1288296 
 2.961798217e-02      20.41789551 
 2.944597249e-02      22.74423913 
 2.927704188e-02      25.15389874 
 2.915795396e-02      27.38588416 
 2.908506861e-02      29.60789561 
 2.898391475e-02      31.76838105 
 2.862654207e-02      34.21839708 
 2.841980604e-02      36.64822886 
 2.842069890e-02      38.98115664 
 2.842535125e-02      41.03017945 
 2.844989471e-02      43.57565751 
 2.848643880e-02      46.01461766 
 2.855699336e-02      48.38508173 
 2.866801570e-02      51.13919321 
 2.882044477e-02      53.87388841 
 2.904294883e-02      56.69757188 
 2.932619530e-02      59.43895703 
 2.963962650e-02      62.09053893 
 3.000500311e-02      64.67199354 
 3.041231999e-02      67.14029187 
 3.088509831e-02      69.70116112 
 3.147320789e-02      72.43037189 
 3.218992166e-02      75.49309755 
 3.295427867e-02      78.38803763 
 3.391547909e-02      81.61330179 
 3.526726992e-02      85.45272765 
 3.661854084e-02      88.33085059 
 3.824545418e-02      90.82821454 
 4.034222283e-02      92.95398835 
 4.192386322e-02      92.88570003 
 4.322261536e-02       94.4756436 
 1.960125018e-03      75.25052087 
 2.000682722e-03      86.21444136 
 2.003575807e-03      93.35451303 
 1.979813225e-03      99.77491578 
 1.949822467e-03      103.9190157 
 1.921038802e-03      103.4594985 
 1.819532475e-03      93.15719778 
 1.770898156e-03      83.01762474 
 1.782478319e-03      66.34016115 
 1.999298283e-03      49.12110211 
 2.444445407e-03       43.2703822 
 2.535948175e-03      43.39961233 
 2.683635531e-03      43.14791535 
 2.821878283e-03      41.60600272 
 2.934282080e-03       39.0637978 
 3.054396170e-03      35.76863112 
 3.187245290e-03      30.88425912 
 3.218650168e-03      21.39457953 
 3.329724812e-03      17.67760764 
 3.340264017e-03       8.20736199 
 3.403946572e-03      356.5523717 
 3.525143359e-03      347.4982213 
 3.732175211e-03      337.9818473 
 4.063790707e-03      329.0385552 
 4.444090061e-03      322.0312347 
 4.930997134e-03      317.2112367 
 5.686602544e-03      311.9593798 
 6.271147960e-03      309.4179181 
 6.891505364e-03      307.0994482 
 7.557714340e-03      306.5039393 
 8.083178562e-03      305.7265428 
 8.560232736e-03      306.2591728 
 9.273863945e-03      306.7355868 
 1.023779271e-02        306.80929 
 1.296674139e-02      324.1564287 
 1.427944826e-02      331.2024036 
 1.873117016e-02      343.1904087 
 3.743476936e-02     0.8135945183 
 2.209554197e-01       344.842826 
 1.723615290e-01      99.33673731 
 2.060795342e-01      88.06952728 
M2 
 1.061356526e+01      344.4414888 
 3.894231264e+00      348.6696785 
 2.061328620e+00      347.8701921 
 9.005163779e-01        348.58423 
 1.821992668e+00      338.7876988 
 1.442154657e+00      336.8968521 
 1.150380725e+00      332.7457795 
 1.066644313e+00      327.6590196 
 9.349526043e-01      326.2308326 
 8.467580107e-01      321.9270025 
 7.913046133e-01      318.8559313 
 7.445486679e-01      319.9625919 
 7.254757751e-01      318.5045551 
 7.265147209e-01      318.0767276 
 7.101242632e-01      317.4362349 
 7.051475067e-01      319.1893268 
 7.078924400e-01      316.4731969 
 6.894160179e-01      317.9854832 
 6.796765296e-01       318.478342 
 6.693198232e-01      318.5961945 
 6.492118214e-01      319.7130785 
 6.516263288e-01      317.9318357 
 6.284109373e-01      318.1688548 
 6.132538999e-01       318.397097 
 6.272802691e-01       316.395056 
 6.217158439e-01      317.1923798 
 5.998640962e-01      318.2057143 
 5.826115115e-01      319.1746944 
 5.676523823e-01      319.0360149 
 5.556080227e-01      318.2928901 
 5.452181600e-01      318.0405377 
 5.370238598e-01      318.3726899 
 5.236415876e-01      318.9003397 
 5.105905903e-01      318.8405394 
 4.984167812e-01      318.1330701 
 4.860291769e-01      318.3263856 
 4.735442728e-01      318.6251238 
 4.572314380e-01      319.0013672 
 4.430383173e-01      319.3828244 
 4.322564829e-01      319.7319722 
 4.214571760e-01      320.0875435 
 4.118078844e-01      320.4093477 
 4.021226692e-01      320.6612128 
 3.926934225e-01      320.8732147 
 3.824119983e-01      321.1078019 
 3.709293217e-01      321.3764608 
 3.605209695e-01      321.6078058 
 3.473333277e-01      321.8305312 
 3.339334960e-01       322.117567 
 3.208673832e-01      322.5358455 
 3.101366105e-01      322.9475142 
 2.986607637e-01      323.3207994 
 2.858854738e-01      323.7918468 
 2.747459514e-01      324.2723848 
 2.635832082e-01      324.8321584 
 2.528562990e-01      325.4521031 
 2.435339710e-01      326.0492806 
 2.334105400e-01      326.7577637 
 2.238515397e-01      327.4899414 
 2.144164201e-01      328.2798448 
 2.047032890e-01      329.1749446 
 1.920353624e-01      330.4910161 
 1.818317696e-01      331.7002099 
 1.700938494e-01        333.29651 
 1.599631508e-01      334.8947013 
 1.498526953e-01       336.746041 
 1.408601008e-01      338.7258422 
 1.330599028e-01      340.6013319 
 1.243681904e-01      343.1226622 
 1.149869011e-01      346.3809608 
 9.771275189e-02      354.5971231 
 9.218022843e-02      358.6166098 
 8.367376297e-02      5.589424963 
 7.799043378e-02      12.65861661 
 7.383774815e-02      20.28177525 
 7.113858476e-02      28.43021477 
 6.981489355e-02      35.47971254 
 6.941182393e-02       42.3140333 
 6.980518429e-02      49.23830274 
 7.095051362e-02       55.9049383 
 7.279592019e-02      62.38221727 
 7.512701297e-02      68.25714377 
 7.809791764e-02      74.05668099 
 8.117477502e-02      79.07796291 
 8.464225507e-02       83.8338525 
 8.851353341e-02      88.38040561 
 9.231379076e-02      92.21418466 
 9.626736584e-02       95.6443197 
 1.000829133e-01      98.87402405 
 1.040916897e-01      102.8916511 
 1.078814265e-01      106.3849359 
 1.122493581e-01       109.013324 
 1.160400452e-01      111.2372247 
 1.207363062e-01      113.8969869 
 1.252270337e-01      116.3197466 
 1.296508295e-01      118.5329729 
 1.348658000e-01      120.9518977 
 1.401624429e-01      123.1383314 
 1.458248117e-01      125.2053659 
 1.515661634e-01      127.0688854 
 1.573061431e-01      128.7676138 
 1.632061421e-01      130.3246101 
 1.691779981e-01      131.7282027 
 1.757166132e-01      133.0950815 
 1.832452881e-01      134.4341178 
 1.922504213e-01      135.8276047 
 2.014873824e-01      137.0273334 
 2.126006880e-01       138.230527 
 2.268506188e-01      139.4827888 
 2.385181108e-01      140.3030546 
 2.496978370e-01      140.9677293 
 2.606531138e-01      141.6665264 
 2.665641082e-01      141.6831704 
 2.739421113e-01      142.7966239 
 3.354531288e-02      2.322545812 
 3.588821716e-02      8.109003667 
 3.569239779e-02      11.31767772 
 3.294761044e-02      15.06352678 
 2.870397982e-02      19.93977541 
 2.491024097e-02      23.21544351 
 1.754354080e-02      21.01497434 
 1.293879154e-02      7.282396059 
 1.183515100e-02       312.173696 
 2.761919022e-02      273.4346342 
 4.661718152e-02       256.245452 
 4.764842204e-02      250.2387825 
 4.800863879e-02      242.4002463 
 4.704848171e-02       235.538081 
 4.543675093e-02      229.9041337 
 4.335327539e-02      224.1510782 
 4.029720743e-02      217.7515054 
 3.504940133e-02      214.6076531 
 3.254829567e-02      210.6060701 
 2.746200310e-02       212.342881 
 2.176690064e-02      219.5361066 
 1.801026519e-02      230.7889855 
 1.541912869e-02      250.1579833 
 1.509855903e-02      275.5174299 
 1.723933782e-02      296.2553841 
 1.982475092e-02      312.5500067 
 2.421809032e-02      329.7173033 
 2.558631992e-02      340.8117533 
 2.834738788e-02      351.3683924 
 3.000732110e-02       3.58426972 
 2.951275299e-02      14.57671323 
 2.618491703e-02      33.11972412 
 1.062476694e-02      38.61930424 
 2.434049704e-02      269.2203735 
 8.117966776e-02      282.1301797 
 1.364317803e-01      274.8225506 
 2.355652837e-01      285.7083967 
 5.567164518e-01      319.3081546 
 6.609835337e+00      256.8155752 
 4.675282052e+00      13.93301908 
 5.615289036e+00      6.482603003 
S2 
 1.449522840e+00      52.71758253 
 6.472909815e-01      42.02101963 
 4.342113560e-01      24.55888283 
 3.531966192e-01     0.8818869063 
 4.410825230e-01      10.34116736 
 4.153323798e-01      7.799250845 
 4.014363667e-01      5.310658177 
 3.989018236e-01      2.572391979 
 3.684093027e-01      358.7742928 
 3.482661012e-01      351.6956328 
 3.292074504e-01      346.6745644 
 3.101442251e-01      344.0854559 
 3.010689785e-01      341.5043021 
 3.004205007e-01      340.2655502 
 2.920904142e-01      338.6625609 
 2.843421455e-01      339.4433786 
 2.870455185e-01      336.9923289 
 2.745433628e-01      337.8206705 
 2.696849183e-01      338.5920267 
 2.656252246e-01      338.4728721 
 2.560122667e-01      339.7738105 
 2.597141461e-01      338.6741575 
 2.497500661e-01      338.6933472 
 2.458001021e-01      338.9694318 
 2.573967579e-01      337.3662488 
 2.569381081e-01      338.1725964 
 2.467581734e-01      339.1512625 
 2.391104264e-01      340.4397078 
 2.335609319e-01      340.0962788 
 2.307621893e-01      338.9427365 
 2.282441284e-01      338.4457191 
 2.257426967e-01      338.7277084 
 2.208258383e-01      339.0214043 
 2.165952292e-01      338.8106062 
 2.132731779e-01      338.0661113 
 2.085259145e-01      338.0325113 
 2.035705298e-01      338.0954102 
 1.969886088e-01      338.3011405 
 1.914468442e-01       338.469256 
 1.874828632e-01      338.5701387 
 1.837087573e-01      338.6511059 
 1.804370255e-01       338.703569 
 1.772784944e-01      338.6887749 
 1.742493489e-01      338.6353382 
 1.705614355e-01      338.4939863 
 1.661007603e-01      338.2535267 
 1.620470750e-01      338.0198688 
 1.568925951e-01      337.6907645 
 1.516324113e-01       337.343206 
 1.464990741e-01      337.0668928 
 1.422201397e-01      336.7974708 
 1.377931685e-01      336.5304738 
 1.328396985e-01      336.1467896 
 1.284673693e-01      335.7867987 
 1.240368829e-01      335.3996025 
 1.197325919e-01      334.9987946 
 1.159631654e-01      334.6234592 
 1.118557557e-01      334.1852709 
 1.079661392e-01      333.7390038 
 1.041175760e-01      333.2639168 
 1.001418669e-01        332.73385 
 9.493051061e-02      331.9698379 
 9.070423372e-02       331.283485 
 8.580102204e-02      330.3986984 
 8.152314328e-02       329.535035 
 7.720072285e-02      328.5587273 
 7.325134505e-02      327.5570264 
 6.985897163e-02      326.6043626 
 6.595001555e-02       325.372493 
 6.162971851e-02      323.8107907 
 5.326809820e-02      319.9459204 
 5.019565271e-02      318.1621531 
 4.548945138e-02      314.9278629 
 4.166396679e-02      311.6405732 
 3.818195168e-02       307.905501 
 3.501738259e-02      303.6440566 
 3.267411447e-02      299.5437484 
 3.068957661e-02      295.2023852 
 2.894707493e-02      290.3017455 
 2.752954384e-02      284.9976874 
 2.644476830e-02      279.1827609 
 2.576391708e-02      273.3063742 
 2.542848394e-02      266.9385125 
 2.551818374e-02      260.9748391 
 2.595299555e-02      255.0613895 
 2.674702832e-02      249.3279471 
 2.771528195e-02      244.5885646 
 2.878882741e-02      240.4528998 
 3.018741741e-02      236.7496624 
 3.289537857e-02      232.5556443 
 3.536090627e-02      229.3702048 
 3.711616354e-02      226.7090605 
 3.880236824e-02      224.6464397 
 4.106414480e-02      222.4376785 
 4.334048464e-02      220.6198456 
 4.559265025e-02      219.0814767 
 4.826198554e-02      217.5125064 
 5.088131338e-02       216.074567 
 5.356675858e-02       214.703544 
 5.619357560e-02      213.4772275 
 5.876418820e-02      212.3811188 
 6.130624420e-02      211.3709576 
 6.376388258e-02        210.44172 
 6.632491122e-02      209.4958098 
 6.906078807e-02       208.468239 
 7.211478286e-02      207.3358416 
 7.495910843e-02      206.2778664 
 7.801849950e-02      205.1439402 
 8.143513545e-02      203.9076655 
 8.389955894e-02      203.0653507 
 8.614193576e-02      202.3396364 
 8.832802237e-02      201.6605177 
 8.913149914e-02      201.0451783 
 9.119605908e-02      201.3963817 
 1.662017956e-02      52.07329672 
 1.865093792e-02      56.47769723 
 1.951889052e-02       58.3528929 
 1.975938540e-02      59.79783889 
 1.939234506e-02      61.54066255 
 1.908601530e-02      61.52385706 
 1.809645096e-02      55.67965572 
 1.707238418e-02       47.3520151 
 1.566703265e-02      25.50440256 
 1.765248747e-02      344.5711168 
 2.599149142e-02      307.9020818 
 2.667050872e-02      302.2888108 
 2.671430127e-02      295.5466636 
 2.596999821e-02      289.9539109 
 2.491514240e-02      285.4520458 
 2.357062674e-02      280.9504036 
 2.170018241e-02      276.1778976 
 1.925051757e-02      274.6436877 
 1.772380097e-02      272.0397694 
 1.569236741e-02      274.9000223 
 1.372865000e-02       282.021939 
 1.266201987e-02      290.4515319 
 1.211777847e-02      301.6966239 
 1.204940585e-02      314.5434136 
 1.252800530e-02      325.8380902 
 1.323697515e-02      333.7871089 
 1.392062282e-02      343.6529045 
 1.366783760e-02      347.1702915 
 1.328292556e-02      350.0488087 
 1.171052260e-02      350.1922818 
 9.470672990e-03      340.8690564 
 8.511718083e-03      303.0359051 
 2.605951602e-02      267.0538187 
 4.585736998e-02      265.1313245 
 1.171842680e-01      286.7214186 
 1.380899895e-01      300.6736598 
 1.813090012e-01      320.1942168 
 3.785774485e-01       2.21685208 
 4.037260584e+00      310.9807121 
 3.066866559e+00      68.98419124 
 3.584491421e+00      61.13490899 
K2 
 1.086866387e-01      32.89230317 
 8.316693817e-02      10.88442732 
 8.303083601e-02     0.6783885691 
 8.644874766e-02      353.6564612 
 9.127544068e-02      352.4809076 
 8.921376594e-02      354.3753131 
 8.886973342e-02      355.9270466 
 8.876313135e-02      354.5156367 
 8.534800062e-02      351.7117419 
 8.498454828e-02      345.9556936 
 8.244761060e-02      342.1174175 
 8.109602363e-02      340.1051065 
 8.054398874e-02      338.3745379 
 8.192926712e-02      337.3991336 
 8.039101453e-02      336.1512463 
 7.958679927e-02      336.9098694 
 7.991019653e-02      334.9345848 
 7.760896518e-02      335.6420181 
 7.621566474e-02      336.2926148 
 7.509919615e-02      336.1403611 
 7.208907703e-02      337.3144736 
 7.258648815e-02      336.2223538 
 6.978208942e-02      336.0873058 
 6.769405051e-02      336.1543242 
 6.996384358e-02      334.1084066 
 6.928060925e-02      334.9219329 
 6.635923612e-02      335.9195059 
 6.413901046e-02      337.1859516 
 6.225528807e-02      336.6858016 
 6.133019481e-02      335.3415677 
 6.041596634e-02      334.6873525 
 5.944742324e-02      334.8753814 
 5.794303235e-02      335.1464554 
 5.668709803e-02      334.7930652 
 5.574632779e-02      333.7779103 
 5.428437228e-02      333.6045322 
 5.277417165e-02      333.5360594 
 5.082831752e-02      333.5384282 
 4.918934429e-02      333.5481618 
 4.801887095e-02      333.5641798 
 4.703427212e-02      333.6212106 
 4.626375736e-02      333.6899208 
 4.552139331e-02      333.6848969 
 4.480939364e-02      333.6370287 
 4.393325742e-02       333.488167 
 4.286646448e-02      333.2270965 
 4.189813279e-02      332.9706775 
 4.067256653e-02      332.6013631 
 3.941515684e-02      332.2103356 
 3.816828303e-02      331.8949583 
 3.712498706e-02      331.5844382 
 3.605321323e-02      331.2864655 
 3.485200133e-02      330.8543847 
 3.378942195e-02      330.4489356 
 3.271144855e-02      330.0155091 
 3.166312428e-02      329.5691673 
 3.074404571e-02      329.1498686 
 2.974262175e-02      328.6619545 
 2.879461305e-02      328.1674836 
 2.785708725e-02      327.6442667 
 2.688904130e-02      327.0639672 
 2.562091016e-02      326.2337861 
 2.459321842e-02      325.4938428 
 2.340196174e-02      324.5478711 
 2.236383875e-02      323.6329092 
 2.131646341e-02      322.6090318 
 2.036137437e-02      321.5666348 
 1.954218622e-02       320.599274 
 1.860037205e-02       319.360589 
 1.756210391e-02      317.8191733 
 1.556105753e-02      314.1353004 
 1.482904227e-02      312.4748212 
 1.370319437e-02       309.611779 
 1.279002755e-02      306.7920372 
 1.195751710e-02      303.7090203 
 1.119644300e-02      300.2422046 
 1.062166315e-02      296.8377355 
 1.011944991e-02      293.1670274 
 9.658195052e-03      288.9448847 
 9.258112411e-03      284.2687221 
 8.921194805e-03      278.9933795 
 8.674067690e-03      273.4755232 
 8.502696311e-03      267.2545097 
 8.447043616e-03      261.1847666 
 8.488427040e-03      254.9142218 
 8.639573175e-03      248.5759597 
 8.862367503e-03      243.1359201 
 9.132603136e-03      238.2739719 
 9.507147009e-03      233.9059603 
 1.024996101e-02      228.9691105 
 1.093715616e-02      225.1959565 
 1.144673442e-02      222.2157914 
 1.193647944e-02      219.9738624 
 1.259083771e-02      217.6462961 
 1.324768333e-02      215.8073364 
 1.389562827e-02       214.311828 
 1.466081892e-02      212.8488656 
 1.541039452e-02      211.5575926 
 1.617596568e-02      210.3537918 
 1.692160979e-02      209.2875242 
 1.764912303e-02      208.3367531 
 1.836500569e-02      207.4538178 
 1.905381741e-02      206.6327575 
 1.976821671e-02      205.7881393 
 2.052573709e-02      204.8591349 
 2.136626790e-02      203.8249459 
 2.214380034e-02      202.8423819 
 2.297782036e-02      201.7545232 
 2.391770278e-02      200.4606499 
 2.461660066e-02      199.4253907 
 2.528529701e-02      198.3621773 
 2.602246109e-02      197.1459217 
 2.632013554e-02      196.0056904 
 2.693491483e-02      195.9174832 
 1.210205912e-03      117.7033326 
 1.253496456e-03      115.7672652 
 1.231408189e-03      112.0160583 
 1.146547706e-03      103.4738926 
 1.058845077e-03      91.94896902 
 1.027985257e-03      75.92771877 
 1.187064078e-03      39.11491003 
 1.434979674e-03      19.95251612 
 1.875844356e-03      357.8141211 
 2.401709194e-03      334.3819044 
 2.560468528e-03      312.6781897 
 2.375012293e-03      309.1869297 
 2.066149383e-03      304.2275621 
 1.752048088e-03       299.970129 
 1.470489037e-03      296.8087551 
 1.166400418e-03      293.7896357 
 8.096024042e-04      292.3871013 
 5.918074495e-04      312.5586018 
 4.062220756e-04      331.1341489 
 6.123117122e-04      359.4355538 
 1.012602287e-03      8.097077372 
 1.372829694e-03      8.983796731 
 1.798006524e-03       7.98334586 
 2.258081015e-03      7.506151623 
 2.686575201e-03       6.98249937 
 3.115387763e-03      5.236861775 
 3.671658110e-03      4.668815146 
 4.026992762e-03      4.022103216 
 4.416486822e-03      3.082757719 
 4.761044117e-03      2.930272082 
 4.964300156e-03        1.9356427 
 5.165357171e-03     0.2105785117 
 5.506919469e-03      349.4291718 
 6.901694275e-03      328.2887284 
 1.459859420e-02      330.0194046 
 1.658445999e-02      344.5303155 
 2.191843706e-02      358.1983448 
 4.626073871e-02       20.2565775 
 2.564440012e-01      351.5023466 
 2.259170135e-01      121.3342862 
 2.545450206e-01      111.9951562 
90   	 	 ! ANGINN 
0 0 0 0   	 ! NOUTE, TOUTSE, TOUTFE, NSPOOLE 
0  	 	 ! NSTAE 
0 0 0 0  	 ! NOUTV, TOUTV, TOUTFV, NSPOOLV 
0  	 	 ! NSTAV 
0 0 0 0  	 ! NOUTM, TOUTM, TOUTFM, NSPOOLM 
0   	 	 ! NSTAM 
5 8 14 90  	 ! NOUTGE, ... 
5 8 14 90        ! NOUTGV, ... 
5 8 14 90  	 ! NOUTGM, ... 
8  	 	 ! NFREQ 
Q1 
 6.495854130e-05 0.959127 201.560319 
O1 
 6.759774407e-05 0.976897 278.275801 
P1 
 7.252294576e-05 1.001966 50.614945 
K1 
 7.292115851e-05 0.986045 318.861181 
N2 
 1.378796998e-04 1.010125 166.216878 
M2 
 1.405189028e-04 1.008779 241.874786 
S2 
 1.454441043e-04 0.999431 359.893589 
K2 
 1.458423170e-04 0.948801 97.737423 
0 0 0 0  	 ! THAS, THAF, NHAINC, FMV 
0 0 0 0   	 ! NHASE, NHASV, NHAGE, NHAGV 
0 0  	  ! NHSTAR, NHSINC 
1 0   1.000000000e-10 25  	 ! ITITER, ISLDIA, CONVCR, ITMAX 
Nov2011_WinterStorm_CFSv2_6hr
Notre Dame CHL
OceanMesh2D
History: None
https://github.com/CHLNDDEV/OceanMesh2D/
Comments: November 2011 Alaska Winterstorm
Host: Name
Metric, MSL
name@instit.edu
2011-11-01 00:00:00 UTC
! -- Begin met Control Namelist -- 
&metControl
WindDragLimit = 2.500000e-03,
rhoAir = 1.29193,
DragLawString = default,
outputWindDrag = T,
invertedBarometerOnElevationBoundary = T,
/
! -- End met Control Namelist -- 
! -- Begin WarnElev Control NameList --
&WARNELEVCONTROL
WARNELEV        = 30.0,
/
! -- End WarnElev Control NameList --
