AL, 14, 2016100800,   , BEST, 144, 307N,  806W,  95,  950,   ,  34, NEQ,  160,  140,   80,  100, 1013,     ,  15,     ,    ,    ,    ,    ,  5,  10,   MATTHEW  ,  25,    3, 1, 1, 1, 1,     32.2,   24.9,   12.9,   18.7,    1.2721,   1.3857,   1.3599,   1.3170,   1.3377,  98.4211,  98.4211,  98.4211,  98.4211
AL, 14, 2016100800,   , BEST, 144, 307N,  806W,  95,  950,   ,  50, NEQ,   80,   70,   50,   50, 1013,     ,  15,     ,    ,    ,    ,    ,  5,  10,   MATTHEW  ,  25,    3, 1, 1, 1, 1,     21.4,   16.9,   12.9,   14.1,    1.2721,   1.3473,   1.3312,   1.3171,   1.3215,  98.4211,  98.4211,  98.4211,  98.4211
AL, 14, 2016100800,   , BEST, 144, 307N,  806W,  95,  950,   ,  64, NEQ,   50,   50,   35,   35, 1013,     ,  15,     ,    ,    ,    ,    ,  5,  10,   MATTHEW  ,  25,    3, 1, 1, 1, 1,     18.6,   17.0,   13.4,   15.0,    1.2721,   1.3372,   1.3317,   1.3189,   1.3245,  98.4211,  98.4211,  98.4211,  98.4211
AL, 14, 2016100806,   , BEST, 150, 316N,  806W,  90,  953,   ,  34, NEQ,  160,  140,   80,   70, 1013,     ,  20,     ,    ,    ,    ,    ,  0,   9,   MATTHEW  ,  26,    3, 1, 1, 1, 1,     32.2,   25.1,   12.9,   11.6,    1.2013,   1.3182,   1.2919,   1.2475,   1.2428,  93.3394,  93.3394,  93.3394,  93.3394
AL, 14, 2016100806,   , BEST, 150, 316N,  806W,  90,  953,   ,  50, NEQ,   80,   70,   50,   40, 1013,     ,  20,     ,    ,    ,    ,    ,  0,   9,   MATTHEW  ,  26,    3, 1, 1, 1, 1,     21.9,   17.3,   13.4,   11.2,    1.2013,   1.2801,   1.2635,   1.2492,   1.2415,  93.3394,  93.3394,  93.3394,  93.3394
AL, 14, 2016100806,   , BEST, 150, 316N,  806W,  90,  953,   ,  64, NEQ,   40,   40,   20,   25, 1013,     ,  20,     ,    ,    ,    ,    ,  0,   9,   MATTHEW  ,  26,    3, 1, 1, 1, 1,     15.1,   14.0,    7.9,   11.2,    1.2013,   1.2555,   1.2513,   1.2295,   1.2412,  93.3394,  93.3394,  93.3394,  93.3394
AL, 14, 2016100812,   , BEST, 156, 325N,  799W,  65,  963,   ,  34, NEQ,  160,  140,   80,   70, 1013,     ,  20,     ,    ,    ,    ,    , 33,  11,   MATTHEW  ,  27,    3, 1, 1, 1, 1,     35.3,   20.6,    9.7,   12.1,    0.6939,   0.8104,   0.7605,   0.7243,   0.7322,  64.7598,  64.7598,  64.7598,  64.7598
AL, 14, 2016100812,   , BEST, 156, 325N,  799W,  65,  963,   ,  50, NEQ,   60,   50,   30,   30, 1013,     ,  20,     ,    ,    ,    ,    , 33,  11,   MATTHEW  ,  27,    3, 1, 1, 1, 1,     26.0,   12.7,    8.9,   19.0,    0.6939,   0.7785,   0.7342,   0.7219,   0.7549,  64.7598,  64.7598,  64.7598,  64.7598
AL, 14, 2016100812,   , BEST, 156, 325N,  799W,  65,  963,   ,  64, NEQ,   20,   20,    0,    0, 1013,     ,  20,     ,    ,    ,    ,    , 33,  11,   MATTHEW  ,  27,    3, 1, 1, 0, 0,     20.0,   15.0,    0.0,    0.0,    0.6939,   0.8914,   0.7416,   0.7156,   0.7156,  70.5097,  64.7598,  64.7598,  64.7598
AL, 14, 2016100818,   , BEST, 162, 336N,  790W,  65,  973,   ,  34, NEQ,  160,  140,   70,   70, 1013,     ,  20,     ,    ,    ,    ,    , 34,  13,   MATTHEW  ,  28,    3, 1, 1, 1, 1,     48.4,   29.4,   11.9,   18.2,    0.8389,   1.0383,   0.9584,   0.8859,   0.9114,  63.6883,  63.6883,  63.6883,  63.6883
AL, 14, 2016100818,   , BEST, 162, 336N,  790W,  65,  973,   ,  50, NEQ,   60,   80,   30,   20, 1013,     ,  20,     ,    ,    ,    ,    , 34,  13,   MATTHEW  ,  28,    3, 1, 1, 1, 1,     32.2,   29.9,   11.3,   20.0,    0.8389,   0.9700,   0.9601,   0.8836,   0.9215,  63.6883,  63.6883,  63.6883,  63.7791
AL, 14, 2016100818,   , BEST, 162, 336N,  790W,  65,  973,   ,  64, NEQ,   20,   20,    0,    0, 1013,     ,  20,     ,    ,    ,    ,    , 34,  13,   MATTHEW  ,  28,    3, 1, 1, 0, 0,     20.0,   15.9,    0.0,    0.0,    0.8389,   1.1156,   0.9020,   0.8678,   0.8678,  70.5141,  63.6883,  63.6883,  63.6883
AL, 14, 2016100900,   , BEST, 168, 339N,  773W,  65,  981,   ,  34, NEQ,  160,  140,  120,   70, 1013,     ,  60,     ,    ,    ,    ,    , 78,  14,   MATTHEW  ,  29,    3, 1, 1, 1, 1,     71.6,   43.4,   32.4,   20.8,    1.0342,   1.3968,   1.2524,   1.1962,   1.1372,  63.2469,  63.2469,  63.2469,  63.2469
AL, 14, 2016100900,   , BEST, 168, 339N,  773W,  65,  981,   ,  50, NEQ,   70,   80,   90,   30, 1013,     ,  60,     ,    ,    ,    ,    , 78,  14,   MATTHEW  ,  29,    3, 1, 1, 1, 1,     64.6,   40.0,   42.7,   19.9,    1.0342,   1.3607,   1.2346,   1.2489,   1.1322,  63.2469,  63.2469,  63.2469,  63.2469
AL, 14, 2016100900,   , BEST, 168, 339N,  773W,  65,  981,   ,  64, NEQ,    0,    0,   60,    0, 1013,     ,  60,     ,    ,    ,    ,    , 78,  14,   MATTHEW  ,  29,    3, 0, 0, 1, 0,      0.0,    0.0,   60.0,    0.0,    1.0342,   1.1586,   1.1586,   1.3904,   1.1586,  63.2469,  63.2469,  64.6842,  63.2469
AL, 14, 2016100906,   , BEST, 174, 348N,  758W,  65,  983,   ,  34, NEQ,  210,  180,  150,   90, 1013,     ,  60,     ,    ,    ,    ,    , 54,  15,   MATTHEW  ,  30,    3, 1, 1, 1, 1,    104.6,   65.3,   51.9,   34.8,    1.0916,   1.6643,   1.4487,   1.3741,   1.2799,  62.9143,  62.9143,  62.9143,  62.9143
AL, 14, 2016100906,   , BEST, 174, 348N,  758W,  65,  983,   ,  50, NEQ,   70,   80,  110,   30, 1013,     ,  60,     ,    ,    ,    ,    , 54,  15,   MATTHEW  ,  30,    3, 1, 1, 1, 1,     53.3,   38.8,   61.4,   30.0,    1.0916,   1.3820,   1.3018,   1.4271,   1.2609,  62.9143,  62.9143,  62.9143,  63.1175
AL, 14, 2016100906,   , BEST, 174, 348N,  758W,  65,  983,   ,  64, NEQ,    0,    0,   60,    0, 1013,     ,  60,     ,    ,    ,    ,    , 54,  15,   MATTHEW  ,  30,    3, 0, 0, 1, 0,      0.0,    0.0,   60.0,    0.0,    1.0916,   1.2272,   1.2272,   1.6052,   1.2272,  62.9143,  62.9143,  67.5352,  62.9143
AL, 14, 2016100912,   , BEST, 180, 351N,  744W,  65,  984,   ,  34, NEQ,  210,  180,  200,  160, 1013,     ,  60,     ,    ,    ,    ,    , 75,  12,   MATTHEW  ,  31,    3, 1, 1, 1, 1,    110.1,   72.3,   82.3,   72.3,    1.1794,   1.8172,   1.5979,   1.6559,   1.5980,  64.2966,  64.2966,  64.2966,  64.2966
AL, 14, 2016100912,   , BEST, 180, 351N,  744W,  65,  984,   ,  50, NEQ,   40,   60,   90,   90, 1013,     ,  60,     ,    ,    ,    ,    , 75,  12,   MATTHEW  ,  31,    3, 1, 1, 1, 1,     30.0,   30.2,   46.9,   65.3,    1.1794,   1.3511,   1.3520,   1.4494,   1.5568,  64.2966,  64.2966,  64.2966,  64.2966
AL, 14, 2016100912,   , BEST, 180, 351N,  744W,  65,  984,   ,  64, NEQ,    0,    0,   60,    0, 1013,     ,  60,     ,    ,    ,    ,    , 75,  12,   MATTHEW  ,  31,    3, 0, 0, 1, 0,      0.0,    0.0,   60.0,    0.0,    1.1794,   1.3248,   1.3248,   1.5853,   1.3248,  64.2966,  64.2966,  65.7228,  64.2966
AL, 14, 2016100918,   , BEST, 186, 352N,  729W,  60,  986,   ,  34, NEQ,  210,  150,  180,  210, 1013,     ,  80,     ,    ,    ,    ,    , 85,  12,   MATTHEW  ,  32,    2, 1, 1, 1, 1,    122.6,   59.1,   71.7,  111.1,    1.0506,   1.7536,   1.3894,   1.4622,   1.6882,  58.5552,  58.5552,  58.5552,  58.5552
AL, 14, 2016100918,   , BEST, 186, 352N,  729W,  60,  986,   ,  50, NEQ,   40,   60,  100,  120, 1013,     ,  80,     ,    ,    ,    ,    , 85,  12,   MATTHEW  ,  32,    2, 1, 1, 1, 1,     40.0,   36.4,   58.6,  120.0,    1.0506,   1.3984,   1.2576,   1.3861,   1.8228,  61.5583,  58.5552,  58.5552,  60.3806
AL, 14, 2016101000,   , BEST, 192, 353N,  711W,  55,  989,   ,  34, NEQ,  210,  150,  180,  210, 1013,     ,  80,     ,    ,    ,    ,    , 86,  15,   MATTHEW  ,  33,    2, 1, 1, 1, 1,    148.7,   65.6,   77.1,  127.7,    0.9330,   1.7929,   1.3150,   1.3823,   1.6737,  52.0251,  52.0251,  52.0251,  52.0251
AL, 14, 2016101000,   , BEST, 192, 353N,  711W,  55,  989,   ,  50, NEQ,   40,   60,  100,  120, 1013,     ,  80,     ,    ,    ,    ,    , 86,  15,   MATTHEW  ,  33,    2, 1, 1, 1, 1,     40.0,   49.5,   69.6,  120.0,    0.9330,   1.6079,   1.2207,   1.3389,   2.0679,  62.3338,  52.0251,  52.0251,  60.8083
AL, 14, 2016101100,   , BEST, 216, 355N,  690W,  45,  993,   ,  34, NEQ,  105,   75,   90,  105, 1013,     ,  80,     ,    ,    ,    ,    , 83,   4,   MATTHEW  ,  34,    1, 1, 1, 1, 1,     69.5,   33.8,   39.9,   62.7,    0.8682,   1.3022,   1.0777,   1.1161,   1.2599,  45.8124,  45.8124,  45.8124,  45.8124
