Ideal 1-elem channel
4832
5
mannings_n_at_sea_floor
1
1
0.03
sea_surface_height_above_geoid
1
1
-1.0
quadratic_friction_coefficient_at_sea_floor
1
1
0.0025
condensed_nodes
1
1
0
advection_state
1
1
1
mannings_n_at_sea_floor
0
sea_surface_height_above_geoid
4
4680 6.000000
4681 6.000000
4682 6.000000
4683 6.000000
quadratic_friction_coefficient_at_sea_floor
4530
1 0.010000
2 0.010000
3 0.010000
4 0.010000
5 0.010000
6 0.010000
7 0.010000
8 0.010000
9 0.010000
10 0.010000
11 0.010000
12 0.010000
13 0.010000
14 0.010000
15 0.010000
16 0.010000
17 0.010000
18 0.010000
19 0.010000
20 0.010000
21 0.010000
22 0.010000
23 0.010000
24 0.010000
25 0.010000
26 0.010000
27 0.010000
28 0.010000
29 0.010000
30 0.010000
31 0.010000
32 0.010000
33 0.010000
34 0.010000
35 0.010000
36 0.010000
37 0.010000
38 0.010000
39 0.010000
40 0.010000
41 0.010000
42 0.010000
43 0.010000
44 0.010000
45 0.010000
46 0.010000
47 0.010000
48 0.010000
49 0.010000
50 0.010000
51 0.010000
52 0.010000
53 0.010000
54 0.010000
55 0.010000
56 0.010000
57 0.010000
58 0.010000
59 0.010000
60 0.010000
61 0.010000
62 0.010000
63 0.010000
64 0.010000
65 0.010000
66 0.010000
67 0.010000
68 0.010000
69 0.010000
70 0.010000
71 0.010000
72 0.010000
73 0.010000
74 0.010000
75 0.010000
76 0.010000
77 0.010000
78 0.010000
79 0.010000
80 0.010000
81 0.010000
82 0.010000
83 0.010000
84 0.010000
85 0.010000
86 0.010000
87 0.010000
88 0.010000
89 0.010000
90 0.010000
91 0.010000
92 0.010000
93 0.010000
94 0.010000
95 0.010000
96 0.010000
97 0.010000
98 0.010000
99 0.010000
100 0.010000
101 0.010000
102 0.010000
103 0.010000
104 0.010000
105 0.010000
106 0.010000
107 0.010000
108 0.010000
109 0.010000
110 0.010000
111 0.010000
112 0.010000
113 0.010000
114 0.010000
115 0.010000
116 0.010000
117 0.010000
118 0.010000
119 0.010000
120 0.010000
121 0.010000
122 0.010000
123 0.010000
124 0.010000
125 0.010000
126 0.010000
127 0.010000
128 0.010000
129 0.010000
130 0.010000
131 0.010000
132 0.010000
133 0.010000
134 0.010000
135 0.010000
136 0.010000
137 0.010000
138 0.010000
139 0.010000
140 0.010000
141 0.010000
142 0.010000
143 0.010000
144 0.010000
145 0.010000
146 0.010000
147 0.010000
148 0.010000
149 0.010000
150 0.010000
151 0.010000
152 0.010000
153 0.010000
154 0.010000
155 0.010000
156 0.010000
157 0.010000
158 0.010000
159 0.010000
160 0.010000
161 0.010000
162 0.010000
163 0.010000
164 0.010000
165 0.010000
166 0.010000
167 0.010000
168 0.010000
169 0.010000
170 0.010000
171 0.010000
172 0.010000
173 0.010000
174 0.010000
175 0.010000
176 0.010000
177 0.010000
178 0.010000
179 0.010000
180 0.010000
181 0.010000
182 0.010000
183 0.010000
184 0.010000
185 0.010000
186 0.010000
187 0.010000
188 0.010000
189 0.010000
190 0.010000
191 0.010000
192 0.010000
193 0.010000
194 0.010000
195 0.010000
196 0.010000
197 0.010000
198 0.010000
199 0.010000
200 0.010000
201 0.010000
202 0.010000
203 0.010000
204 0.010000
205 0.010000
206 0.010000
207 0.010000
208 0.010000
209 0.010000
210 0.010000
211 0.010000
212 0.010000
213 0.010000
214 0.010000
215 0.010000
216 0.010000
217 0.010000
218 0.010000
219 0.010000
220 0.010000
221 0.010000
222 0.010000
223 0.010000
224 0.010000
225 0.010000
226 0.010000
227 0.010000
228 0.010000
229 0.010000
230 0.010000
231 0.010000
232 0.010000
233 0.010000
234 0.010000
235 0.010000
236 0.010000
237 0.010000
238 0.010000
239 0.010000
240 0.010000
241 0.010000
242 0.010000
243 0.010000
244 0.010000
245 0.010000
246 0.010000
247 0.010000
248 0.010000
249 0.010000
250 0.010000
251 0.010000
252 0.010000
253 0.010000
254 0.010000
255 0.010000
256 0.010000
257 0.010000
258 0.010000
259 0.010000
260 0.010000
261 0.010000
262 0.010000
263 0.010000
264 0.010000
265 0.010000
266 0.010000
267 0.010000
268 0.010000
269 0.010000
270 0.010000
271 0.010000
272 0.010000
273 0.010000
274 0.010000
275 0.010000
276 0.010000
277 0.010000
278 0.010000
279 0.010000
280 0.010000
281 0.010000
282 0.010000
283 0.010000
284 0.010000
285 0.010000
286 0.010000
287 0.010000
288 0.010000
289 0.010000
290 0.010000
291 0.010000
292 0.010000
293 0.010000
294 0.010000
295 0.010000
296 0.010000
297 0.010000
298 0.010000
299 0.010000
300 0.010000
301 0.010000
302 0.010000
303 0.010000
304 0.010000
305 0.010000
306 0.010000
307 0.010000
308 0.010000
309 0.010000
310 0.010000
311 0.010000
312 0.010000
313 0.010000
314 0.010000
315 0.010000
316 0.010000
317 0.010000
318 0.010000
319 0.010000
320 0.010000
321 0.010000
322 0.010000
323 0.010000
324 0.010000
325 0.010000
326 0.010000
327 0.010000
328 0.010000
329 0.010000
330 0.010000
331 0.010000
332 0.010000
333 0.010000
334 0.010000
335 0.010000
336 0.010000
337 0.010000
338 0.010000
339 0.010000
340 0.010000
341 0.010000
342 0.010000
343 0.010000
344 0.010000
345 0.010000
346 0.010000
347 0.010000
348 0.010000
349 0.010000
350 0.010000
351 0.010000
352 0.010000
353 0.010000
354 0.010000
355 0.010000
356 0.010000
357 0.010000
358 0.010000
359 0.010000
360 0.010000
361 0.010000
362 0.010000
363 0.010000
364 0.010000
365 0.010000
366 0.010000
367 0.010000
368 0.010000
369 0.010000
370 0.010000
371 0.010000
372 0.010000
373 0.010000
374 0.010000
375 0.010000
376 0.010000
377 0.010000
378 0.010000
379 0.010000
380 0.010000
381 0.010000
382 0.010000
383 0.010000
384 0.010000
385 0.010000
386 0.010000
387 0.010000
388 0.010000
389 0.010000
390 0.010000
391 0.010000
392 0.010000
393 0.010000
394 0.010000
395 0.010000
396 0.010000
397 0.010000
398 0.010000
399 0.010000
400 0.010000
401 0.010000
402 0.010000
403 0.010000
404 0.010000
405 0.010000
406 0.010000
407 0.010000
408 0.010000
409 0.010000
410 0.010000
411 0.010000
412 0.010000
413 0.010000
414 0.010000
415 0.010000
416 0.010000
417 0.010000
418 0.010000
419 0.010000
420 0.010000
421 0.010000
422 0.010000
423 0.010000
424 0.010000
425 0.010000
426 0.010000
427 0.010000
428 0.010000
429 0.010000
430 0.010000
431 0.010000
432 0.010000
433 0.010000
434 0.010000
435 0.010000
436 0.010000
437 0.010000
438 0.010000
439 0.010000
440 0.010000
441 0.010000
442 0.010000
443 0.010000
444 0.010000
445 0.010000
446 0.010000
447 0.010000
448 0.010000
449 0.010000
450 0.010000
451 0.010000
452 0.010000
453 0.010000
454 0.010000
455 0.010000
456 0.010000
457 0.010000
458 0.010000
459 0.010000
460 0.010000
461 0.010000
462 0.010000
463 0.010000
464 0.010000
465 0.010000
466 0.010000
467 0.010000
468 0.010000
469 0.010000
470 0.010000
471 0.010000
472 0.010000
473 0.010000
474 0.010000
475 0.010000
476 0.010000
477 0.010000
478 0.010000
479 0.010000
480 0.010000
481 0.010000
482 0.010000
483 0.010000
484 0.010000
485 0.010000
486 0.010000
487 0.010000
488 0.010000
489 0.010000
490 0.010000
491 0.010000
492 0.010000
493 0.010000
494 0.010000
495 0.010000
496 0.010000
497 0.010000
498 0.010000
499 0.010000
500 0.010000
501 0.010000
502 0.010000
503 0.010000
504 0.010000
505 0.010000
506 0.010000
507 0.010000
508 0.010000
509 0.010000
510 0.010000
511 0.010000
512 0.010000
513 0.010000
514 0.010000
515 0.010000
516 0.010000
517 0.010000
518 0.010000
519 0.010000
520 0.010000
521 0.010000
522 0.010000
523 0.010000
524 0.010000
525 0.010000
526 0.010000
527 0.010000
528 0.010000
529 0.010000
530 0.010000
531 0.010000
532 0.010000
533 0.010000
534 0.010000
535 0.010000
536 0.010000
537 0.010000
538 0.010000
539 0.010000
540 0.010000
541 0.010000
542 0.010000
543 0.010000
544 0.010000
545 0.010000
546 0.010000
547 0.010000
548 0.010000
549 0.010000
550 0.010000
551 0.010000
552 0.010000
553 0.010000
554 0.010000
555 0.010000
556 0.010000
557 0.010000
558 0.010000
559 0.010000
560 0.010000
561 0.010000
562 0.010000
563 0.010000
564 0.010000
565 0.010000
566 0.010000
567 0.010000
568 0.010000
569 0.010000
570 0.010000
571 0.010000
572 0.010000
573 0.010000
574 0.010000
575 0.010000
576 0.010000
577 0.010000
578 0.010000
579 0.010000
580 0.010000
581 0.010000
582 0.010000
583 0.010000
584 0.010000
585 0.010000
586 0.010000
587 0.010000
588 0.010000
589 0.010000
590 0.010000
591 0.010000
592 0.010000
593 0.010000
594 0.010000
595 0.010000
596 0.010000
597 0.010000
598 0.010000
599 0.010000
600 0.010000
601 0.010000
602 0.010000
603 0.010000
604 0.010000
605 0.010000
606 0.010000
607 0.010000
608 0.010000
609 0.010000
610 0.010000
611 0.010000
612 0.010000
613 0.010000
614 0.010000
615 0.010000
616 0.010000
617 0.010000
618 0.010000
619 0.010000
620 0.010000
621 0.010000
622 0.010000
623 0.010000
624 0.010000
625 0.010000
626 0.010000
627 0.010000
628 0.010000
629 0.010000
630 0.010000
631 0.010000
632 0.010000
633 0.010000
634 0.010000
635 0.010000
636 0.010000
637 0.010000
638 0.010000
639 0.010000
640 0.010000
641 0.010000
642 0.010000
643 0.010000
644 0.010000
645 0.010000
646 0.010000
647 0.010000
648 0.010000
649 0.010000
650 0.010000
651 0.010000
652 0.010000
653 0.010000
654 0.010000
655 0.010000
656 0.010000
657 0.010000
658 0.010000
659 0.010000
660 0.010000
661 0.010000
662 0.010000
663 0.010000
664 0.010000
665 0.010000
666 0.010000
667 0.010000
668 0.010000
669 0.010000
670 0.010000
671 0.010000
672 0.010000
673 0.010000
674 0.010000
675 0.010000
676 0.010000
677 0.010000
678 0.010000
679 0.010000
680 0.010000
681 0.010000
682 0.010000
683 0.010000
684 0.010000
685 0.010000
686 0.010000
687 0.010000
688 0.010000
689 0.010000
690 0.010000
691 0.010000
692 0.010000
693 0.010000
694 0.010000
695 0.010000
696 0.010000
697 0.010000
698 0.010000
699 0.010000
700 0.010000
701 0.010000
702 0.010000
703 0.010000
704 0.010000
705 0.010000
706 0.010000
707 0.010000
708 0.010000
709 0.010000
710 0.010000
711 0.010000
712 0.010000
713 0.010000
714 0.010000
715 0.010000
716 0.010000
717 0.010000
718 0.010000
719 0.010000
720 0.010000
721 0.010000
722 0.010000
723 0.010000
724 0.010000
725 0.010000
726 0.010000
727 0.010000
728 0.010000
729 0.010000
730 0.010000
731 0.010000
732 0.010000
733 0.010000
734 0.010000
735 0.010000
736 0.010000
737 0.010000
738 0.010000
739 0.010000
740 0.010000
741 0.010000
742 0.010000
743 0.010000
744 0.010000
745 0.010000
746 0.010000
747 0.010000
748 0.010000
749 0.010000
750 0.010000
751 0.010000
752 0.010000
753 0.010000
754 0.010000
755 0.010000
756 0.010000
757 0.010000
758 0.010000
759 0.010000
760 0.010000
761 0.010000
762 0.010000
763 0.010000
764 0.010000
765 0.010000
766 0.010000
767 0.010000
768 0.010000
769 0.010000
770 0.010000
771 0.010000
772 0.010000
773 0.010000
774 0.010000
775 0.010000
776 0.010000
777 0.010000
778 0.010000
779 0.010000
780 0.010000
781 0.010000
782 0.010000
783 0.010000
784 0.010000
785 0.010000
786 0.010000
787 0.010000
788 0.010000
789 0.010000
790 0.010000
791 0.010000
792 0.010000
793 0.010000
794 0.010000
795 0.010000
796 0.010000
797 0.010000
798 0.010000
799 0.010000
800 0.010000
801 0.010000
802 0.010000
803 0.010000
804 0.010000
805 0.010000
806 0.010000
807 0.010000
808 0.010000
809 0.010000
810 0.010000
811 0.010000
812 0.010000
813 0.010000
814 0.010000
815 0.010000
816 0.010000
817 0.010000
818 0.010000
819 0.010000
820 0.010000
821 0.010000
822 0.010000
823 0.010000
824 0.010000
825 0.010000
826 0.010000
827 0.010000
828 0.010000
829 0.010000
830 0.010000
831 0.010000
832 0.010000
833 0.010000
834 0.010000
835 0.010000
836 0.010000
837 0.010000
838 0.010000
839 0.010000
840 0.010000
841 0.010000
842 0.010000
843 0.010000
844 0.010000
845 0.010000
846 0.010000
847 0.010000
848 0.010000
849 0.010000
850 0.010000
851 0.010000
852 0.010000
853 0.010000
854 0.010000
855 0.010000
856 0.010000
857 0.010000
858 0.010000
859 0.010000
860 0.010000
861 0.010000
862 0.010000
863 0.010000
864 0.010000
865 0.010000
866 0.010000
867 0.010000
868 0.010000
869 0.010000
870 0.010000
871 0.010000
872 0.010000
873 0.010000
874 0.010000
875 0.010000
876 0.010000
877 0.010000
878 0.010000
879 0.010000
880 0.010000
881 0.010000
882 0.010000
883 0.010000
884 0.010000
885 0.010000
886 0.010000
887 0.010000
888 0.010000
889 0.010000
890 0.010000
891 0.010000
892 0.010000
893 0.010000
894 0.010000
895 0.010000
896 0.010000
897 0.010000
898 0.010000
899 0.010000
900 0.010000
901 0.010000
902 0.010000
903 0.010000
904 0.010000
905 0.010000
906 0.010000
907 0.010000
908 0.010000
909 0.010000
910 0.010000
911 0.010000
912 0.010000
913 0.010000
914 0.010000
915 0.010000
916 0.010000
917 0.010000
918 0.010000
919 0.010000
920 0.010000
921 0.010000
922 0.010000
923 0.010000
924 0.010000
925 0.010000
926 0.010000
927 0.010000
928 0.010000
929 0.010000
930 0.010000
931 0.010000
932 0.010000
933 0.010000
934 0.010000
935 0.010000
936 0.010000
937 0.010000
938 0.010000
939 0.010000
940 0.010000
941 0.010000
942 0.010000
943 0.010000
944 0.010000
945 0.010000
946 0.010000
947 0.010000
948 0.010000
949 0.010000
950 0.010000
951 0.010000
952 0.010000
953 0.010000
954 0.010000
955 0.010000
956 0.010000
957 0.010000
958 0.010000
959 0.010000
960 0.010000
961 0.010000
962 0.010000
963 0.010000
964 0.010000
965 0.010000
966 0.010000
967 0.010000
968 0.010000
969 0.010000
970 0.010000
971 0.010000
972 0.010000
973 0.010000
974 0.010000
975 0.010000
976 0.010000
977 0.010000
978 0.010000
979 0.010000
980 0.010000
981 0.010000
982 0.010000
983 0.010000
984 0.010000
985 0.010000
986 0.010000
987 0.010000
988 0.010000
989 0.010000
990 0.010000
991 0.010000
992 0.010000
993 0.010000
994 0.010000
995 0.010000
996 0.010000
997 0.010000
998 0.010000
999 0.010000
1000 0.010000
1001 0.010000
1002 0.010000
1003 0.010000
1004 0.010000
1005 0.010000
1006 0.010000
1007 0.010000
1008 0.010000
1009 0.010000
1010 0.010000
1011 0.010000
1012 0.010000
1013 0.010000
1014 0.010000
1015 0.010000
1016 0.010000
1017 0.010000
1018 0.010000
1019 0.010000
1020 0.010000
1021 0.010000
1022 0.010000
1023 0.010000
1024 0.010000
1025 0.010000
1026 0.010000
1027 0.010000
1028 0.010000
1029 0.010000
1030 0.010000
1031 0.010000
1032 0.010000
1033 0.010000
1034 0.010000
1035 0.010000
1036 0.010000
1037 0.010000
1038 0.010000
1039 0.010000
1040 0.010000
1041 0.010000
1042 0.010000
1043 0.010000
1044 0.010000
1045 0.010000
1046 0.010000
1047 0.010000
1048 0.010000
1049 0.010000
1050 0.010000
1051 0.010000
1052 0.010000
1053 0.010000
1054 0.010000
1055 0.010000
1056 0.010000
1057 0.010000
1058 0.010000
1059 0.010000
1060 0.010000
1061 0.010000
1062 0.010000
1063 0.010000
1064 0.010000
1065 0.010000
1066 0.010000
1067 0.010000
1068 0.010000
1069 0.010000
1070 0.010000
1071 0.010000
1072 0.010000
1073 0.010000
1074 0.010000
1075 0.010000
1076 0.010000
1077 0.010000
1078 0.010000
1079 0.010000
1080 0.010000
1081 0.010000
1082 0.010000
1083 0.010000
1084 0.010000
1085 0.010000
1086 0.010000
1087 0.010000
1088 0.010000
1089 0.010000
1090 0.010000
1091 0.010000
1092 0.010000
1093 0.010000
1094 0.010000
1095 0.010000
1096 0.010000
1097 0.010000
1098 0.010000
1099 0.010000
1100 0.010000
1101 0.010000
1102 0.010000
1103 0.010000
1104 0.010000
1105 0.010000
1106 0.010000
1107 0.010000
1108 0.010000
1109 0.010000
1110 0.010000
1111 0.010000
1112 0.010000
1113 0.010000
1114 0.010000
1115 0.010000
1116 0.010000
1117 0.010000
1118 0.010000
1119 0.010000
1120 0.010000
1121 0.010000
1122 0.010000
1123 0.010000
1124 0.010000
1125 0.010000
1126 0.010000
1127 0.010000
1128 0.010000
1129 0.010000
1130 0.010000
1131 0.010000
1132 0.010000
1133 0.010000
1134 0.010000
1135 0.010000
1136 0.010000
1137 0.010000
1138 0.010000
1139 0.010000
1140 0.010000
1141 0.010000
1142 0.010000
1143 0.010000
1144 0.010000
1145 0.010000
1146 0.010000
1147 0.010000
1148 0.010000
1149 0.010000
1150 0.010000
1151 0.010000
1152 0.010000
1153 0.010000
1154 0.010000
1155 0.010000
1156 0.010000
1157 0.010000
1158 0.010000
1159 0.010000
1160 0.010000
1161 0.010000
1162 0.010000
1163 0.010000
1164 0.010000
1165 0.010000
1166 0.010000
1167 0.010000
1168 0.010000
1169 0.010000
1170 0.010000
1171 0.010000
1172 0.010000
1173 0.010000
1174 0.010000
1175 0.010000
1176 0.010000
1177 0.010000
1178 0.010000
1179 0.010000
1180 0.010000
1181 0.010000
1182 0.010000
1183 0.010000
1184 0.010000
1185 0.010000
1186 0.010000
1187 0.010000
1188 0.010000
1189 0.010000
1190 0.010000
1191 0.010000
1192 0.010000
1193 0.010000
1194 0.010000
1195 0.010000
1196 0.010000
1197 0.010000
1198 0.010000
1199 0.010000
1200 0.010000
1201 0.010000
1202 0.010000
1203 0.010000
1204 0.010000
1205 0.010000
1206 0.010000
1207 0.010000
1208 0.010000
1209 0.010000
1210 0.010000
1211 0.010000
1212 0.010000
1213 0.010000
1214 0.010000
1215 0.010000
1216 0.010000
1217 0.010000
1218 0.010000
1219 0.010000
1220 0.010000
1221 0.010000
1222 0.010000
1223 0.010000
1224 0.010000
1225 0.010000
1226 0.010000
1227 0.010000
1228 0.010000
1229 0.010000
1230 0.010000
1231 0.010000
1232 0.010000
1233 0.010000
1234 0.010000
1235 0.010000
1236 0.010000
1237 0.010000
1238 0.010000
1239 0.010000
1240 0.010000
1241 0.010000
1242 0.010000
1243 0.010000
1244 0.010000
1245 0.010000
1246 0.010000
1247 0.010000
1248 0.010000
1249 0.010000
1250 0.010000
1251 0.010000
1252 0.010000
1253 0.010000
1254 0.010000
1255 0.010000
1256 0.010000
1257 0.010000
1258 0.010000
1259 0.010000
1260 0.010000
1261 0.010000
1262 0.010000
1263 0.010000
1264 0.010000
1265 0.010000
1266 0.010000
1267 0.010000
1268 0.010000
1269 0.010000
1270 0.010000
1271 0.010000
1272 0.010000
1273 0.010000
1274 0.010000
1275 0.010000
1276 0.010000
1277 0.010000
1278 0.010000
1279 0.010000
1280 0.010000
1281 0.010000
1282 0.010000
1283 0.010000
1284 0.010000
1285 0.010000
1286 0.010000
1287 0.010000
1288 0.010000
1289 0.010000
1290 0.010000
1291 0.010000
1292 0.010000
1293 0.010000
1294 0.010000
1295 0.010000
1296 0.010000
1297 0.010000
1298 0.010000
1299 0.010000
1300 0.010000
1301 0.010000
1302 0.010000
1303 0.010000
1304 0.010000
1305 0.010000
1306 0.010000
1307 0.010000
1308 0.010000
1309 0.010000
1310 0.010000
1311 0.010000
1312 0.010000
1313 0.010000
1314 0.010000
1315 0.010000
1316 0.010000
1317 0.010000
1318 0.010000
1319 0.010000
1320 0.010000
1321 0.010000
1322 0.010000
1323 0.010000
1324 0.010000
1325 0.010000
1326 0.010000
1327 0.010000
1328 0.010000
1329 0.010000
1330 0.010000
1331 0.010000
1332 0.010000
1333 0.010000
1334 0.010000
1335 0.010000
1336 0.010000
1337 0.010000
1338 0.010000
1339 0.010000
1340 0.010000
1341 0.010000
1342 0.010000
1343 0.010000
1344 0.010000
1345 0.010000
1346 0.010000
1347 0.010000
1348 0.010000
1349 0.010000
1350 0.010000
1351 0.010000
1352 0.010000
1353 0.010000
1354 0.010000
1355 0.010000
1356 0.010000
1357 0.010000
1358 0.010000
1359 0.010000
1360 0.010000
1361 0.010000
1362 0.010000
1363 0.010000
1364 0.010000
1365 0.010000
1366 0.010000
1367 0.010000
1368 0.010000
1369 0.010000
1370 0.010000
1371 0.010000
1372 0.010000
1373 0.010000
1374 0.010000
1375 0.010000
1376 0.010000
1377 0.010000
1378 0.010000
1379 0.010000
1380 0.010000
1381 0.010000
1382 0.010000
1383 0.010000
1384 0.010000
1385 0.010000
1386 0.010000
1387 0.010000
1388 0.010000
1389 0.010000
1390 0.010000
1391 0.010000
1392 0.010000
1393 0.010000
1394 0.010000
1395 0.010000
1396 0.010000
1397 0.010000
1398 0.010000
1399 0.010000
1400 0.010000
1401 0.010000
1402 0.010000
1403 0.010000
1404 0.010000
1405 0.010000
1406 0.010000
1407 0.010000
1408 0.010000
1409 0.010000
1410 0.010000
1411 0.010000
1412 0.010000
1413 0.010000
1414 0.010000
1415 0.010000
1416 0.010000
1417 0.010000
1418 0.010000
1419 0.010000
1420 0.010000
1421 0.010000
1422 0.010000
1423 0.010000
1424 0.010000
1425 0.010000
1426 0.010000
1427 0.010000
1428 0.010000
1429 0.010000
1430 0.010000
1431 0.010000
1432 0.010000
1433 0.010000
1434 0.010000
1435 0.010000
1436 0.010000
1437 0.010000
1438 0.010000
1439 0.010000
1440 0.010000
1441 0.010000
1442 0.010000
1443 0.010000
1444 0.010000
1445 0.010000
1446 0.010000
1447 0.010000
1448 0.010000
1449 0.010000
1450 0.010000
1451 0.010000
1452 0.010000
1453 0.010000
1454 0.010000
1455 0.010000
1456 0.010000
1457 0.010000
1458 0.010000
1459 0.010000
1460 0.010000
1461 0.010000
1462 0.010000
1463 0.010000
1464 0.010000
1465 0.010000
1466 0.010000
1467 0.010000
1468 0.010000
1469 0.010000
1470 0.010000
1471 0.010000
1472 0.010000
1473 0.010000
1474 0.010000
1475 0.010000
1476 0.010000
1477 0.010000
1478 0.010000
1479 0.010000
1480 0.010000
1481 0.010000
1482 0.010000
1483 0.010000
1484 0.010000
1485 0.010000
1486 0.010000
1487 0.010000
1488 0.010000
1489 0.010000
1490 0.010000
1491 0.010000
1492 0.010000
1493 0.010000
1494 0.010000
1495 0.010000
1496 0.010000
1497 0.010000
1498 0.010000
1499 0.010000
1500 0.010000
1501 0.010000
1502 0.010000
1503 0.010000
1504 0.010000
1505 0.010000
1506 0.010000
1507 0.010000
1508 0.010000
1509 0.010000
1510 0.010000
1511 0.010000
1512 0.010000
1513 0.010000
1514 0.010000
1515 0.010000
1516 0.010000
1517 0.010000
1518 0.010000
1519 0.010000
1520 0.010000
1521 0.010000
1522 0.010000
1523 0.010000
1524 0.010000
1525 0.010000
1526 0.010000
1527 0.010000
1528 0.010000
1529 0.010000
1530 0.010000
1531 0.010000
1532 0.010000
1533 0.010000
1534 0.010000
1535 0.010000
1536 0.010000
1537 0.010000
1538 0.010000
1539 0.010000
1540 0.010000
1541 0.010000
1542 0.010000
1543 0.010000
1544 0.010000
1545 0.010000
1546 0.010000
1547 0.010000
1548 0.010000
1549 0.010000
1550 0.010000
1551 0.010000
1552 0.010000
1553 0.010000
1554 0.010000
1555 0.010000
1556 0.010000
1557 0.010000
1558 0.010000
1559 0.010000
1560 0.010000
1561 0.010000
1562 0.010000
1563 0.010000
1564 0.010000
1565 0.010000
1566 0.010000
1567 0.010000
1568 0.010000
1569 0.010000
1570 0.010000
1571 0.010000
1572 0.010000
1573 0.010000
1574 0.010000
1575 0.010000
1576 0.010000
1577 0.010000
1578 0.010000
1579 0.010000
1580 0.010000
1581 0.010000
1582 0.010000
1583 0.010000
1584 0.010000
1585 0.010000
1586 0.010000
1587 0.010000
1588 0.010000
1589 0.010000
1590 0.010000
1591 0.010000
1592 0.010000
1593 0.010000
1594 0.010000
1595 0.010000
1596 0.010000
1597 0.010000
1598 0.010000
1599 0.010000
1600 0.010000
1601 0.010000
1602 0.010000
1603 0.010000
1604 0.010000
1605 0.010000
1606 0.010000
1607 0.010000
1608 0.010000
1609 0.010000
1610 0.010000
1611 0.010000
1612 0.010000
1613 0.010000
1614 0.010000
1615 0.010000
1616 0.010000
1617 0.010000
1618 0.010000
1619 0.010000
1620 0.010000
1621 0.010000
1622 0.010000
1623 0.010000
1624 0.010000
1625 0.010000
1626 0.010000
1627 0.010000
1628 0.010000
1629 0.010000
1630 0.010000
1631 0.010000
1632 0.010000
1633 0.010000
1634 0.010000
1635 0.010000
1636 0.010000
1637 0.010000
1638 0.010000
1639 0.010000
1640 0.010000
1641 0.010000
1642 0.010000
1643 0.010000
1644 0.010000
1645 0.010000
1646 0.010000
1647 0.010000
1648 0.010000
1649 0.010000
1650 0.010000
1651 0.010000
1652 0.010000
1653 0.010000
1654 0.010000
1655 0.010000
1656 0.010000
1657 0.010000
1658 0.010000
1659 0.010000
1660 0.010000
1661 0.010000
1662 0.010000
1663 0.010000
1664 0.010000
1665 0.010000
1666 0.010000
1667 0.010000
1668 0.010000
1669 0.010000
1670 0.010000
1671 0.010000
1672 0.010000
1673 0.010000
1674 0.010000
1675 0.010000
1676 0.010000
1677 0.010000
1678 0.010000
1679 0.010000
1680 0.010000
1681 0.010000
1682 0.010000
1683 0.010000
1684 0.010000
1685 0.010000
1686 0.010000
1687 0.010000
1688 0.010000
1689 0.010000
1690 0.010000
1691 0.010000
1692 0.010000
1693 0.010000
1694 0.010000
1695 0.010000
1696 0.010000
1697 0.010000
1698 0.010000
1699 0.010000
1700 0.010000
1701 0.010000
1702 0.010000
1703 0.010000
1704 0.010000
1705 0.010000
1706 0.010000
1707 0.010000
1708 0.010000
1709 0.010000
1710 0.010000
1711 0.010000
1712 0.010000
1713 0.010000
1714 0.010000
1715 0.010000
1716 0.010000
1717 0.010000
1718 0.010000
1719 0.010000
1720 0.010000
1721 0.010000
1722 0.010000
1723 0.010000
1724 0.010000
1725 0.010000
1726 0.010000
1727 0.010000
1728 0.010000
1729 0.010000
1730 0.010000
1731 0.010000
1732 0.010000
1733 0.010000
1734 0.010000
1735 0.010000
1736 0.010000
1737 0.010000
1738 0.010000
1739 0.010000
1740 0.010000
1741 0.010000
1742 0.010000
1743 0.010000
1744 0.010000
1745 0.010000
1746 0.010000
1747 0.010000
1748 0.010000
1749 0.010000
1750 0.010000
1751 0.010000
1752 0.010000
1753 0.010000
1754 0.010000
1755 0.010000
1756 0.010000
1757 0.010000
1758 0.010000
1759 0.010000
1760 0.010000
1761 0.010000
1762 0.010000
1763 0.010000
1764 0.010000
1765 0.010000
1766 0.010000
1767 0.010000
1768 0.010000
1769 0.010000
1770 0.010000
1771 0.010000
1772 0.010000
1773 0.010000
1774 0.010000
1775 0.010000
1776 0.010000
1777 0.010000
1778 0.010000
1779 0.010000
1780 0.010000
1781 0.010000
1782 0.010000
1783 0.010000
1784 0.010000
1785 0.010000
1786 0.010000
1787 0.010000
1788 0.010000
1789 0.010000
1790 0.010000
1791 0.010000
1792 0.010000
1793 0.010000
1794 0.010000
1795 0.010000
1796 0.010000
1797 0.010000
1798 0.010000
1799 0.010000
1800 0.010000
1801 0.010000
1802 0.010000
1803 0.010000
1804 0.010000
1805 0.010000
1806 0.010000
1807 0.010000
1808 0.010000
1809 0.010000
1810 0.010000
1811 0.010000
1812 0.010000
1813 0.010000
1814 0.010000
1815 0.010000
1816 0.010000
1817 0.010000
1818 0.010000
1819 0.010000
1820 0.010000
1821 0.010000
1822 0.010000
1823 0.010000
1824 0.010000
1825 0.010000
1826 0.010000
1827 0.010000
1828 0.010000
1829 0.010000
1830 0.010000
1831 0.010000
1832 0.010000
1833 0.010000
1834 0.010000
1835 0.010000
1836 0.010000
1837 0.010000
1838 0.010000
1839 0.010000
1840 0.010000
1841 0.010000
1842 0.010000
1843 0.010000
1844 0.010000
1845 0.010000
1846 0.010000
1847 0.010000
1848 0.010000
1849 0.010000
1850 0.010000
1851 0.010000
1852 0.010000
1853 0.010000
1854 0.010000
1855 0.010000
1856 0.010000
1857 0.010000
1858 0.010000
1859 0.010000
1860 0.010000
1861 0.010000
1862 0.010000
1863 0.010000
1864 0.010000
1865 0.010000
1866 0.010000
1867 0.010000
1868 0.010000
1869 0.010000
1870 0.010000
1871 0.010000
1872 0.010000
1873 0.010000
1874 0.010000
1875 0.010000
1876 0.010000
1877 0.010000
1878 0.010000
1879 0.010000
1880 0.010000
1881 0.010000
1882 0.010000
1883 0.010000
1884 0.010000
1885 0.010000
1886 0.010000
1887 0.010000
1888 0.010000
1889 0.010000
1890 0.010000
1891 0.010000
1892 0.010000
1893 0.010000
1894 0.010000
1895 0.010000
1896 0.010000
1897 0.010000
1898 0.010000
1899 0.010000
1900 0.010000
1901 0.010000
1902 0.010000
1903 0.010000
1904 0.010000
1905 0.010000
1906 0.010000
1907 0.010000
1908 0.010000
1909 0.010000
1910 0.010000
1911 0.010000
1912 0.010000
1913 0.010000
1914 0.010000
1915 0.010000
1916 0.010000
1917 0.010000
1918 0.010000
1919 0.010000
1920 0.010000
1921 0.010000
1922 0.010000
1923 0.010000
1924 0.010000
1925 0.010000
1926 0.010000
1927 0.010000
1928 0.010000
1929 0.010000
1930 0.010000
1931 0.010000
1932 0.010000
1933 0.010000
1934 0.010000
1935 0.010000
1936 0.010000
1937 0.010000
1938 0.010000
1939 0.010000
1940 0.010000
1941 0.010000
1942 0.010000
1943 0.010000
1944 0.010000
1945 0.010000
1946 0.010000
1947 0.010000
1948 0.010000
1949 0.010000
1950 0.010000
1951 0.010000
1952 0.010000
1953 0.010000
1954 0.010000
1955 0.010000
1956 0.010000
1957 0.010000
1958 0.010000
1959 0.010000
1960 0.010000
1961 0.010000
1962 0.010000
1963 0.010000
1964 0.010000
1965 0.010000
1966 0.010000
1967 0.010000
1968 0.010000
1969 0.010000
1970 0.010000
1971 0.010000
1972 0.010000
1973 0.010000
1974 0.010000
1975 0.010000
1976 0.010000
1977 0.010000
1978 0.010000
1979 0.010000
1980 0.010000
1981 0.010000
1982 0.010000
1983 0.010000
1984 0.010000
1985 0.010000
1986 0.010000
1987 0.010000
1988 0.010000
1989 0.010000
1990 0.010000
1991 0.010000
1992 0.010000
1993 0.010000
1994 0.010000
1995 0.010000
1996 0.010000
1997 0.010000
1998 0.010000
1999 0.010000
2000 0.010000
2001 0.010000
2002 0.010000
2003 0.010000
2004 0.010000
2005 0.010000
2006 0.010000
2007 0.010000
2008 0.010000
2009 0.010000
2010 0.010000
2011 0.010000
2012 0.010000
2013 0.010000
2014 0.010000
2015 0.010000
2016 0.010000
2017 0.010000
2018 0.010000
2019 0.010000
2020 0.010000
2021 0.010000
2022 0.010000
2023 0.010000
2024 0.010000
2025 0.010000
2026 0.010000
2027 0.010000
2028 0.010000
2029 0.010000
2030 0.010000
2031 0.010000
2032 0.010000
2033 0.010000
2034 0.010000
2035 0.010000
2036 0.010000
2037 0.010000
2038 0.010000
2039 0.010000
2040 0.010000
2041 0.010000
2042 0.010000
2043 0.010000
2044 0.010000
2045 0.010000
2046 0.010000
2047 0.010000
2048 0.010000
2049 0.010000
2050 0.010000
2051 0.010000
2052 0.010000
2053 0.010000
2054 0.010000
2055 0.010000
2056 0.010000
2057 0.010000
2058 0.010000
2059 0.010000
2060 0.010000
2061 0.010000
2062 0.010000
2063 0.010000
2064 0.010000
2065 0.010000
2066 0.010000
2067 0.010000
2068 0.010000
2069 0.010000
2070 0.010000
2071 0.010000
2072 0.010000
2073 0.010000
2074 0.010000
2075 0.010000
2076 0.010000
2077 0.010000
2078 0.010000
2079 0.010000
2080 0.010000
2081 0.010000
2082 0.010000
2083 0.010000
2084 0.010000
2085 0.010000
2086 0.010000
2087 0.010000
2088 0.010000
2089 0.010000
2090 0.010000
2091 0.010000
2092 0.010000
2093 0.010000
2094 0.010000
2095 0.010000
2096 0.010000
2097 0.010000
2098 0.010000
2099 0.010000
2100 0.010000
2101 0.010000
2102 0.010000
2103 0.010000
2104 0.010000
2105 0.010000
2106 0.010000
2107 0.010000
2108 0.010000
2109 0.010000
2110 0.010000
2111 0.010000
2112 0.010000
2113 0.010000
2114 0.010000
2115 0.010000
2116 0.010000
2117 0.010000
2118 0.010000
2119 0.010000
2120 0.010000
2121 0.010000
2122 0.010000
2123 0.010000
2124 0.010000
2125 0.010000
2126 0.010000
2127 0.010000
2128 0.010000
2129 0.010000
2130 0.010000
2131 0.010000
2132 0.010000
2133 0.010000
2134 0.010000
2135 0.010000
2136 0.010000
2137 0.010000
2138 0.010000
2139 0.010000
2140 0.010000
2141 0.010000
2142 0.010000
2143 0.010000
2144 0.010000
2145 0.010000
2146 0.010000
2147 0.010000
2148 0.010000
2149 0.010000
2150 0.010000
2151 0.010000
2152 0.010000
2153 0.010000
2154 0.010000
2155 0.010000
2156 0.010000
2157 0.010000
2158 0.010000
2159 0.010000
2160 0.010000
2161 0.010000
2162 0.010000
2163 0.010000
2164 0.010000
2165 0.010000
2166 0.010000
2167 0.010000
2168 0.010000
2169 0.010000
2170 0.010000
2171 0.010000
2172 0.010000
2173 0.010000
2174 0.010000
2175 0.010000
2176 0.010000
2177 0.010000
2178 0.010000
2179 0.010000
2180 0.010000
2181 0.010000
2182 0.010000
2183 0.010000
2184 0.010000
2185 0.010000
2186 0.010000
2187 0.010000
2188 0.010000
2189 0.010000
2190 0.010000
2191 0.010000
2192 0.010000
2193 0.010000
2194 0.010000
2195 0.010000
2196 0.010000
2197 0.010000
2198 0.010000
2199 0.010000
2200 0.010000
2201 0.010000
2202 0.010000
2203 0.010000
2204 0.010000
2205 0.010000
2206 0.010000
2207 0.010000
2208 0.010000
2209 0.010000
2210 0.010000
2211 0.010000
2212 0.010000
2213 0.010000
2214 0.010000
2215 0.010000
2216 0.010000
2217 0.010000
2218 0.010000
2219 0.010000
2220 0.010000
2221 0.010000
2222 0.010000
2223 0.010000
2224 0.010000
2225 0.010000
2226 0.010000
2227 0.010000
2228 0.010000
2229 0.010000
2230 0.010000
2231 0.010000
2232 0.010000
2233 0.010000
2234 0.010000
2235 0.010000
2236 0.010000
2237 0.010000
2238 0.010000
2239 0.010000
2240 0.010000
2241 0.010000
2242 0.010000
2243 0.010000
2244 0.010000
2245 0.010000
2246 0.010000
2247 0.010000
2248 0.010000
2249 0.010000
2250 0.010000
2251 0.010000
2252 0.010000
2253 0.010000
2254 0.010000
2255 0.010000
2256 0.010000
2257 0.010000
2258 0.010000
2259 0.010000
2260 0.010000
2261 0.010000
2262 0.010000
2263 0.010000
2264 0.010000
2265 0.010000
2266 0.010000
2267 0.010000
2268 0.010000
2269 0.010000
2270 0.010000
2271 0.010000
2272 0.010000
2273 0.010000
2274 0.010000
2275 0.010000
2276 0.010000
2277 0.010000
2278 0.010000
2279 0.010000
2280 0.010000
2281 0.010000
2282 0.010000
2283 0.010000
2284 0.010000
2285 0.010000
2286 0.010000
2287 0.010000
2288 0.010000
2289 0.010000
2290 0.010000
2291 0.010000
2292 0.010000
2293 0.010000
2294 0.010000
2295 0.010000
2296 0.010000
2297 0.010000
2298 0.010000
2299 0.010000
2300 0.010000
2301 0.010000
2302 0.010000
2303 0.010000
2304 0.010000
2305 0.010000
2306 0.010000
2307 0.010000
2308 0.010000
2309 0.010000
2310 0.010000
2311 0.010000
2312 0.010000
2313 0.010000
2314 0.010000
2315 0.010000
2316 0.010000
2317 0.010000
2318 0.010000
2319 0.010000
2320 0.010000
2321 0.010000
2322 0.010000
2323 0.010000
2324 0.010000
2325 0.010000
2326 0.010000
2327 0.010000
2328 0.010000
2329 0.010000
2330 0.010000
2331 0.010000
2332 0.010000
2333 0.010000
2334 0.010000
2335 0.010000
2336 0.010000
2337 0.010000
2338 0.010000
2339 0.010000
2340 0.010000
2341 0.010000
2342 0.010000
2343 0.010000
2344 0.010000
2345 0.010000
2346 0.010000
2347 0.010000
2348 0.010000
2349 0.010000
2350 0.010000
2351 0.010000
2352 0.010000
2353 0.010000
2354 0.010000
2355 0.010000
2356 0.010000
2357 0.010000
2358 0.010000
2359 0.010000
2360 0.010000
2361 0.010000
2362 0.010000
2363 0.010000
2364 0.010000
2365 0.010000
2366 0.010000
2367 0.010000
2368 0.010000
2369 0.010000
2370 0.010000
2371 0.010000
2372 0.010000
2373 0.010000
2374 0.010000
2375 0.010000
2376 0.010000
2377 0.010000
2378 0.010000
2379 0.010000
2380 0.010000
2381 0.010000
2382 0.010000
2383 0.010000
2384 0.010000
2385 0.010000
2386 0.010000
2387 0.010000
2388 0.010000
2389 0.010000
2390 0.010000
2391 0.010000
2392 0.010000
2393 0.010000
2394 0.010000
2395 0.010000
2396 0.010000
2397 0.010000
2398 0.010000
2399 0.010000
2400 0.010000
2401 0.010000
2402 0.010000
2403 0.010000
2404 0.010000
2405 0.010000
2406 0.010000
2407 0.010000
2408 0.010000
2409 0.010000
2410 0.010000
2411 0.010000
2412 0.010000
2413 0.010000
2414 0.010000
2415 0.010000
2416 0.010000
2417 0.010000
2418 0.010000
2419 0.010000
2420 0.010000
2421 0.010000
2422 0.010000
2423 0.010000
2424 0.010000
2425 0.010000
2426 0.010000
2427 0.010000
2428 0.010000
2429 0.010000
2430 0.010000
2431 0.010000
2432 0.010000
2433 0.010000
2434 0.010000
2435 0.010000
2436 0.010000
2437 0.010000
2438 0.010000
2439 0.010000
2440 0.010000
2441 0.010000
2442 0.010000
2443 0.010000
2444 0.010000
2445 0.010000
2446 0.010000
2447 0.010000
2448 0.010000
2449 0.010000
2450 0.010000
2451 0.010000
2452 0.010000
2453 0.010000
2454 0.010000
2455 0.010000
2456 0.010000
2457 0.010000
2458 0.010000
2459 0.010000
2460 0.010000
2461 0.010000
2462 0.010000
2463 0.010000
2464 0.010000
2465 0.010000
2466 0.010000
2467 0.010000
2468 0.010000
2469 0.010000
2470 0.010000
2471 0.010000
2472 0.010000
2473 0.010000
2474 0.010000
2475 0.010000
2476 0.010000
2477 0.010000
2478 0.010000
2479 0.010000
2480 0.010000
2481 0.010000
2482 0.010000
2483 0.010000
2484 0.010000
2485 0.010000
2486 0.010000
2487 0.010000
2488 0.010000
2489 0.010000
2490 0.010000
2491 0.010000
2492 0.010000
2493 0.010000
2494 0.010000
2495 0.010000
2496 0.010000
2497 0.010000
2498 0.010000
2499 0.010000
2500 0.010000
2501 0.010000
2502 0.010000
2503 0.010000
2504 0.010000
2505 0.010000
2506 0.010000
2507 0.010000
2508 0.010000
2509 0.010000
2510 0.010000
2511 0.010000
2512 0.010000
2513 0.010000
2514 0.010000
2515 0.010000
2516 0.010000
2517 0.010000
2518 0.010000
2519 0.010000
2520 0.010000
2521 0.010000
2522 0.010000
2523 0.010000
2524 0.010000
2525 0.010000
2526 0.010000
2527 0.010000
2528 0.010000
2529 0.010000
2530 0.010000
2531 0.010000
2532 0.010000
2533 0.010000
2534 0.010000
2535 0.010000
2536 0.010000
2537 0.010000
2538 0.010000
2539 0.010000
2540 0.010000
2541 0.010000
2542 0.010000
2543 0.010000
2544 0.010000
2545 0.010000
2546 0.010000
2547 0.010000
2548 0.010000
2549 0.010000
2550 0.010000
2551 0.010000
2552 0.010000
2553 0.010000
2554 0.010000
2555 0.010000
2556 0.010000
2557 0.010000
2558 0.010000
2559 0.010000
2560 0.010000
2561 0.010000
2562 0.010000
2563 0.010000
2564 0.010000
2565 0.010000
2566 0.010000
2567 0.010000
2568 0.010000
2569 0.010000
2570 0.010000
2571 0.010000
2572 0.010000
2573 0.010000
2574 0.010000
2575 0.010000
2576 0.010000
2577 0.010000
2578 0.010000
2579 0.010000
2580 0.010000
2581 0.010000
2582 0.010000
2583 0.010000
2584 0.010000
2585 0.010000
2586 0.010000
2587 0.010000
2588 0.010000
2589 0.010000
2590 0.010000
2591 0.010000
2592 0.010000
2593 0.010000
2594 0.010000
2595 0.010000
2596 0.010000
2597 0.010000
2598 0.010000
2599 0.010000
2600 0.010000
2601 0.010000
2602 0.010000
2603 0.010000
2604 0.010000
2605 0.010000
2606 0.010000
2607 0.010000
2608 0.010000
2609 0.010000
2610 0.010000
2611 0.010000
2612 0.010000
2613 0.010000
2614 0.010000
2615 0.010000
2616 0.010000
2617 0.010000
2618 0.010000
2619 0.010000
2620 0.010000
2621 0.010000
2622 0.010000
2623 0.010000
2624 0.010000
2625 0.010000
2626 0.010000
2627 0.010000
2628 0.010000
2629 0.010000
2630 0.010000
2631 0.010000
2632 0.010000
2633 0.010000
2634 0.010000
2635 0.010000
2636 0.010000
2637 0.010000
2638 0.010000
2639 0.010000
2640 0.010000
2641 0.010000
2642 0.010000
2643 0.010000
2644 0.010000
2645 0.010000
2646 0.010000
2647 0.010000
2648 0.010000
2649 0.010000
2650 0.010000
2651 0.010000
2652 0.010000
2653 0.010000
2654 0.010000
2655 0.010000
2656 0.010000
2657 0.010000
2658 0.010000
2659 0.010000
2660 0.010000
2661 0.010000
2662 0.010000
2663 0.010000
2664 0.010000
2665 0.010000
2666 0.010000
2667 0.010000
2668 0.010000
2669 0.010000
2670 0.010000
2671 0.010000
2672 0.010000
2673 0.010000
2674 0.010000
2675 0.010000
2676 0.010000
2677 0.010000
2678 0.010000
2679 0.010000
2680 0.010000
2681 0.010000
2682 0.010000
2683 0.010000
2684 0.010000
2685 0.010000
2686 0.010000
2687 0.010000
2688 0.010000
2689 0.010000
2690 0.010000
2691 0.010000
2692 0.010000
2693 0.010000
2694 0.010000
2695 0.010000
2696 0.010000
2697 0.010000
2698 0.010000
2699 0.010000
2700 0.010000
2701 0.010000
2702 0.010000
2703 0.010000
2704 0.010000
2705 0.010000
2706 0.010000
2707 0.010000
2708 0.010000
2709 0.010000
2710 0.010000
2711 0.010000
2712 0.010000
2713 0.010000
2714 0.010000
2715 0.010000
2716 0.010000
2717 0.010000
2718 0.010000
2719 0.010000
2720 0.010000
2721 0.010000
2722 0.010000
2723 0.010000
2724 0.010000
2725 0.010000
2726 0.010000
2727 0.010000
2728 0.010000
2729 0.010000
2730 0.010000
2731 0.010000
2732 0.010000
2733 0.010000
2734 0.010000
2735 0.010000
2736 0.010000
2737 0.010000
2738 0.010000
2739 0.010000
2740 0.010000
2741 0.010000
2742 0.010000
2743 0.010000
2744 0.010000
2745 0.010000
2746 0.010000
2747 0.010000
2748 0.010000
2749 0.010000
2750 0.010000
2751 0.010000
2752 0.010000
2753 0.010000
2754 0.010000
2755 0.010000
2756 0.010000
2757 0.010000
2758 0.010000
2759 0.010000
2760 0.010000
2761 0.010000
2762 0.010000
2763 0.010000
2764 0.010000
2765 0.010000
2766 0.010000
2767 0.010000
2768 0.010000
2769 0.010000
2770 0.010000
2771 0.010000
2772 0.010000
2773 0.010000
2774 0.010000
2775 0.010000
2776 0.010000
2777 0.010000
2778 0.010000
2779 0.010000
2780 0.010000
2781 0.010000
2782 0.010000
2783 0.010000
2784 0.010000
2785 0.010000
2786 0.010000
2787 0.010000
2788 0.010000
2789 0.010000
2790 0.010000
2791 0.010000
2792 0.010000
2793 0.010000
2794 0.010000
2795 0.010000
2796 0.010000
2797 0.010000
2798 0.010000
2799 0.010000
2800 0.010000
2801 0.010000
2802 0.010000
2803 0.010000
2804 0.010000
2805 0.010000
2806 0.010000
2807 0.010000
2808 0.010000
2809 0.010000
2810 0.010000
2811 0.010000
2812 0.010000
2813 0.010000
2814 0.010000
2815 0.010000
2816 0.010000
2817 0.010000
2818 0.010000
2819 0.010000
2820 0.010000
2821 0.010000
2822 0.010000
2823 0.010000
2824 0.010000
2825 0.010000
2826 0.010000
2827 0.010000
2828 0.010000
2829 0.010000
2830 0.010000
2831 0.010000
2832 0.010000
2833 0.010000
2834 0.010000
2835 0.010000
2836 0.010000
2837 0.010000
2838 0.010000
2839 0.010000
2840 0.010000
2841 0.010000
2842 0.010000
2843 0.010000
2844 0.010000
2845 0.010000
2846 0.010000
2847 0.010000
2848 0.010000
2849 0.010000
2850 0.010000
2851 0.010000
2852 0.010000
2853 0.010000
2854 0.010000
2855 0.010000
2856 0.010000
2857 0.010000
2858 0.010000
2859 0.010000
2860 0.010000
2861 0.010000
2862 0.010000
2863 0.010000
2864 0.010000
2865 0.010000
2866 0.010000
2867 0.010000
2868 0.010000
2869 0.010000
2870 0.010000
2871 0.010000
2872 0.010000
2873 0.010000
2874 0.010000
2875 0.010000
2876 0.010000
2877 0.010000
2878 0.010000
2879 0.010000
2880 0.010000
2881 0.010000
2882 0.010000
2883 0.010000
2884 0.010000
2885 0.010000
2886 0.010000
2887 0.010000
2888 0.010000
2889 0.010000
2890 0.010000
2891 0.010000
2892 0.010000
2893 0.010000
2894 0.010000
2895 0.010000
2896 0.010000
2897 0.010000
2898 0.010000
2899 0.010000
2900 0.010000
2901 0.010000
2902 0.010000
2903 0.010000
2904 0.010000
2905 0.010000
2906 0.010000
2907 0.010000
2908 0.010000
2909 0.010000
2910 0.010000
2911 0.010000
2912 0.010000
2913 0.010000
2914 0.010000
2915 0.010000
2916 0.010000
2917 0.010000
2918 0.010000
2919 0.010000
2920 0.010000
2921 0.010000
2922 0.010000
2923 0.010000
2924 0.010000
2925 0.010000
2926 0.010000
2927 0.010000
2928 0.010000
2929 0.010000
2930 0.010000
2931 0.010000
2932 0.010000
2933 0.010000
2934 0.010000
2935 0.010000
2936 0.010000
2937 0.010000
2938 0.010000
2939 0.010000
2940 0.010000
2941 0.010000
2942 0.010000
2943 0.010000
2944 0.010000
2945 0.010000
2946 0.010000
2947 0.010000
2948 0.010000
2949 0.010000
2950 0.010000
2951 0.010000
2952 0.010000
2953 0.010000
2954 0.010000
2955 0.010000
2956 0.010000
2957 0.010000
2958 0.010000
2959 0.010000
2960 0.010000
2961 0.010000
2962 0.010000
2963 0.010000
2964 0.010000
2965 0.010000
2966 0.010000
2967 0.010000
2968 0.010000
2969 0.010000
2970 0.010000
2971 0.010000
2972 0.010000
2973 0.010000
2974 0.010000
2975 0.010000
2976 0.010000
2977 0.010000
2978 0.010000
2979 0.010000
2980 0.010000
2981 0.010000
2982 0.010000
2983 0.010000
2984 0.010000
2985 0.010000
2986 0.010000
2987 0.010000
2988 0.010000
2989 0.010000
2990 0.010000
2991 0.010000
2992 0.010000
2993 0.010000
2994 0.010000
2995 0.010000
2996 0.010000
2997 0.010000
2998 0.010000
2999 0.010000
3000 0.010000
3001 0.010000
3002 0.010000
3003 0.010000
3004 0.010000
3005 0.010000
3006 0.010000
3007 0.010000
3008 0.010000
3009 0.010000
3010 0.010000
3011 0.010000
3012 0.010000
3013 0.010000
3014 0.010000
3015 0.010000
3016 0.010000
3017 0.010000
3018 0.010000
3019 0.010000
3020 0.010000
3021 0.010000
3022 0.010000
3023 0.010000
3024 0.010000
3025 0.010000
3026 0.010000
3027 0.010000
3028 0.010000
3029 0.010000
3030 0.010000
3031 0.010000
3032 0.010000
3033 0.010000
3034 0.010000
3035 0.010000
3036 0.010000
3037 0.010000
3038 0.010000
3039 0.010000
3040 0.010000
3041 0.010000
3042 0.010000
3043 0.010000
3044 0.010000
3045 0.010000
3046 0.010000
3047 0.010000
3048 0.010000
3049 0.010000
3050 0.010000
3051 0.010000
3052 0.010000
3053 0.010000
3054 0.010000
3055 0.010000
3056 0.010000
3057 0.010000
3058 0.010000
3059 0.010000
3060 0.010000
3061 0.010000
3062 0.010000
3063 0.010000
3064 0.010000
3065 0.010000
3066 0.010000
3067 0.010000
3068 0.010000
3069 0.010000
3070 0.010000
3071 0.010000
3072 0.010000
3073 0.010000
3074 0.010000
3075 0.010000
3076 0.010000
3077 0.010000
3078 0.010000
3079 0.010000
3080 0.010000
3081 0.010000
3082 0.010000
3083 0.010000
3084 0.010000
3085 0.010000
3086 0.010000
3087 0.010000
3088 0.010000
3089 0.010000
3090 0.010000
3091 0.010000
3092 0.010000
3093 0.010000
3094 0.010000
3095 0.010000
3096 0.010000
3097 0.010000
3098 0.010000
3099 0.010000
3100 0.010000
3101 0.010000
3102 0.010000
3103 0.010000
3104 0.010000
3105 0.010000
3106 0.010000
3107 0.010000
3108 0.010000
3109 0.010000
3110 0.010000
3111 0.010000
3112 0.010000
3113 0.010000
3114 0.010000
3115 0.010000
3116 0.010000
3117 0.010000
3118 0.010000
3119 0.010000
3120 0.010000
3121 0.010000
3122 0.010000
3123 0.010000
3124 0.010000
3125 0.010000
3126 0.010000
3127 0.010000
3128 0.010000
3129 0.010000
3130 0.010000
3131 0.010000
3132 0.010000
3133 0.010000
3134 0.010000
3135 0.010000
3136 0.010000
3137 0.010000
3138 0.010000
3139 0.010000
3140 0.010000
3141 0.010000
3142 0.010000
3143 0.010000
3144 0.010000
3145 0.010000
3146 0.010000
3147 0.010000
3148 0.010000
3149 0.010000
3150 0.010000
3151 0.010000
3152 0.010000
3153 0.010000
3154 0.010000
3155 0.010000
3156 0.010000
3157 0.010000
3158 0.010000
3159 0.010000
3160 0.010000
3161 0.010000
3162 0.010000
3163 0.010000
3164 0.010000
3165 0.010000
3166 0.010000
3167 0.010000
3168 0.010000
3169 0.010000
3170 0.010000
3171 0.010000
3172 0.010000
3173 0.010000
3174 0.010000
3175 0.010000
3176 0.010000
3177 0.010000
3178 0.010000
3179 0.010000
3180 0.010000
3181 0.010000
3182 0.010000
3183 0.010000
3184 0.010000
3185 0.010000
3186 0.010000
3187 0.010000
3188 0.010000
3189 0.010000
3190 0.010000
3191 0.010000
3192 0.010000
3193 0.010000
3194 0.010000
3195 0.010000
3196 0.010000
3197 0.010000
3198 0.010000
3199 0.010000
3200 0.010000
3201 0.010000
3202 0.010000
3203 0.010000
3204 0.010000
3205 0.010000
3206 0.010000
3207 0.010000
3208 0.010000
3209 0.010000
3210 0.010000
3211 0.010000
3212 0.010000
3213 0.010000
3214 0.010000
3215 0.010000
3216 0.010000
3217 0.010000
3218 0.010000
3219 0.010000
3220 0.010000
3221 0.010000
3222 0.010000
3223 0.010000
3224 0.010000
3225 0.010000
3226 0.010000
3227 0.010000
3228 0.010000
3229 0.010000
3230 0.010000
3231 0.010000
3232 0.010000
3233 0.010000
3234 0.010000
3235 0.010000
3236 0.010000
3237 0.010000
3238 0.010000
3239 0.010000
3240 0.010000
3241 0.010000
3242 0.010000
3243 0.010000
3244 0.010000
3245 0.010000
3246 0.010000
3247 0.010000
3248 0.010000
3249 0.010000
3250 0.010000
3251 0.010000
3252 0.010000
3253 0.010000
3254 0.010000
3255 0.010000
3256 0.010000
3257 0.010000
3258 0.010000
3259 0.010000
3260 0.010000
3261 0.010000
3262 0.010000
3263 0.010000
3264 0.010000
3265 0.010000
3266 0.010000
3267 0.010000
3268 0.010000
3269 0.010000
3270 0.010000
3271 0.010000
3272 0.010000
3273 0.010000
3274 0.010000
3275 0.010000
3276 0.010000
3277 0.010000
3278 0.010000
3279 0.010000
3280 0.010000
3281 0.010000
3282 0.010000
3283 0.010000
3284 0.010000
3285 0.010000
3286 0.010000
3287 0.010000
3288 0.010000
3289 0.010000
3290 0.010000
3291 0.010000
3292 0.010000
3293 0.010000
3294 0.010000
3295 0.010000
3296 0.010000
3297 0.010000
3298 0.010000
3299 0.010000
3300 0.010000
3301 0.010000
3302 0.010000
3303 0.010000
3304 0.010000
3305 0.010000
3306 0.010000
3307 0.010000
3308 0.010000
3309 0.010000
3310 0.010000
3311 0.010000
3312 0.010000
3313 0.010000
3314 0.010000
3315 0.010000
3316 0.010000
3317 0.010000
3318 0.010000
3319 0.010000
3320 0.010000
3321 0.010000
3322 0.010000
3323 0.010000
3324 0.010000
3325 0.010000
3326 0.010000
3327 0.010000
3328 0.010000
3329 0.010000
3330 0.010000
3331 0.010000
3332 0.010000
3333 0.010000
3334 0.010000
3335 0.010000
3336 0.010000
3337 0.010000
3338 0.010000
3339 0.010000
3340 0.010000
3341 0.010000
3342 0.010000
3343 0.010000
3344 0.010000
3345 0.010000
3346 0.010000
3347 0.010000
3348 0.010000
3349 0.010000
3350 0.010000
3351 0.010000
3352 0.010000
3353 0.010000
3354 0.010000
3355 0.010000
3356 0.010000
3357 0.010000
3358 0.010000
3359 0.010000
3360 0.010000
3361 0.010000
3362 0.010000
3363 0.010000
3364 0.010000
3365 0.010000
3366 0.010000
3367 0.010000
3368 0.010000
3369 0.010000
3370 0.010000
3371 0.010000
3372 0.010000
3373 0.010000
3374 0.010000
3375 0.010000
3376 0.010000
3377 0.010000
3378 0.010000
3379 0.010000
3380 0.010000
3381 0.010000
3382 0.010000
3383 0.010000
3384 0.010000
3385 0.010000
3386 0.010000
3387 0.010000
3388 0.010000
3389 0.010000
3390 0.010000
3391 0.010000
3392 0.010000
3393 0.010000
3394 0.010000
3395 0.010000
3396 0.010000
3397 0.010000
3398 0.010000
3399 0.010000
3400 0.010000
3401 0.010000
3402 0.010000
3403 0.010000
3404 0.010000
3405 0.010000
3406 0.010000
3407 0.010000
3408 0.010000
3409 0.010000
3410 0.010000
3411 0.010000
3412 0.010000
3413 0.010000
3414 0.010000
3415 0.010000
3416 0.010000
3417 0.010000
3418 0.010000
3419 0.010000
3420 0.010000
3421 0.010000
3422 0.010000
3423 0.010000
3424 0.010000
3425 0.010000
3426 0.010000
3427 0.010000
3428 0.010000
3429 0.010000
3430 0.010000
3431 0.010000
3432 0.010000
3433 0.010000
3434 0.010000
3435 0.010000
3436 0.010000
3437 0.010000
3438 0.010000
3439 0.010000
3440 0.010000
3441 0.010000
3442 0.010000
3443 0.010000
3444 0.010000
3445 0.010000
3446 0.010000
3447 0.010000
3448 0.010000
3449 0.010000
3450 0.010000
3451 0.010000
3452 0.010000
3453 0.010000
3454 0.010000
3455 0.010000
3456 0.010000
3457 0.010000
3458 0.010000
3459 0.010000
3460 0.010000
3461 0.010000
3462 0.010000
3463 0.010000
3464 0.010000
3465 0.010000
3466 0.010000
3467 0.010000
3468 0.010000
3469 0.010000
3470 0.010000
3471 0.010000
3472 0.010000
3473 0.010000
3474 0.010000
3475 0.010000
3476 0.010000
3477 0.010000
3478 0.010000
3479 0.010000
3480 0.010000
3481 0.010000
3482 0.010000
3483 0.010000
3484 0.010000
3485 0.010000
3486 0.010000
3487 0.010000
3488 0.010000
3489 0.010000
3490 0.010000
3491 0.010000
3492 0.010000
3493 0.010000
3494 0.010000
3495 0.010000
3496 0.010000
3497 0.010000
3498 0.010000
3499 0.010000
3500 0.010000
3501 0.010000
3502 0.010000
3503 0.010000
3504 0.010000
3505 0.010000
3506 0.010000
3507 0.010000
3508 0.010000
3509 0.010000
3510 0.010000
3511 0.010000
3512 0.010000
3513 0.010000
3514 0.010000
3515 0.010000
3516 0.010000
3517 0.010000
3518 0.010000
3519 0.010000
3520 0.010000
3521 0.010000
3522 0.010000
3523 0.010000
3524 0.010000
3525 0.010000
3526 0.010000
3527 0.010000
3528 0.010000
3529 0.010000
3530 0.010000
3531 0.010000
3532 0.010000
3533 0.010000
3534 0.010000
3535 0.010000
3536 0.010000
3537 0.010000
3538 0.010000
3539 0.010000
3540 0.010000
3541 0.010000
3542 0.010000
3543 0.010000
3544 0.010000
3545 0.010000
3546 0.010000
3547 0.010000
3548 0.010000
3549 0.010000
3550 0.010000
3551 0.010000
3552 0.010000
3553 0.010000
3554 0.010000
3555 0.010000
3556 0.010000
3557 0.010000
3558 0.010000
3559 0.010000
3560 0.010000
3561 0.010000
3562 0.010000
3563 0.010000
3564 0.010000
3565 0.010000
3566 0.010000
3567 0.010000
3568 0.010000
3569 0.010000
3570 0.010000
3571 0.010000
3572 0.010000
3573 0.010000
3574 0.010000
3575 0.010000
3576 0.010000
3577 0.010000
3578 0.010000
3579 0.010000
3580 0.010000
3581 0.010000
3582 0.010000
3583 0.010000
3584 0.010000
3585 0.010000
3586 0.010000
3587 0.010000
3588 0.010000
3589 0.010000
3590 0.010000
3591 0.010000
3592 0.010000
3593 0.010000
3594 0.010000
3595 0.010000
3596 0.010000
3597 0.010000
3598 0.010000
3599 0.010000
3600 0.010000
3601 0.010000
3602 0.010000
3603 0.010000
3604 0.010000
3605 0.010000
3606 0.010000
3607 0.010000
3608 0.010000
3609 0.010000
3610 0.010000
3611 0.010000
3612 0.010000
3613 0.010000
3614 0.010000
3615 0.010000
3616 0.010000
3617 0.010000
3618 0.010000
3619 0.010000
3620 0.010000
3621 0.010000
3622 0.010000
3623 0.010000
3624 0.010000
3625 0.010000
3626 0.010000
3627 0.010000
3628 0.010000
3629 0.010000
3630 0.010000
3631 0.010000
3632 0.010000
3633 0.010000
3634 0.010000
3635 0.010000
3636 0.010000
3637 0.010000
3638 0.010000
3639 0.010000
3640 0.010000
3641 0.010000
3642 0.010000
3643 0.010000
3644 0.010000
3645 0.010000
3646 0.010000
3647 0.010000
3648 0.010000
3649 0.010000
3650 0.010000
3651 0.010000
3652 0.010000
3653 0.010000
3654 0.010000
3655 0.010000
3656 0.010000
3657 0.010000
3658 0.010000
3659 0.010000
3660 0.010000
3661 0.010000
3662 0.010000
3663 0.010000
3664 0.010000
3665 0.010000
3666 0.010000
3667 0.010000
3668 0.010000
3669 0.010000
3670 0.010000
3671 0.010000
3672 0.010000
3673 0.010000
3674 0.010000
3675 0.010000
3676 0.010000
3677 0.010000
3678 0.010000
3679 0.010000
3680 0.010000
3681 0.010000
3682 0.010000
3683 0.010000
3684 0.010000
3685 0.010000
3686 0.010000
3687 0.010000
3688 0.010000
3689 0.010000
3690 0.010000
3691 0.010000
3692 0.010000
3693 0.010000
3694 0.010000
3695 0.010000
3696 0.010000
3697 0.010000
3698 0.010000
3699 0.010000
3700 0.010000
3701 0.010000
3702 0.010000
3703 0.010000
3704 0.010000
3705 0.010000
3706 0.010000
3707 0.010000
3708 0.010000
3709 0.010000
3710 0.010000
3711 0.010000
3712 0.010000
3713 0.010000
3714 0.010000
3715 0.010000
3716 0.010000
3717 0.010000
3718 0.010000
3719 0.010000
3720 0.010000
3721 0.010000
3722 0.010000
3723 0.010000
3724 0.010000
3725 0.010000
3726 0.010000
3727 0.010000
3728 0.010000
3729 0.010000
3730 0.010000
3731 0.010000
3732 0.010000
3733 0.010000
3734 0.010000
3735 0.010000
3736 0.010000
3737 0.010000
3738 0.010000
3739 0.010000
3740 0.010000
3741 0.010000
3742 0.010000
3743 0.010000
3744 0.010000
3745 0.010000
3746 0.010000
3747 0.010000
3748 0.010000
3749 0.010000
3750 0.010000
3751 0.010000
3752 0.010000
3753 0.010000
3754 0.010000
3755 0.010000
3756 0.010000
3757 0.010000
3758 0.010000
3759 0.010000
3760 0.010000
3761 0.010000
3762 0.010000
3763 0.010000
3764 0.010000
3765 0.010000
3766 0.010000
3767 0.010000
3768 0.010000
3769 0.010000
3770 0.010000
3771 0.010000
3772 0.010000
3773 0.010000
3774 0.010000
3775 0.010000
3776 0.010000
3777 0.010000
3778 0.010000
3779 0.010000
3780 0.010000
3781 0.010000
3782 0.010000
3783 0.010000
3784 0.010000
3785 0.010000
3786 0.010000
3787 0.010000
3788 0.010000
3789 0.010000
3790 0.010000
3791 0.010000
3792 0.010000
3793 0.010000
3794 0.010000
3795 0.010000
3796 0.010000
3797 0.010000
3798 0.010000
3799 0.010000
3800 0.010000
3801 0.010000
3802 0.010000
3803 0.010000
3804 0.010000
3805 0.010000
3806 0.010000
3807 0.010000
3808 0.010000
3809 0.010000
3810 0.010000
3811 0.010000
3812 0.010000
3813 0.010000
3814 0.010000
3815 0.010000
3816 0.010000
3817 0.010000
3818 0.010000
3819 0.010000
3820 0.010000
3821 0.010000
3822 0.010000
3823 0.010000
3824 0.010000
3825 0.010000
3826 0.010000
3827 0.010000
3828 0.010000
3829 0.010000
3830 0.010000
3831 0.010000
3832 0.010000
3833 0.010000
3834 0.010000
3835 0.010000
3836 0.010000
3837 0.010000
3838 0.010000
3839 0.010000
3840 0.010000
3841 0.010000
3842 0.010000
3843 0.010000
3844 0.010000
3845 0.010000
3846 0.010000
3847 0.010000
3848 0.010000
3849 0.010000
3850 0.010000
3851 0.010000
3852 0.010000
3853 0.010000
3854 0.010000
3855 0.010000
3856 0.010000
3857 0.010000
3858 0.010000
3859 0.010000
3860 0.010000
3861 0.010000
3862 0.010000
3863 0.010000
3864 0.010000
3865 0.010000
3866 0.010000
3867 0.010000
3868 0.010000
3869 0.010000
3870 0.010000
3871 0.010000
3872 0.010000
3873 0.010000
3874 0.010000
3875 0.010000
3876 0.010000
3877 0.010000
3878 0.010000
3879 0.010000
3880 0.010000
3881 0.010000
3882 0.010000
3883 0.010000
3884 0.010000
3885 0.010000
3886 0.010000
3887 0.010000
3888 0.010000
3889 0.010000
3890 0.010000
3891 0.010000
3892 0.010000
3893 0.010000
3894 0.010000
3895 0.010000
3896 0.010000
3897 0.010000
3898 0.010000
3899 0.010000
3900 0.010000
3901 0.010000
3902 0.010000
3903 0.010000
3904 0.010000
3905 0.010000
3906 0.010000
3907 0.010000
3908 0.010000
3909 0.010000
3910 0.010000
3911 0.010000
3912 0.010000
3913 0.010000
3914 0.010000
3915 0.010000
3916 0.010000
3917 0.010000
3918 0.010000
3919 0.010000
3920 0.010000
3921 0.010000
3922 0.010000
3923 0.010000
3924 0.010000
3925 0.010000
3926 0.010000
3927 0.010000
3928 0.010000
3929 0.010000
3930 0.010000
3931 0.010000
3932 0.010000
3933 0.010000
3934 0.010000
3935 0.010000
3936 0.010000
3937 0.010000
3938 0.010000
3939 0.010000
3940 0.010000
3941 0.010000
3942 0.010000
3943 0.010000
3944 0.010000
3945 0.010000
3946 0.010000
3947 0.010000
3948 0.010000
3949 0.010000
3950 0.010000
3951 0.010000
3952 0.010000
3953 0.010000
3954 0.010000
3955 0.010000
3956 0.010000
3957 0.010000
3958 0.010000
3959 0.010000
3960 0.010000
3961 0.010000
3962 0.010000
3963 0.010000
3964 0.010000
3965 0.010000
3966 0.010000
3967 0.010000
3968 0.010000
3969 0.010000
3970 0.010000
3971 0.010000
3972 0.010000
3973 0.010000
3974 0.010000
3975 0.010000
3976 0.010000
3977 0.010000
3978 0.010000
3979 0.010000
3980 0.010000
3981 0.010000
3982 0.010000
3983 0.010000
3984 0.010000
3985 0.010000
3986 0.010000
3987 0.010000
3988 0.010000
3989 0.010000
3990 0.010000
3991 0.010000
3992 0.010000
3993 0.010000
3994 0.010000
3995 0.010000
3996 0.010000
3997 0.010000
3998 0.010000
3999 0.010000
4000 0.010000
4001 0.010000
4002 0.010000
4003 0.010000
4004 0.010000
4005 0.010000
4006 0.010000
4007 0.010000
4008 0.010000
4009 0.010000
4010 0.010000
4011 0.010000
4012 0.010000
4013 0.010000
4014 0.010000
4015 0.010000
4016 0.010000
4017 0.010000
4018 0.010000
4019 0.010000
4020 0.010000
4021 0.010000
4022 0.010000
4023 0.010000
4024 0.010000
4025 0.010000
4026 0.010000
4027 0.010000
4028 0.010000
4029 0.010000
4030 0.010000
4031 0.010000
4032 0.010000
4033 0.010000
4034 0.010000
4035 0.010000
4036 0.010000
4037 0.010000
4038 0.010000
4039 0.010000
4040 0.010000
4041 0.010000
4042 0.010000
4043 0.010000
4044 0.010000
4045 0.010000
4046 0.010000
4047 0.010000
4048 0.010000
4049 0.010000
4050 0.010000
4051 0.010000
4052 0.010000
4053 0.010000
4054 0.010000
4055 0.010000
4056 0.010000
4057 0.010000
4058 0.010000
4059 0.010000
4060 0.010000
4061 0.010000
4062 0.010000
4063 0.010000
4064 0.010000
4065 0.010000
4066 0.010000
4067 0.010000
4068 0.010000
4069 0.010000
4070 0.010000
4071 0.010000
4072 0.010000
4073 0.010000
4074 0.010000
4075 0.010000
4076 0.010000
4077 0.010000
4078 0.010000
4079 0.010000
4080 0.010000
4081 0.010000
4082 0.010000
4083 0.010000
4084 0.010000
4085 0.010000
4086 0.010000
4087 0.010000
4088 0.010000
4089 0.010000
4090 0.010000
4091 0.010000
4092 0.010000
4093 0.010000
4094 0.010000
4095 0.010000
4096 0.010000
4097 0.010000
4098 0.010000
4099 0.010000
4100 0.010000
4101 0.010000
4102 0.010000
4103 0.010000
4104 0.010000
4105 0.010000
4106 0.010000
4107 0.010000
4108 0.010000
4109 0.010000
4110 0.010000
4111 0.010000
4112 0.010000
4113 0.010000
4114 0.010000
4115 0.010000
4116 0.010000
4117 0.010000
4118 0.010000
4119 0.010000
4120 0.010000
4121 0.010000
4122 0.010000
4123 0.010000
4124 0.010000
4125 0.010000
4126 0.010000
4127 0.010000
4128 0.010000
4129 0.010000
4130 0.010000
4131 0.010000
4132 0.010000
4133 0.010000
4134 0.010000
4135 0.010000
4136 0.010000
4137 0.010000
4138 0.010000
4139 0.010000
4140 0.010000
4141 0.010000
4142 0.010000
4143 0.010000
4144 0.010000
4145 0.010000
4146 0.010000
4147 0.010000
4148 0.010000
4149 0.010000
4150 0.010000
4151 0.010000
4152 0.010000
4153 0.010000
4154 0.010000
4155 0.010000
4156 0.010000
4157 0.010000
4158 0.010000
4159 0.010000
4160 0.010000
4161 0.010000
4162 0.010000
4163 0.010000
4164 0.010000
4165 0.010000
4166 0.010000
4167 0.010000
4168 0.010000
4169 0.010000
4170 0.010000
4171 0.010000
4172 0.010000
4173 0.010000
4174 0.010000
4175 0.010000
4176 0.010000
4177 0.010000
4178 0.010000
4179 0.010000
4180 0.010000
4181 0.010000
4182 0.010000
4183 0.010000
4184 0.010000
4185 0.010000
4186 0.010000
4187 0.010000
4188 0.010000
4189 0.010000
4190 0.010000
4191 0.010000
4192 0.010000
4193 0.010000
4194 0.010000
4195 0.010000
4196 0.010000
4197 0.010000
4198 0.010000
4199 0.010000
4200 0.010000
4201 0.010000
4202 0.010000
4203 0.010000
4204 0.010000
4205 0.010000
4206 0.010000
4207 0.010000
4208 0.010000
4209 0.010000
4210 0.010000
4211 0.010000
4212 0.010000
4213 0.010000
4214 0.010000
4215 0.010000
4216 0.010000
4217 0.010000
4218 0.010000
4219 0.010000
4220 0.010000
4221 0.010000
4222 0.010000
4223 0.010000
4224 0.010000
4225 0.010000
4226 0.010000
4227 0.010000
4228 0.010000
4229 0.010000
4230 0.010000
4231 0.010000
4232 0.010000
4233 0.010000
4234 0.010000
4235 0.010000
4236 0.010000
4237 0.010000
4238 0.010000
4239 0.010000
4240 0.010000
4241 0.010000
4242 0.010000
4243 0.010000
4244 0.010000
4245 0.010000
4246 0.010000
4247 0.010000
4248 0.010000
4249 0.010000
4250 0.010000
4251 0.010000
4252 0.010000
4253 0.010000
4254 0.010000
4255 0.010000
4256 0.010000
4257 0.010000
4258 0.010000
4259 0.010000
4260 0.010000
4261 0.010000
4262 0.010000
4263 0.010000
4264 0.010000
4265 0.010000
4266 0.010000
4267 0.010000
4268 0.010000
4269 0.010000
4270 0.010000
4271 0.010000
4272 0.010000
4273 0.010000
4274 0.010000
4275 0.010000
4276 0.010000
4277 0.010000
4278 0.010000
4279 0.010000
4280 0.010000
4281 0.010000
4282 0.010000
4283 0.010000
4284 0.010000
4285 0.010000
4286 0.010000
4287 0.010000
4288 0.010000
4289 0.010000
4290 0.010000
4291 0.010000
4292 0.010000
4293 0.010000
4294 0.010000
4295 0.010000
4296 0.010000
4297 0.010000
4298 0.010000
4299 0.010000
4300 0.010000
4301 0.010000
4302 0.010000
4303 0.010000
4304 0.010000
4305 0.010000
4306 0.010000
4307 0.010000
4308 0.010000
4309 0.010000
4310 0.010000
4311 0.010000
4312 0.010000
4313 0.010000
4314 0.010000
4315 0.010000
4316 0.010000
4317 0.010000
4318 0.010000
4319 0.010000
4320 0.010000
4321 0.010000
4322 0.010000
4323 0.010000
4324 0.010000
4325 0.010000
4326 0.010000
4327 0.010000
4328 0.010000
4329 0.010000
4330 0.010000
4331 0.010000
4332 0.010000
4333 0.010000
4334 0.010000
4335 0.010000
4336 0.010000
4337 0.010000
4338 0.010000
4339 0.010000
4340 0.010000
4341 0.010000
4342 0.010000
4343 0.010000
4344 0.010000
4345 0.010000
4346 0.010000
4347 0.010000
4348 0.010000
4349 0.010000
4350 0.010000
4351 0.010000
4352 0.010000
4353 0.010000
4354 0.010000
4355 0.010000
4356 0.010000
4357 0.010000
4358 0.010000
4359 0.010000
4360 0.010000
4361 0.010000
4362 0.010000
4363 0.010000
4364 0.010000
4365 0.010000
4366 0.010000
4367 0.010000
4368 0.010000
4369 0.010000
4370 0.010000
4371 0.010000
4372 0.010000
4373 0.010000
4374 0.010000
4375 0.010000
4376 0.010000
4377 0.010000
4378 0.010000
4379 0.010000
4380 0.010000
4381 0.010000
4382 0.010000
4383 0.010000
4384 0.010000
4385 0.010000
4386 0.010000
4387 0.010000
4388 0.010000
4389 0.010000
4390 0.010000
4391 0.010000
4392 0.010000
4393 0.010000
4394 0.010000
4395 0.010000
4396 0.010000
4397 0.010000
4398 0.010000
4399 0.010000
4400 0.010000
4401 0.010000
4402 0.010000
4403 0.010000
4404 0.010000
4405 0.010000
4406 0.010000
4407 0.010000
4408 0.010000
4409 0.010000
4410 0.010000
4411 0.010000
4412 0.010000
4413 0.010000
4414 0.010000
4415 0.010000
4416 0.010000
4417 0.010000
4418 0.010000
4419 0.010000
4420 0.010000
4421 0.010000
4422 0.010000
4423 0.010000
4424 0.010000
4425 0.010000
4426 0.010000
4427 0.010000
4428 0.010000
4429 0.010000
4430 0.010000
4431 0.010000
4432 0.010000
4433 0.010000
4434 0.010000
4435 0.010000
4436 0.010000
4437 0.010000
4438 0.010000
4439 0.010000
4440 0.010000
4441 0.010000
4442 0.010000
4443 0.010000
4444 0.010000
4445 0.010000
4446 0.010000
4447 0.010000
4448 0.010000
4449 0.010000
4450 0.010000
4451 0.010000
4452 0.010000
4453 0.010000
4454 0.010000
4455 0.010000
4456 0.010000
4457 0.010000
4458 0.010000
4459 0.010000
4460 0.010000
4461 0.010000
4462 0.010000
4463 0.010000
4464 0.010000
4465 0.010000
4466 0.010000
4467 0.010000
4468 0.010000
4469 0.010000
4470 0.010000
4471 0.010000
4472 0.010000
4473 0.010000
4474 0.010000
4475 0.010000
4476 0.010000
4477 0.010000
4478 0.010000
4479 0.010000
4480 0.010000
4481 0.010000
4482 0.010000
4483 0.010000
4484 0.010000
4485 0.010000
4486 0.010000
4487 0.010000
4488 0.010000
4489 0.010000
4490 0.010000
4491 0.010000
4492 0.010000
4493 0.010000
4494 0.010000
4495 0.010000
4496 0.010000
4497 0.010000
4498 0.010000
4499 0.010000
4500 0.010000
4501 0.010000
4502 0.010000
4503 0.010000
4504 0.010000
4505 0.010000
4506 0.010000
4507 0.010000
4508 0.010000
4509 0.010000
4510 0.010000
4511 0.010000
4512 0.010000
4513 0.010000
4514 0.010000
4515 0.010000
4516 0.010000
4517 0.010000
4518 0.010000
4519 0.010000
4520 0.010000
4521 0.010000
4522 0.010000
4523 0.010000
4524 0.010000
4525 0.010000
4526 0.010000
4527 0.010000
4528 0.010000
4529 0.010000
4530 0.010000
condensed_nodes
151
4531 4832
4532 4831
4533 4830
4534 4829
4535 4828
4536 4827
4537 4826
4538 4825
4539 4824
4540 4823
4541 4822
4542 4821
4543 4820
4544 4819
4545 4818
4546 4817
4547 4816
4548 4815
4549 4814
4550 4813
4551 4812
4552 4811
4553 4810
4554 4809
4555 4808
4556 4807
4557 4806
4558 4805
4559 4804
4560 4803
4561 4802
4562 4801
4563 4800
4564 4799
4565 4798
4566 4797
4567 4796
4568 4795
4569 4794
4570 4793
4571 4792
4572 4791
4573 4790
4574 4789
4575 4788
4576 4787
4577 4786
4578 4785
4579 4784
4580 4783
4581 4782
4582 4781
4583 4780
4584 4779
4585 4778
4586 4777
4587 4776
4588 4775
4589 4774
4590 4773
4591 4772
4592 4771
4593 4770
4594 4769
4595 4768
4596 4767
4597 4766
4598 4765
4599 4764
4600 4763
4601 4762
4602 4761
4603 4760
4604 4759
4605 4758
4606 4757
4607 4756
4608 4755
4609 4754
4610 4753
4611 4752
4612 4751
4613 4750
4614 4749
4615 4748
4616 4747
4617 4746
4618 4745
4619 4744
4620 4743
4621 4742
4622 4741
4623 4740
4624 4739
4625 4738
4626 4737
4627 4736
4628 4735
4629 4734
4630 4733
4631 4732
4632 4731
4633 4730
4634 4729
4635 4728
4636 4727
4637 4726
4638 4725
4639 4724
4640 4723
4641 4722
4642 4721
4643 4720
4644 4719
4645 4718
4646 4717
4647 4716
4648 4715
4649 4714
4650 4713
4651 4712
4652 4711
4653 4710
4654 4709
4655 4708
4656 4707
4657 4706
4658 4705
4659 4704
4660 4703
4661 4702
4662 4701
4663 4700
4664 4699
4665 4698
4666 4697
4667 4696
4668 4695
4669 4694
4670 4693
4671 4692
4672 4691
4673 4690
4674 4689
4675 4688
4676 4687
4677 4686
4678 4685
4679 4684
4680 4683
4681 4682
advection_state
160
1 0.000000
2 0.000000
3 0.000000
4 0.000000
5 0.000000
6 0.000000
7 0.000000
8 0.000000
9 0.000000
10 0.000000
11 0.000000
12 0.000000
13 0.000000
14 0.000000
15 0.000000
16 0.000000
17 0.000000
18 0.000000
19 0.000000
20 0.000000
21 0.000000
22 0.000000
23 0.000000
24 0.000000
25 0.000000
26 0.000000
27 0.000000
28 0.000000
29 0.000000
30 0.000000
31 0.000000
32 0.000000
33 0.000000
34 0.000000
35 0.000000
36 0.000000
37 0.000000
38 0.000000
39 0.000000
40 0.000000
41 0.000000
42 0.000000
43 0.000000
44 0.000000
45 0.000000
46 0.000000
47 0.000000
48 0.000000
49 0.000000
50 0.000000
51 0.000000
52 0.000000
53 0.000000
54 0.000000
55 0.000000
56 0.000000
57 0.000000
58 0.000000
59 0.000000
60 0.000000
61 0.000000
62 0.000000
63 0.000000
64 0.000000
65 0.000000
66 0.000000
67 0.000000
68 0.000000
69 0.000000
70 0.000000
71 0.000000
72 0.000000
73 0.000000
74 0.000000
75 0.000000
76 0.000000
77 0.000000
78 0.000000
79 0.000000
80 0.000000
81 0.000000
82 0.000000
83 0.000000
84 0.000000
85 0.000000
86 0.000000
87 0.000000
88 0.000000
89 0.000000
90 0.000000
91 0.000000
92 0.000000
93 0.000000
94 0.000000
95 0.000000
96 0.000000
97 0.000000
98 0.000000
99 0.000000
100 0.000000
101 0.000000
102 0.000000
103 0.000000
104 0.000000
105 0.000000
106 0.000000
107 0.000000
108 0.000000
109 0.000000
110 0.000000
111 0.000000
112 0.000000
113 0.000000
114 0.000000
115 0.000000
116 0.000000
117 0.000000
118 0.000000
119 0.000000
120 0.000000
121 0.000000
122 0.000000
123 0.000000
124 0.000000
125 0.000000
126 0.000000
127 0.000000
128 0.000000
129 0.000000
130 0.000000
131 0.000000
132 0.000000
133 0.000000
134 0.000000
135 0.000000
136 0.000000
137 0.000000
138 0.000000
139 0.000000
140 0.000000
4229 0.000000
4230 0.000000
4231 0.000000
4232 0.000000
4233 0.000000
4234 0.000000
4235 0.000000
4236 0.000000
4237 0.000000
4238 0.000000
4531 0.000000
4532 0.000000
4533 0.000000
4534 0.000000
4535 0.000000
4828 0.000000
4829 0.000000
4830 0.000000
4831 0.000000
4832 0.000000
