  QUARTER ANNULAR TEST V20051108    ADCIRC V45.07             Quarter Annular Grid - 
          2         63  0.1000000E+001        1     1 FileFmtVersion:    1050624
     4.3200000000E+005           3600
         1     0.0000000000E+000
         2     2.4628221830E-001
         3     2.9705796809E-001
         4     2.9029421865E-001
         5     2.7319295815E-001
         6     2.4023425062E-001
         7     2.1196161500E-001
         8     1.2190254186E-006
         9     2.4046311228E-001
        10     2.9282285864E-001
        11     2.9258591483E-001
        12     2.7290437376E-001
        13     2.4379700026E-001
        14     2.1615736118E-001
        15     4.1846829256E-006
        16     2.4628322972E-001
        17     2.9705818602E-001
        18     2.9029411555E-001
        19     2.7319258907E-001
        20     2.4023408726E-001
        21     2.1196074894E-001
        22     4.1052008983E-006
        23     2.4046482965E-001
        24     2.9282261094E-001
        25     2.9258568676E-001
        26     2.7290475839E-001
        27     2.4379749293E-001
        28     2.1615748200E-001
        29     3.4065632259E-016
        30     2.4628447281E-001
        31     2.9705827076E-001
        32     2.9029413145E-001
        33     2.7319331159E-001
        34     2.4023466370E-001
        35     2.1196184649E-001
        36     4.1052008984E-006
        37     2.4046482965E-001
        38     2.9282261094E-001
        39     2.9258568676E-001
        40     2.7290475839E-001
        41     2.4379749293E-001
        42     2.1615748200E-001
        43     4.1846829256E-006
        44     2.4628322972E-001
        45     2.9705818602E-001
        46     2.9029411555E-001
        47     2.7319258907E-001
        48     2.4023408726E-001
        49     2.1196074894E-001
        50     1.2190254187E-006
        51     2.4046311228E-001
        52     2.9282285864E-001
        53     2.9258591483E-001
        54     2.7290437376E-001
        55     2.4379700026E-001
        56     2.1615736118E-001
        57     0.0000000000E+000
        58     2.4628221830E-001
        59     2.9705796809E-001
        60     2.9029421865E-001
        61     2.7319295815E-001
        62     2.4023425062E-001
        63     2.1196161500E-001
     4.3200000000E+005           3600
         1     1.2000000000E+002
         2     3.9336000000E+005
         3     3.9360000000E+005
         4     4.1508000000E+005
         5     4.1460000000E+005
         6     4.1436000000E+005
         7     4.1412000000E+005
         8     4.2972000000E+005
         9     3.9312000000E+005
        10     3.9348000000E+005
        11     4.1508000000E+005
        12     4.1460000000E+005
        13     4.1436000000E+005
        14     4.1412000000E+005
        15     3.9768000000E+005
        16     3.9336000000E+005
        17     3.9360000000E+005
        18     4.1508000000E+005
        19     4.1460000000E+005
        20     4.1436000000E+005
        21     4.1412000000E+005
        22     3.9744000000E+005
        23     3.9312000000E+005
        24     3.9348000000E+005
        25     4.1508000000E+005
        26     4.1460000000E+005
        27     4.1436000000E+005
        28     4.1412000000E+005
        29     1.5276000000E+005
        30     3.9336000000E+005
        31     3.9360000000E+005
        32     4.1508000000E+005
        33     4.1460000000E+005
        34     4.1436000000E+005
        35     4.1412000000E+005
        36     3.9744000000E+005
        37     3.9312000000E+005
        38     3.9348000000E+005
        39     4.1508000000E+005
        40     4.1460000000E+005
        41     4.1436000000E+005
        42     4.1412000000E+005
        43     3.9768000000E+005
        44     3.9336000000E+005
        45     3.9360000000E+005
        46     4.1508000000E+005
        47     4.1460000000E+005
        48     4.1436000000E+005
        49     4.1412000000E+005
        50     4.2972000000E+005
        51     3.9312000000E+005
        52     3.9348000000E+005
        53     4.1508000000E+005
        54     4.1460000000E+005
        55     4.1436000000E+005
        56     4.1412000000E+005
        57     1.2000000000E+002
        58     3.9336000000E+005
        59     3.9360000000E+005
        60     4.1508000000E+005
        61     4.1460000000E+005
        62     4.1436000000E+005
        63     4.1412000000E+005
