  QUARTER ANNULAR TEST V20051108    ADCIRC V45.07             Quarter Annular Grid - 
          2         63  0.1000000E+001        1     1 FileFmtVersion:    1050624
     4.3200000000E+005           3600
         1     6.4617440837E-001
         2     6.0401560791E-001
         3     5.2820101968E-001
         4     4.5957841527E-001
         5     3.9923074901E-001
         6     3.4665337732E-001
         7     3.0473810494E-001
         8     6.5542202819E-001
         9     6.0489000399E-001
        10     5.3275581423E-001
        11     4.6241654362E-001
        12     4.0082645947E-001
        13     3.4834669498E-001
        14     3.0473810494E-001
        15     6.4617470246E-001
        16     6.0401522193E-001
        17     5.2820070275E-001
        18     4.5957836107E-001
        19     3.9923050848E-001
        20     3.4665303343E-001
        21     3.0473810494E-001
        22     6.5542314228E-001
        23     6.0488920136E-001
        24     5.3275615708E-001
        25     4.6241680116E-001
        26     4.0082624216E-001
        27     3.4834625291E-001
        28     3.0473810494E-001
        29     6.4617690708E-001
        30     6.0401499844E-001
        31     5.2820104245E-001
        32     4.5957914398E-001
        33     3.9923035794E-001
        34     3.4665343072E-001
        35     3.0473810494E-001
        36     6.5542314228E-001
        37     6.0488920136E-001
        38     5.3275615708E-001
        39     4.6241680116E-001
        40     4.0082624216E-001
        41     3.4834625291E-001
        42     3.0473810494E-001
        43     6.4617470246E-001
        44     6.0401522193E-001
        45     5.2820070275E-001
        46     4.5957836107E-001
        47     3.9923050848E-001
        48     3.4665303343E-001
        49     3.0473810494E-001
        50     6.5542202819E-001
        51     6.0489000399E-001
        52     5.3275581423E-001
        53     4.6241654362E-001
        54     4.0082645947E-001
        55     3.4834669498E-001
        56     3.0473810494E-001
        57     6.4617440837E-001
        58     6.0401560791E-001
        59     5.2820101968E-001
        60     4.5957841527E-001
        61     3.9923074901E-001
        62     3.4665337732E-001
        63     3.0473810494E-001
     4.3200000000E+005           3600
         1     4.0560000000E+005
         2     4.0512000000E+005
         3     4.0476000000E+005
         4     4.0404000000E+005
         5     4.0344000000E+005
         6     4.0284000000E+005
         7     4.0236000000E+005
         8     4.0536000000E+005
         9     4.0512000000E+005
        10     4.0476000000E+005
        11     4.0404000000E+005
        12     4.0344000000E+005
        13     4.0284000000E+005
        14     4.0236000000E+005
        15     4.0560000000E+005
        16     4.0512000000E+005
        17     4.0476000000E+005
        18     4.0404000000E+005
        19     4.0344000000E+005
        20     4.0284000000E+005
        21     4.0236000000E+005
        22     4.0536000000E+005
        23     4.0512000000E+005
        24     4.0476000000E+005
        25     4.0404000000E+005
        26     4.0344000000E+005
        27     4.0284000000E+005
        28     4.0236000000E+005
        29     4.0560000000E+005
        30     4.0512000000E+005
        31     4.0476000000E+005
        32     4.0404000000E+005
        33     4.0344000000E+005
        34     4.0284000000E+005
        35     4.0236000000E+005
        36     4.0536000000E+005
        37     4.0512000000E+005
        38     4.0476000000E+005
        39     4.0404000000E+005
        40     4.0344000000E+005
        41     4.0284000000E+005
        42     4.0236000000E+005
        43     4.0560000000E+005
        44     4.0512000000E+005
        45     4.0476000000E+005
        46     4.0404000000E+005
        47     4.0344000000E+005
        48     4.0284000000E+005
        49     4.0236000000E+005
        50     4.0536000000E+005
        51     4.0512000000E+005
        52     4.0476000000E+005
        53     4.0404000000E+005
        54     4.0344000000E+005
        55     4.0284000000E+005
        56     4.0236000000E+005
        57     4.0560000000E+005
        58     4.0512000000E+005
        59     4.0476000000E+005
        60     4.0404000000E+005
        61     4.0344000000E+005
        62     4.0284000000E+005
        63     4.0236000000E+005
