           1
     0.1405257000E-03  1.0000000   0.00000000  M2       
          63
           1
   6.16410235E-001     27.0148
           2
   5.82162205E-001     21.6739
           3
   5.17651353E-001     16.4412
           4
   4.57016189E-001     10.6576
           5
   3.99641409E-001      6.7659
           6
   3.47450379E-001      2.5929
           7
   3.04715709E-001      0.0011
           8
   6.26033021E-001     25.2610
           9
   5.83342227E-001     21.1178
          10
   5.22203274E-001     16.3998
          11
   4.59571478E-001     10.8698
          12
   4.01618414E-001      6.8380
          13
   3.49145699E-001      2.7216
          14
   3.04715709E-001      0.0011
          15
   6.16410481E-001     27.0149
          16
   5.82161937E-001     21.6738
          17
   5.17651099E-001     16.4411
          18
   4.57016147E-001     10.6576
          19
   3.99641172E-001      6.7659
          20
   3.47450027E-001      2.5929
          21
   3.04715709E-001      0.0011
          22
   6.26034116E-001     25.2611
          23
   5.83341582E-001     21.1178
          24
   5.22203560E-001     16.3998
          25
   4.59571702E-001     10.8698
          26
   4.01618177E-001      6.8380
          27
   3.49145240E-001      2.7215
          28
   3.04715709E-001      0.0011
    47445872
   6.16412666E-001     27.0150
           0
   5.82161825E-001     21.6738
    47491024
   5.17651337E-001     16.4412
           0
   4.57016855E-001     10.6577
    47491024
   3.99641007E-001      6.7659
           0
   3.47450416E-001      2.5929
          65
   3.04715709E-001      0.0011
           0
   6.26034116E-001     25.2611
  2099390728
   5.83341582E-001     21.1178
       32572
   5.22203560E-001     16.3998
    47492720
   4.59571702E-001     10.8698
           0
   4.01618177E-001      6.8380
    47547776
   3.49145240E-001      2.7215
           0
   3.04715709E-001      0.0011
    47547888
   6.16410481E-001     27.0149
           0
   5.82161937E-001     21.6738
    47569952
   5.17651099E-001     16.4411
           0
   4.57016147E-001     10.6576
    47594928
   3.99641172E-001      6.7659
           0
   3.47450027E-001      2.5929
    47595040
   3.04715709E-001      0.0011
           0
   6.26033021E-001     25.2610
          33
   5.83342227E-001     21.1178
           0
   5.22203274E-001     16.3998
    47578752
   4.59571478E-001     10.8698
           0
   4.01618414E-001      6.8380
    47494864
   3.49145699E-001      2.7216
           0
   3.04715709E-001      0.0011
          32
   6.16410235E-001     27.0148
           0
   5.82162205E-001     21.6739
         256
   5.17651353E-001     16.4412
           0
   4.57016189E-001     10.6576
           4
   3.99641409E-001      6.7659
          -1
   3.47450379E-001      2.5929
           0
   3.04715709E-001      0.0011
