AL, 09, 2011082512,   , BEST,   0, 254N,  766W,  90,  950,   ,  34, NEQ,  250,  200,  100,  160, 1013,     ,  30,     ,    ,    ,    ,    ,334,  12,     IRENE  ,   1,    3, 1, 1, 1, 1,     50.0,   34.9,   15.4,   29.7,    1.1093,   1.2496,   1.2067,   1.1517,   1.1921,  91.9108,  91.9108,  91.9108,  91.9108
AL, 09, 2011082512,   , BEST,   0, 254N,  766W,  90,  950,   ,  50, NEQ,  100,  100,   50,   70, 1013,     ,  30,     ,    ,    ,    ,    ,334,  12,     IRENE  ,   1,    3, 1, 1, 1, 1,     23.8,   23.9,   13.0,   19.2,    1.1093,   1.1754,   1.1757,   1.1450,   1.1624,  91.9108,  91.9108,  91.9108,  91.9108
AL, 09, 2011082512,   , BEST,   0, 254N,  766W,  90,  950,   ,  64, NEQ,   60,   60,   25,   50, 1013,     ,  30,     ,    ,    ,    ,    ,334,  12,     IRENE  ,   1,    3, 1, 1, 1, 1,     20.6,   20.7,   10.6,   22.4,    1.1093,   1.1663,   1.1666,   1.1384,   1.1712,  91.9108,  91.9108,  91.9108,  91.9108
AL, 09, 2011082518,   , BEST,   6, 265N,  772W,  90,  950,   ,  34, NEQ,  250,  200,  125,  160, 1013,     ,  30,     ,    ,    ,    ,    ,334,  12,     IRENE  ,   2,    3, 1, 1, 1, 1,     51.2,   35.7,   21.3,   30.3,    1.1093,   1.2590,   1.2129,   1.1706,   1.1971,  91.9108,  91.9108,  91.9108,  91.9108
AL, 09, 2011082518,   , BEST,   6, 265N,  772W,  90,  950,   ,  50, NEQ,  110,  100,   50,   75, 1013,     ,  30,     ,    ,    ,    ,    ,334,  12,     IRENE  ,   2,    3, 1, 1, 1, 1,     27.4,   24.2,   13.1,   21.1,    1.1093,   1.1884,   1.1792,   1.1467,   1.1700,  91.9108,  91.9108,  91.9108,  91.9108
AL, 09, 2011082518,   , BEST,   6, 265N,  772W,  90,  950,   ,  64, NEQ,   70,   60,   25,   50, 1013,     ,  30,     ,    ,    ,    ,    ,334,  12,     IRENE  ,   2,    3, 1, 1, 1, 1,     24.9,   20.9,   10.6,   22.5,    1.1093,   1.1811,   1.1693,   1.1397,   1.1740,  91.9108,  91.9108,  91.9108,  91.9108
AL, 09, 2011082600,   , BEST,  12, 277N,  773W,  90,  946,   ,  34, NEQ,  250,  200,  125,  160, 1013,     ,  30,     ,    ,    ,    ,    ,356,  12,     IRENE  ,   3,    3, 1, 1, 1, 1,     49.0,   31.9,   18.4,   28.7,    1.0452,   1.1864,   1.1363,   1.0972,   1.1270,  92.0021,  92.0021,  92.0021,  92.0021
AL, 09, 2011082600,   , BEST,  12, 277N,  773W,  90,  946,   ,  50, NEQ,  110,  100,   50,   75, 1013,     ,  30,     ,    ,    ,    ,    ,356,  12,     IRENE  ,   3,    3, 1, 1, 1, 1,     26.6,   21.8,   11.3,   20.5,    1.0452,   1.1209,   1.1069,   1.0770,   1.1033,  92.0021,  92.0021,  92.0021,  92.0021
AL, 09, 2011082600,   , BEST,  12, 277N,  773W,  90,  946,   ,  64, NEQ,   70,   60,   25,   50, 1013,     ,  30,     ,    ,    ,    ,    ,356,  12,     IRENE  ,   3,    3, 1, 1, 1, 1,     24.9,   18.9,    9.3,   22.7,    1.0452,   1.1158,   1.0987,   1.0712,   1.1095,  92.0021,  92.0021,  92.0021,  92.0021
AL, 09, 2011082606,   , BEST,  18, 288N,  773W,  90,  942,   ,  34, NEQ,  250,  200,  130,  175, 1013,     ,  10,     ,    ,    ,    ,    ,  0,  11,     IRENE  ,   4,    3, 1, 1, 1, 1,     46.2,   29.5,   17.6,   30.4,    0.9957,   1.1268,   1.0787,   1.0447,   1.0812,  92.4418,  92.4418,  92.4418,  92.4418
AL, 09, 2011082606,   , BEST,  18, 288N,  773W,  90,  942,   ,  50, NEQ,  125,  105,   75,   75, 1013,     ,  10,     ,    ,    ,    ,    ,  0,  11,     IRENE  ,   4,    3, 1, 1, 1, 1,     30.1,   21.7,   17.0,   19.1,    0.9957,   1.0803,   1.0564,   1.0431,   1.0489,  92.4418,  92.4418,  92.4418,  92.4418
AL, 09, 2011082606,   , BEST,  18, 288N,  773W,  90,  942,   ,  64, NEQ,   80,   80,   50,   50, 1013,     ,  10,     ,    ,    ,    ,    ,  0,  11,     IRENE  ,   4,    3, 1, 1, 1, 1,     28.2,   25.5,   18.6,   21.5,    0.9957,   1.0749,   1.0670,   1.0474,   1.0557,  92.4418,  92.4418,  92.4418,  92.4418
AL, 09, 2011082612,   , BEST,  24, 300N,  774W,  85,  947,   ,  34, NEQ,  250,  200,  130,  175, 1013,     ,  40,     ,    ,    ,    ,    ,356,  12,     IRENE  ,   5,    3, 1, 1, 1, 1,     48.7,   30.9,   18.9,   33.0,    0.9368,   1.0824,   1.0280,   0.9918,   1.0343,  86.4471,  86.4471,  86.4471,  86.4471
AL, 09, 2011082612,   , BEST,  24, 300N,  774W,  85,  947,   ,  50, NEQ,  125,  105,   75,   75, 1013,     ,  40,     ,    ,    ,    ,    ,356,  12,     IRENE  ,   5,    3, 1, 1, 1, 1,     32.3,   23.2,   19.1,   21.5,    0.9368,   1.0322,   1.0048,   0.9924,   0.9998,  86.4471,  86.4471,  86.4471,  86.4471
AL, 09, 2011082612,   , BEST,  24, 300N,  774W,  85,  947,   ,  64, NEQ,   80,   80,   50,   50, 1013,     ,  40,     ,    ,    ,    ,    ,356,  12,     IRENE  ,   5,    3, 1, 1, 1, 1,     31.4,   28.2,   22.2,   26.4,    0.9368,   1.0294,   1.0199,   1.0019,   1.0144,  86.4471,  86.4471,  86.4471,  86.4471
AL, 09, 2011082618,   , BEST,  30, 311N,  775W,  80,  950,   ,  34, NEQ,  250,  225,  140,  175, 1013,     ,  40,     ,    ,    ,    ,    ,356,  11,     IRENE  ,   6,    3, 1, 1, 1, 1,     50.6,   38.9,   21.7,   34.4,    0.8683,   1.0241,   0.9871,   0.9336,   0.9730,  81.3161,  81.3161,  81.3161,  81.3161
AL, 09, 2011082618,   , BEST,  30, 311N,  775W,  80,  950,   ,  50, NEQ,  125,  125,   80,   75, 1013,     ,  40,     ,    ,    ,    ,    ,356,  11,     IRENE  ,   6,    3, 1, 1, 1, 1,     34.6,   31.6,   22.4,   23.6,    0.8683,   0.9736,   0.9643,   0.9358,   0.9393,  81.3161,  81.3161,  81.3161,  81.3161
AL, 09, 2011082618,   , BEST,  30, 311N,  775W,  80,  950,   ,  64, NEQ,   80,   80,   50,   50, 1013,     ,  40,     ,    ,    ,    ,    ,356,  11,     IRENE  ,   6,    3, 1, 1, 1, 1,     35.6,   31.6,   26.5,   33.0,    0.8683,   0.9767,   0.9642,   0.9482,   0.9687,  81.3161,  81.3161,  81.3161,  81.3161
AL, 09, 2011082700,   , BEST,  36, 321N,  771W,  75,  952,   ,  34, NEQ,  225,  225,  140,  140, 1013,     ,  60,     ,    ,    ,    ,    , 19,  11,     IRENE  ,   7,    3, 1, 1, 1, 1,     45.5,   38.7,   20.2,   25.3,    0.7826,   0.9234,   0.9016,   0.8434,   0.8593,  75.9651,  75.9651,  75.9651,  75.9651
AL, 09, 2011082700,   , BEST,  36, 321N,  771W,  75,  952,   ,  50, NEQ,  125,  125,   90,   75, 1013,     ,  60,     ,    ,    ,    ,    , 19,  11,     IRENE  ,   7,    3, 1, 1, 1, 1,     40.8,   32.9,   26.0,   27.6,    0.7826,   0.9085,   0.8834,   0.8614,   0.8665,  75.9651,  75.9651,  75.9651,  75.9651
AL, 09, 2011082700,   , BEST,  36, 321N,  771W,  75,  952,   ,  64, NEQ,   80,   80,   40,   40, 1013,     ,  60,     ,    ,    ,    ,    , 19,  11,     IRENE  ,   7,    3, 1, 1, 1, 1,     48.5,   35.4,   22.4,   40.0,    0.7826,   0.9332,   0.8912,   0.8501,   0.9543,  75.9651,  75.9651,  75.9651,  78.1576
AL, 09, 2011082706,   , BEST,  42, 334N,  768W,  75,  952,   ,  34, NEQ,  225,  225,  140,  140, 1013,     ,  60,     ,    ,    ,    ,    , 11,  13,     IRENE  ,   8,    3, 1, 1, 1, 1,     45.0,   38.3,   21.1,   26.7,    0.7596,   0.9024,   0.8807,   0.8246,   0.8428,  74.8379,  74.8379,  74.8379,  74.8379
AL, 09, 2011082706,   , BEST,  42, 334N,  768W,  75,  952,   ,  50, NEQ,  125,  125,   90,   75, 1013,     ,  60,     ,    ,    ,    ,    , 11,  13,     IRENE  ,   8,    3, 1, 1, 1, 1,     40.3,   32.6,   27.8,   30.2,    0.7596,   0.8869,   0.8620,   0.8463,   0.8539,  74.8379,  74.8379,  74.8379,  74.8379
AL, 09, 2011082706,   , BEST,  42, 334N,  768W,  75,  952,   ,  64, NEQ,   80,   80,   40,   40, 1013,     ,  60,     ,    ,    ,    ,    , 11,  13,     IRENE  ,   8,    3, 1, 1, 1, 1,     48.0,   35.2,   26.0,   40.0,    0.7596,   0.9122,   0.8703,   0.8406,   0.9731,  74.8379,  74.8379,  74.8379,  78.7870
AL, 09, 2011082712,   , BEST,  48, 347N,  766W,  75,  952,   ,  34, NEQ,  225,  225,  150,  125, 1013,     ,  45,     ,    ,    ,    ,    ,  7,  13,     IRENE  ,   9,    3, 1, 1, 1, 1,     45.6,   39.6,   24.7,   22.5,    0.7607,   0.9108,   0.8904,   0.8401,   0.8330,  74.8935,  74.8935,  74.8935,  74.8935
AL, 09, 2011082712,   , BEST,  48, 347N,  766W,  75,  952,   ,  50, NEQ,  125,  125,   90,   60, 1013,     ,  45,     ,    ,    ,    ,    ,  7,  13,     IRENE  ,   9,    3, 1, 1, 1, 1,     40.2,   33.3,   28.7,   22.7,    0.7607,   0.8923,   0.8692,   0.8537,   0.8335,  74.8935,  74.8935,  74.8935,  74.8935
AL, 09, 2011082712,   , BEST,  48, 347N,  766W,  75,  952,   ,  64, NEQ,   80,   80,   40,   35, 1013,     ,  45,     ,    ,    ,    ,    ,  7,  13,     IRENE  ,   9,    3, 1, 1, 1, 1,     46.8,   35.7,   27.2,   35.0,    0.7607,   0.9150,   0.8770,   0.8487,   0.9532,  74.8935,  74.8935,  74.8935,  78.4726
AL, 09, 2011082718,   , BEST,  54, 355N,  763W,  65,  950,   ,  34, NEQ,  210,  225,  150,  125, 1013,     ,  45,     ,    ,    ,    ,    , 17,   8,     IRENE  ,  10,    3, 1, 1, 1, 1,     40.7,   37.9,   21.9,   21.0,    0.5696,   0.6925,   0.6837,   0.6333,   0.6308,  65.8602,  65.8602,  65.8602,  65.8602
AL, 09, 2011082718,   , BEST,  54, 355N,  763W,  65,  950,   ,  50, NEQ,  125,  125,   80,   60, 1013,     ,  45,     ,    ,    ,    ,    , 17,   8,     IRENE  ,  10,    3, 1, 1, 1, 1,     51.3,   38.8,   28.4,   31.5,    0.5696,   0.7261,   0.6864,   0.6537,   0.6636,  65.8602,  65.8602,  65.8602,  65.8602
AL, 09, 2011082718,   , BEST,  54, 355N,  763W,  65,  950,   ,  64, NEQ,   75,   75,   35,   35, 1013,     ,  45,     ,    ,    ,    ,    , 17,   8,     IRENE  ,  10,    3, 1, 1, 1, 1,     75.0,   58.6,   35.0,   35.0,    0.5696,   0.8600,   0.7493,   0.8074,   0.8970,  68.8930,  65.8602,  72.8131,  77.1367
AL, 09, 2011082800,   , BEST,  60, 367N,  757W,  65,  951,   ,  34, NEQ,  210,  225,  150,  125, 1013,     ,  45,     ,    ,    ,    ,    , 22,  13,     IRENE  ,  11,    3, 1, 1, 1, 1,     44.0,   37.4,   22.5,   25.7,    0.5440,   0.6810,   0.6598,   0.6114,   0.6216,  63.8487,  63.8487,  63.8487,  63.8487
AL, 09, 2011082800,   , BEST,  60, 367N,  757W,  65,  951,   ,  50, NEQ,  150,  150,   80,   60, 1013,     ,  45,     ,    ,    ,    ,    , 22,  13,     IRENE  ,  11,    3, 1, 1, 1, 1,     74.5,   50.9,   30.3,   59.9,    0.5440,   0.7799,   0.7038,   0.6365,   0.7342,  63.8487,  63.8487,  63.8487,  63.9232
AL, 09, 2011082800,   , BEST,  60, 367N,  757W,  65,  951,   ,  64, NEQ,   75,   75,    0,    0, 1013,     ,  45,     ,    ,    ,    ,    , 22,  13,            ,  11,    3, 1, 1, 0, 0,     75.0,   58.5,    0.0,    0.0,    0.5440,   0.8774,   0.7283,   0.6235,   0.6235,  68.7577,  63.8487,  63.8487,  63.8487
AL, 09, 2011082806,   , BEST,  66, 381N,  750W,  65,  958,   ,  34, NEQ,  230,  280,  160,  110, 1013,     , 100,     ,    ,    ,    ,    , 22,  15,     IRENE  ,  12,    3, 1, 1, 1, 1,     62.5,   68.3,   31.7,   26.6,    0.5972,   0.8189,   0.8398,   0.7069,   0.6883,  63.0084,  63.0084,  63.0084,  63.0084
AL, 09, 2011082806,   , BEST,  66, 381N,  750W,  65,  958,   ,  50, NEQ,  150,  150,   80,   30, 1013,     , 100,     ,    ,    ,    ,    , 22,  15,     IRENE  ,  12,    3, 1, 1, 1, 1,     82.1,   56.4,   34.6,   30.0,    0.5972,   0.8890,   0.7968,   0.7174,   0.7352,  63.0084,  63.0084,  63.0084,  64.7326
AL, 09, 2011082806,   , BEST,  66, 381N,  750W,  65,  958,   ,  64, NEQ,   75,   75,    0,    0, 1013,     , 100,     ,    ,    ,    ,    , 22,  15,            ,  12,    3, 1, 1, 0, 0,     75.0,   59.6,    0.0,    0.0,    0.5972,   0.9835,   0.8082,   0.6894,   0.6894,  68.4183,  63.0084,  63.0084,  63.0084
AL, 09, 2011082812,   , BEST,  72, 403N,  741W,  55,  963,   ,  34, NEQ,  230,  280,  130,   50, 1013,     , 100,     ,    ,    ,    ,    , 18,  23,     IRENE  ,  13,    2, 1, 1, 1, 1,     88.8,   80.2,   36.8,   50.0,    0.3982,   0.7147,   0.6857,   0.5297,   0.5918,  49.0562,  49.0562,  49.0562,  49.8187
AL, 09, 2011082812,   , BEST,  72, 403N,  741W,  55,  963,   ,  50, NEQ,  150,  150,   80,   30, 1013,     , 100,     ,    ,    ,    ,    , 18,  23,     IRENE  ,  13,    2, 1, 1, 1, 1,    150.0,   86.5,   80.0,   30.0,    0.3982,   0.9476,   0.7065,   0.8627,   0.8634,  50.7447,  49.0562,  57.9587,  66.9410
